0 0.131836 0.963867 0.109375 0.0722656 
0 0.976562 0.784668 0.046875 0.0771484 
0 0.712402 0.981445 0.0849609 0.0371094 
0 0.312012 0.346191 0.0771484 0.0869141 
0 0.907227 0.0356445 0.0644531 0.0712891 
0 0.858398 0.343262 0.0800781 0.0849609 
0 0.560059 0.465332 0.114258 0.100586 
0 0.243652 0.279297 0.0712891 0.0683594 
0 0.267578 0.892578 0.0917969 0.142578 
0 0.964355 0.881836 0.0654297 0.0625 
0 0.709961 0.4375 0.09375 0.0976562 
0 0.922852 0.961914 0.0996094 0.0761719 
0 0.293945 0.686523 0.0683594 0.0683594 
0 0.147949 0.276367 0.104492 0.0664062 
0 0.174805 0.512695 0.103516 0.0761719 
0 0.482422 0.657227 0.121094 0.15625 
0 0.171387 0.336426 0.0712891 0.0888672 
0 0.323242 0.760742 0.0820312 0.105469 
0 0.597656 0.889648 0.138672 0.0742188 
0 0.206543 0.710938 0.0849609 0.078125 
0 0.787109 0.48291 0.105469 0.0927734 
0 0.659668 0.575195 0.100586 0.111328 
0 0.701172 0.832031 0.0976562 0.09375 
0 0.199707 0.175293 0.135742 0.0791016 
0 0.865723 0.050293 0.0732422 0.0966797 
0 0.857422 0.790039 0.0820312 0.140625 
0 0.770508 0.273926 0.0800781 0.151367 
0 0.0429688 0.0961914 0.0820312 0.137695 
0 0.706543 0.172363 0.219727 0.0830078 
0 0.0839844 0.394531 0.150391 0.121094 
0 0.106445 0.614258 0.0917969 0.0917969 
0 0.866211 0.189453 0.105469 0.125 
0 0.450195 0.240723 0.146484 0.186523 
