0 0.172363 0.0253906 0.0478516 0.0507812 
0 0.42627 0.923828 0.0986328 0.0742188 
0 0.175781 0.186523 0.0585938 0.0566406 
0 0.416504 0.84668 0.182617 0.0878906 
0 0.349609 0.219238 0.132812 0.0791016 
0 0.903809 0.945801 0.0810547 0.0947266 
0 0.478516 0.102051 0.0703125 0.0771484 
0 0.333496 0.692383 0.0615234 0.0683594 
0 0.543945 0.512207 0.0605469 0.141602 
0 0.679688 0.5625 0.0917969 0.144531 
0 0.759766 0.96875 0.0839844 0.0625 
0 0.146973 0.768555 0.125977 0.0761719 
0 0.643555 0.22998 0.136719 0.108398 
0 0.862305 0.222168 0.111328 0.0927734 
0 0.556641 0.146973 0.0703125 0.0693359 
0 0.226562 0.705566 0.0800781 0.0693359 
0 0.654297 0.725098 0.128906 0.100586 
0 0.955078 0.760742 0.0898438 0.103516 
0 0.45166 0.351074 0.186523 0.104492 
0 0.161133 0.325684 0.107422 0.116211 
0 0.963867 0.0830078 0.0722656 0.146484 
0 0.0595703 0.620117 0.117188 0.130859 
0 0.765625 0.509766 0.0976562 0.144531 
