0 0.686035 0.307129 0.0810547 0.0830078 
0 0.0195312 0.625 0.0390625 0.078125 
0 0.0400391 0.284668 0.0800781 0.0791016 
0 0.0395508 0.921875 0.0771484 0.0976562 
0 0.479004 0.295898 0.0595703 0.0644531 
0 0.797852 0.361328 0.0644531 0.0625 
0 0.808105 0.53125 0.0615234 0.0507812 
0 0.03125 0.476074 0.0625 0.0673828 
0 0.771484 0.855469 0.0820312 0.0546875 
0 0.442383 0.768555 0.0527344 0.107422 
0 0.69043 0.364258 0.0566406 0.0644531 
0 0.360352 0.975098 0.119141 0.0498047 
0 0.131348 0.59668 0.0888672 0.0644531 
0 0.572754 0.467773 0.0517578 0.0585938 
0 0.679199 0.844727 0.0751953 0.0605469 
0 0.910156 0.515625 0.0644531 0.0683594 
0 0.321777 0.391602 0.0615234 0.0683594 
0 0.883789 0.458496 0.0644531 0.0712891 
0 0.558105 0.884766 0.0771484 0.0625 
0 0.704102 0.506836 0.0820312 0.0546875 
0 0.968262 0.286621 0.0615234 0.12207 
0 0.82666 0.424316 0.0654297 0.0712891 
0 0.357422 0.726562 0.0625 0.0664062 
0 0.68457 0.230469 0.0605469 0.0859375 
0 0.953613 0.588867 0.0673828 0.0527344 
0 0.0273438 0.862305 0.0546875 0.0761719 
0 0.491699 0.37793 0.0517578 0.0722656 
0 0.976562 0.469727 0.046875 0.0683594 
0 0.772461 0.195801 0.0664062 0.0712891 
0 0.776367 0.694824 0.0644531 0.102539 
0 0.384766 0.816406 0.0703125 0.0703125 
0 0.854492 0.32666 0.0839844 0.0712891 
0 0.192871 0.328613 0.106445 0.112305 
0 0.459473 0.555664 0.0732422 0.0605469 
0 0.429199 0.182129 0.0732422 0.161133 
0 0.150391 0.683594 0.078125 0.0664062 
0 0.816895 0.765625 0.0771484 0.0625 
0 0.902344 0.883301 0.09375 0.0771484 
0 0.439941 0.478027 0.104492 0.0595703 
0 0.736328 0.923828 0.105469 0.0761719 
0 0.719727 0.645508 0.0625 0.0957031 
0 0.203613 0.402832 0.108398 0.0849609 
0 0.236816 0.865234 0.0966797 0.105469 
0 0.0839844 0.373535 0.0820312 0.15332 
0 0.571289 0.955078 0.09375 0.0859375 
0 0.0390625 0.772461 0.078125 0.109375 
0 0.161621 0.90332 0.112305 0.130859 
