0 0.341309 0.411133 0.0927734 0.0644531 
0 0.440918 0.0566406 0.0693359 0.0820312 
0 0.324707 0.213379 0.0888672 0.0537109 
0 0.315918 0.282227 0.106445 0.0683594 
0 0.652344 0.661133 0.0996094 0.0585938 
0 0.798828 0.300293 0.0664062 0.0791016 
0 0.962891 0.602539 0.0742188 0.0546875 
0 0.544922 0.442871 0.0625 0.0556641 
0 0.474121 0.470703 0.0595703 0.0664062 
0 0.766602 0.360352 0.09375 0.0566406 
0 0.359375 0.721191 0.0898438 0.0673828 
0 0.636719 0.484375 0.0644531 0.0585938 
0 0.114258 0.682617 0.0664062 0.0683594 
0 0.367188 0.920898 0.0898438 0.0683594 
0 0.418457 0.387695 0.0830078 0.0644531 
0 0.241699 0.0654297 0.0732422 0.0761719 
0 0.412598 0.250977 0.0849609 0.0761719 
0 0.465332 0.130371 0.0576172 0.0810547 
0 0.634766 0.387695 0.0625 0.0566406 
0 0.891602 0.913086 0.130859 0.0605469 
0 0.148926 0.529785 0.116211 0.0693359 
0 0.154785 0.951172 0.0771484 0.0664062 
0 0.903809 0.848633 0.192383 0.0722656 
0 0.414551 0.160156 0.0810547 0.0859375 
0 0.452148 0.569336 0.0683594 0.0878906 
0 0.0400391 0.579102 0.0800781 0.0722656 
0 0.0722656 0.931152 0.0820312 0.0732422 
0 0.231445 0.357422 0.0917969 0.0898438 
0 0.90918 0.456543 0.0996094 0.0791016 
0 0.558594 0.318848 0.0898438 0.104492 
0 0.725586 0.514648 0.0722656 0.0820312 
0 0.790039 0.619141 0.119141 0.125 
0 0.720703 0.732422 0.160156 0.109375 
0 0.543457 0.0756836 0.0634766 0.0888672 
0 0.666992 0.186035 0.0839844 0.125977 
