0 0.0297852 0.764648 0.0595703 0.0761719 
0 0.403809 0.974609 0.0791016 0.0507812 
0 0.433105 0.348633 0.0927734 0.0605469 
0 0.0229492 0.382812 0.0458984 0.101562 
0 0.523438 0.350586 0.0898438 0.0664062 
0 0.803711 0.443848 0.0957031 0.0888672 
0 0.651367 0.939453 0.0644531 0.0585938 
0 0.38623 0.509766 0.0673828 0.0625 
0 0.96875 0.352539 0.0585938 0.0605469 
0 0.924805 0.913574 0.09375 0.102539 
0 0.678711 0.56543 0.0644531 0.0605469 
0 0.916992 0.185059 0.0878906 0.0888672 
0 0.72168 0.431641 0.0664062 0.0839844 
0 0.970703 0.200195 0.0585938 0.0566406 
0 0.574707 0.271484 0.0751953 0.0820312 
0 0.816406 0.974609 0.0742188 0.0507812 
0 0.446289 0.477539 0.0722656 0.0957031 
0 0.320801 0.963867 0.108398 0.0605469 
0 0.708008 0.822266 0.0683594 0.0625 
0 0.767578 0.875 0.0585938 0.0625 
0 0.557617 0.80957 0.115234 0.0820312 
0 0.893066 0.365234 0.0673828 0.0585938 
0 0.246094 0.364746 0.0800781 0.0673828 
0 0.635742 0.862305 0.0566406 0.0878906 
0 0.353516 0.898438 0.109375 0.0839844 
0 0.153809 0.85791 0.145508 0.0830078 
0 0.0283203 0.100586 0.0566406 0.103516 
0 0.226562 0.725586 0.130859 0.0664062 
0 0.910156 0.290527 0.078125 0.0712891 
0 0.344238 0.0405273 0.116211 0.0810547 
