0 0.582031 0.374023 0.183594 0.0800781 
0 0.61084 0.654297 0.176758 0.117188 
0 0.167969 0.0366211 0.0546875 0.0732422 
0 0.0385742 0.526855 0.0771484 0.147461 
0 0.0581055 0.81543 0.116211 0.115234 
0 0.375977 0.112793 0.113281 0.225586 
0 0.787598 0.195312 0.149414 0.103516 
0 0.754883 0.420898 0.0800781 0.0742188 
0 0.144043 0.959961 0.104492 0.0800781 
0 0.945801 0.559082 0.0986328 0.426758 
0 0.722656 0.231934 0.101562 0.0966797 
0 0.494141 0.291016 0.144531 0.128906 
0 0.791504 0.727051 0.27832 0.178711 
0 0.32666 0.573242 0.22168 0.0878906 
0 0.342773 0.42334 0.232422 0.106445 
0 0.547363 0.875 0.178711 0.115234 
0 0.137695 0.180664 0.117188 0.119141 
0 0.191406 0.896484 0.117188 0.111328 
0 0.791992 0.930176 0.09375 0.139648 
0 0.168457 0.770996 0.118164 0.176758 
0 0.0864258 0.0566406 0.104492 0.113281 
