0 0.0610352 0.650391 0.0830078 0.164062 
0 0.291016 0.0991211 0.0703125 0.106445 
0 0.981445 0.814453 0.0371094 0.101562 
0 0.808594 0.84082 0.111328 0.132812 
0 0.100098 0.0537109 0.0888672 0.107422 
0 0.838379 0.588867 0.0810547 0.0761719 
0 0.898438 0.737305 0.105469 0.0761719 
0 0.892578 0.174316 0.0820312 0.0908203 
0 0.905273 0.973633 0.0859375 0.0527344 
0 0.771973 0.0361328 0.0732422 0.0722656 
0 0.0795898 0.393066 0.0791016 0.0673828 
0 0.185547 0.256348 0.078125 0.125977 
0 0.682617 0.633789 0.0527344 0.126953 
0 0.757324 0.143066 0.15332 0.0791016 
0 0.400879 0.798828 0.0888672 0.171875 
0 0.135742 0.455078 0.0878906 0.0898438 
0 0.0849609 0.245117 0.126953 0.126953 
0 0.96875 0.353516 0.0625 0.138672 
0 0.571289 0.576172 0.0644531 0.0625 
0 0.224121 0.731445 0.0771484 0.158203 
0 0.856445 0.391113 0.0644531 0.12793 
0 0.570312 0.237305 0.230469 0.0761719 
0 0.678711 0.389648 0.154297 0.0722656 
0 0.45459 0.745117 0.112305 0.123047 
0 0.738281 0.571777 0.078125 0.135742 
0 0.18457 0.586914 0.0839844 0.134766 
0 0.458984 0.578125 0.0859375 0.109375 
0 0.810059 0.269043 0.15332 0.0751953 
0 0.669922 0.776855 0.0742188 0.110352 
