0 0.938965 0.62207 0.0732422 0.154297 
0 0.043457 0.288574 0.0849609 0.0791016 
0 0.206543 0.287109 0.133789 0.09375 
0 0.611328 0.183594 0.113281 0.09375 
0 0.837402 0.553711 0.0771484 0.0683594 
0 0.58252 0.5625 0.0908203 0.175781 
0 0.183105 0.957031 0.276367 0.0820312 
0 0.0849609 0.0356445 0.111328 0.0712891 
0 0.454102 0.584961 0.0878906 0.107422 
0 0.430664 0.117676 0.117188 0.235352 
0 0.189941 0.386719 0.15332 0.0742188 
0 0.757812 0.926758 0.160156 0.113281 
0 0.516113 0.710938 0.0869141 0.105469 
0 0.131836 0.857422 0.162109 0.109375 
0 0.46875 0.826172 0.09375 0.0703125 
0 0.315918 0.861328 0.0947266 0.09375 
0 0.757812 0.577637 0.121094 0.192383 
0 0.604492 0.422852 0.0917969 0.224609 
0 0.961914 0.132812 0.0761719 0.171875 
