0 0.0185547 0.11084 0.0371094 0.0908203 
0 0.503906 0.0351562 0.0957031 0.0703125 
0 0.830078 0.0751953 0.15625 0.0722656 
0 0.542969 0.191895 0.0625 0.0654297 
0 0.18457 0.251465 0.142578 0.0595703 
0 0.612305 0.265625 0.0957031 0.0722656 
0 0.78418 0.856445 0.0820312 0.166016 
0 0.490723 0.808594 0.0849609 0.117188 
0 0.919922 0.563477 0.15625 0.0800781 
0 0.32959 0.394043 0.114258 0.0830078 
0 0.945801 0.263672 0.108398 0.0625 
0 0.326172 0.120117 0.078125 0.134766 
0 0.726562 0.0175781 0.0898438 0.0351562 
0 0.321777 0.547852 0.0888672 0.0878906 
0 0.0712891 0.54541 0.0976562 0.0771484 
0 0.230469 0.0327148 0.109375 0.0654297 
0 0.732422 0.240723 0.113281 0.0791016 
0 0.708008 0.707031 0.130859 0.107422 
0 0.494141 0.72168 0.0585938 0.0917969 
0 0.651367 0.976074 0.0917969 0.0478516 
0 0.714844 0.0864258 0.0625 0.0849609 
0 0.134277 0.724609 0.0830078 0.111328 
0 0.90332 0.145508 0.119141 0.0605469 
0 0.25293 0.675781 0.171875 0.117188 
0 0.632324 0.14209 0.0869141 0.0791016 
0 0.913086 0.645508 0.142578 0.160156 
0 0.395508 0.334473 0.0722656 0.125977 
0 0.35791 0.871094 0.120117 0.105469 
0 0.423828 0.729492 0.0546875 0.109375 
0 0.736328 0.607422 0.0820312 0.125 
0 0.765625 0.523926 0.0839844 0.139648 
0 0.102051 0.379883 0.0986328 0.0683594 
0 0.0439453 0.859375 0.0859375 0.0859375 
0 0.774414 0.331055 0.162109 0.0742188 
0 0.549805 0.464844 0.150391 0.132812 
0 0.42627 0.192383 0.0830078 0.148438 
0 0.10791 0.953125 0.0947266 0.09375 
0 0.537109 0.604004 0.128906 0.151367 
0 0.583984 0.956055 0.0859375 0.0859375 
0 0.0444336 0.470703 0.0869141 0.0976562 
0 0.955078 0.463379 0.0859375 0.151367 
