0 0.851562 0.288574 0.121094 0.0654297 
0 0.264648 0.255859 0.107422 0.0625 
0 0.793945 0.719238 0.0605469 0.0771484 
0 0.356445 0.410156 0.189453 0.078125 
0 0.489258 0.768555 0.0722656 0.0546875 
0 0.253906 0.335938 0.0664062 0.0703125 
0 0.0498047 0.782227 0.0722656 0.0683594 
0 0.632812 0.351074 0.0605469 0.0673828 
0 0.793457 0.21582 0.0888672 0.103516 
0 0.139648 0.824219 0.0820312 0.0625 
0 0.943359 0.756836 0.113281 0.134766 
0 0.847656 0.844727 0.078125 0.201172 
0 0.476562 0.872559 0.078125 0.0673828 
0 0.54541 0.211426 0.147461 0.0634766 
0 0.143066 0.746094 0.118164 0.0664062 
0 0.599609 0.753906 0.142578 0.0976562 
0 0.445312 0.358398 0.0703125 0.0957031 
0 0.834961 0.40332 0.201172 0.0957031 
0 0.322266 0.306152 0.0664062 0.12207 
0 0.960938 0.676758 0.078125 0.0507812 
0 0.353027 0.204102 0.0986328 0.0566406 
0 0.106934 0.484863 0.0791016 0.0849609 
0 0.350586 0.627441 0.0683594 0.202148 
0 0.4375 0.265137 0.0644531 0.0693359 
0 0.0566406 0.356934 0.111328 0.102539 
0 0.234375 0.918945 0.160156 0.0917969 
0 0.913574 0.907715 0.0556641 0.145508 
0 0.239746 0.410156 0.141602 0.203125 
0 0.734375 0.0859375 0.134766 0.164062 
0 0.413086 0.0791016 0.0957031 0.158203 
0 0.0463867 0.682617 0.0830078 0.130859 
0 0.761719 0.952148 0.0625 0.0957031 
