0 0.883301 0.121094 0.0712891 0.0898438 
0 0.576172 0.972168 0.0820312 0.0556641 
0 0.789062 0.271484 0.09375 0.152344 
0 0.344727 0.637207 0.142578 0.112305 
0 0.100586 0.289062 0.0722656 0.0664062 
0 0.850586 0.470703 0.0605469 0.0703125 
0 0.180176 0.193848 0.149414 0.0908203 
0 0.297852 0.0766602 0.0800781 0.0712891 
0 0.0493164 0.742676 0.0966797 0.0986328 
0 0.0371094 0.635742 0.0742188 0.0957031 
0 0.816406 0.546875 0.144531 0.0761719 
0 0.855469 0.729004 0.136719 0.0830078 
0 0.112793 0.864258 0.135742 0.119141 
0 0.743164 0.0615234 0.0800781 0.111328 
0 0.242188 0.584961 0.0800781 0.158203 
0 0.541016 0.396484 0.0859375 0.136719 
0 0.0556641 0.120605 0.107422 0.143555 
0 0.955566 0.930664 0.0888672 0.132812 
