0 0.727539 0.650391 0.0644531 0.0585938 
0 0.722656 0.717773 0.0859375 0.0722656 
0 0.240723 0.754883 0.0849609 0.0644531 
0 0.693848 0.539551 0.0595703 0.0791016 
0 0.512695 0.034668 0.0683594 0.0654297 
0 0.678711 0.869629 0.0917969 0.0751953 
0 0.0732422 0.133301 0.119141 0.102539 
0 0.875 0.294922 0.0683594 0.0800781 
0 0.452148 0.602539 0.154297 0.0800781 
0 0.855469 0.841797 0.109375 0.0820312 
0 0.842773 0.544434 0.101562 0.0771484 
0 0.896973 0.435059 0.0927734 0.0849609 
0 0.69043 0.424316 0.0839844 0.0712891 
0 0.669922 0.0908203 0.0820312 0.0800781 
0 0.108398 0.327148 0.0878906 0.0878906 
0 0.578125 0.567383 0.0898438 0.0878906 
0 0.13916 0.955078 0.0966797 0.0878906 
0 0.575684 0.732422 0.100586 0.0898438 
0 0.954102 0.597656 0.0800781 0.0859375 
0 0.302734 0.392578 0.0820312 0.0820312 
0 0.20752 0.65918 0.114258 0.123047 
0 0.111816 0.456055 0.0849609 0.0820312 
0 0.556641 0.333984 0.0976562 0.0976562 
0 0.520508 0.198242 0.0800781 0.0917969 
0 0.738281 0.286621 0.117188 0.0869141 
0 0.288574 0.962891 0.102539 0.0742188 
0 0.633789 0.958984 0.0800781 0.0800781 
0 0.386719 0.138184 0.0859375 0.0966797 
0 0.0400391 0.627441 0.078125 0.108398 
