0 0.604492 0.135254 0.0683594 0.0771484 
0 0.65332 0.884766 0.0878906 0.0859375 
0 0.0229492 0.175293 0.0458984 0.0712891 
0 0.326172 0.65625 0.09375 0.0625 
0 0.510742 0.280273 0.0800781 0.0722656 
0 0.621582 0.676758 0.0732422 0.0800781 
0 0.245605 0.572266 0.0791016 0.0917969 
0 0.0249023 0.433105 0.0498047 0.0791016 
0 0.222168 0.865234 0.0732422 0.0664062 
0 0.516602 0.792969 0.0898438 0.0761719 
0 0.349609 0.95752 0.113281 0.0849609 
0 0.0390625 0.118164 0.078125 0.0664062 
0 0.914062 0.159668 0.0664062 0.0810547 
0 0.143555 0.577148 0.0996094 0.0644531 
0 0.861816 0.822266 0.0869141 0.0664062 
0 0.975586 0.678223 0.0488281 0.0654297 
0 0.958008 0.776367 0.0839844 0.0722656 
0 0.844727 0.758789 0.078125 0.0644531 
0 0.194336 0.928223 0.177734 0.141602 
0 0.164551 0.804688 0.129883 0.0625 
0 0.0249023 0.645996 0.0498047 0.0830078 
0 0.85498 0.669434 0.0771484 0.0673828 
0 0.832031 0.311523 0.0820312 0.0625 
0 0.959961 0.540527 0.0800781 0.125977 
0 0.70752 0.113281 0.0732422 0.0820312 
0 0.411133 0.827148 0.0800781 0.310547 
0 0.822754 0.962891 0.0732422 0.0742188 
