0 0.293945 0.165527 0.0800781 0.0419922 
0 0.475586 0.819336 0.0859375 0.0410156 
0 0.65918 0.833984 0.0527344 0.0351562 
0 0.346191 0.408203 0.0986328 0.0605469 
0 0.227051 0.988281 0.114258 0.0234375 
0 0.806152 0.400879 0.0810547 0.0458984 
0 0.428711 0.45459 0.0585938 0.0380859 
0 0.990234 0.490234 0.0195312 0.0546875 
0 0.36377 0.58252 0.0869141 0.0537109 
0 0.144043 0.49707 0.0830078 0.0371094 
0 0.868652 0.423828 0.0732422 0.0351562 
0 0.447266 0.391602 0.103516 0.0410156 
0 0.065918 0.634766 0.0712891 0.0253906 
0 0.816895 0.506836 0.12207 0.0449219 
0 0.470215 0.125488 0.0927734 0.0615234 
0 0.722656 0.346191 0.125 0.0439453 
0 0.159668 0.635254 0.0849609 0.0478516 
0 0.70459 0.373535 0.0849609 0.0517578 
0 0.196289 0.464844 0.121094 0.0546875 
0 0.737305 0.80127 0.0644531 0.0361328 
0 0.119141 0.576172 0.0898438 0.03125 
0 0.913086 0.59668 0.0800781 0.0371094 
0 0.308594 0.353516 0.0976562 0.0449219 
0 0.272461 0.794922 0.0917969 0.0429688 
0 0.662109 0.509766 0.078125 0.0371094 
0 0.242676 0.87793 0.0693359 0.0371094 
0 0.873047 0.312988 0.109375 0.0654297 
0 0.221191 0.641113 0.0947266 0.0615234 
0 0.872559 0.120605 0.0478516 0.0576172 
0 0.606934 0.768066 0.100586 0.0419922 
0 0.245605 0.172852 0.0986328 0.046875 
0 0.446777 0.831055 0.0810547 0.0390625 
0 0.422852 0.267578 0.103516 0.0390625 
0 0.443848 0.0800781 0.0810547 0.0429688 
0 0.916504 0.775391 0.12207 0.0546875 
0 0.703613 0.90625 0.0947266 0.0488281 
0 0.121582 0.699219 0.0927734 0.0351562 
0 0.682129 0.744141 0.0654297 0.0351562 
0 0.69043 0.9375 0.0839844 0.046875 
0 0.166992 0.748535 0.0917969 0.0341797 
0 0.317383 0.510254 0.0585938 0.0498047 
0 0.376465 0.0678711 0.0908203 0.0869141 
0 0.956055 0.702148 0.0605469 0.0488281 
0 0.81543 0.576172 0.0488281 0.0507812 
0 0.519043 0.681641 0.0751953 0.0351562 
0 0.754883 0.571289 0.0957031 0.0566406 
0 0.249023 0.0717773 0.107422 0.0361328 
0 0.0439453 0.97168 0.0878906 0.0566406 
0 0.893555 0.980469 0.0566406 0.0390625 
0 0.522949 0.600586 0.118164 0.0527344 
0 0.900391 0.46582 0.105469 0.0625 
0 0.293457 0.767578 0.0849609 0.0585938 
0 0.225098 0.34668 0.0732422 0.0566406 
0 0.59375 0.492188 0.0585938 0.0566406 
0 0.811035 0.755859 0.0966797 0.0644531 
0 0.677734 0.443848 0.0664062 0.0498047 
0 0.833984 0.246582 0.0546875 0.110352 
0 0.420898 0.229492 0.0722656 0.0644531 
0 0.219238 0.114746 0.108398 0.0517578 
0 0.0385742 0.241699 0.0771484 0.0927734 
0 0.140625 0.813965 0.125 0.0615234 
0 0.583008 0.0341797 0.0917969 0.0644531 
0 0.88623 0.0385742 0.0751953 0.0771484 
0 0.0683594 0.394531 0.123047 0.09375 
