0 0.771484 0.208984 0.0859375 0.0839844 
0 0.724609 0.212402 0.109375 0.0927734 
0 0.851562 0.253906 0.101562 0.0820312 
0 0.0620117 0.910156 0.0771484 0.0820312 
0 0.894531 0.764648 0.0742188 0.0996094 
0 0.772949 0.365234 0.141602 0.0664062 
0 0.833008 0.13623 0.115234 0.0947266 
0 0.701172 0.0541992 0.0703125 0.0751953 
0 0.74707 0.0507812 0.0644531 0.101562 
0 0.0839844 0.804688 0.0976562 0.0820312 
0 0.217285 0.140137 0.0673828 0.0791016 
0 0.257812 0.53125 0.0800781 0.0585938 
0 0.835938 0.0498047 0.105469 0.0996094 
0 0.6875 0.571777 0.0957031 0.0830078 
0 0.120117 0.458984 0.0878906 0.0546875 
0 0.938477 0.452148 0.0566406 0.0957031 
0 0.566406 0.325195 0.0800781 0.0644531 
0 0.828125 0.229004 0.126953 0.0966797 
0 0.0766602 0.66748 0.0908203 0.0732422 
0 0.108887 0.177734 0.0634766 0.0742188 
0 0.550781 0.426758 0.0761719 0.0625 
0 0.174316 0.176758 0.0810547 0.119141 
0 0.973633 0.120605 0.0527344 0.104492 
0 0.729004 0.150391 0.0986328 0.0664062 
0 0.791016 0.508789 0.171875 0.0761719 
0 0.297852 0.270508 0.0996094 0.132812 
0 0.166016 0.62207 0.0898438 0.0761719 
0 0.0439453 0.229004 0.0644531 0.104492 
0 0.947266 0.0375977 0.0683594 0.0751953 
