0 0.0249023 0.963867 0.0498047 0.0722656 
0 0.570801 0.0429688 0.0654297 0.0644531 
0 0.150391 0.790527 0.0449219 0.0947266 
0 0.135742 0.302734 0.0839844 0.132812 
0 0.96582 0.648438 0.0683594 0.109375 
0 0.0332031 0.728516 0.0664062 0.0585938 
0 0.0571289 0.105957 0.0537109 0.0458984 
0 0.27002 0.856934 0.0654297 0.0361328 
0 0.518555 0.525879 0.0703125 0.0654297 
0 0.283203 0.107422 0.0644531 0.0820312 
0 0.904297 0.427734 0.0996094 0.0625 
0 0.484863 0.475098 0.104492 0.0478516 
0 0.157227 0.853516 0.0566406 0.0429688 
0 0.385254 0.411621 0.100586 0.0791016 
0 0.705078 0.330078 0.0664062 0.113281 
0 0.695312 0.852539 0.0917969 0.0449219 
0 0.850098 0.972656 0.0966797 0.0546875 
0 0.260254 0.783691 0.0634766 0.0458984 
0 0.429688 0.979492 0.0898438 0.0410156 
0 0.320312 0.797852 0.0722656 0.0351562 
0 0.597656 0.132324 0.0703125 0.0615234 
0 0.253418 0.165039 0.112305 0.0839844 
0 0.111816 0.0581055 0.143555 0.0615234 
0 0.189941 0.722656 0.0810547 0.0664062 
0 0.522461 0.748047 0.0683594 0.046875 
0 0.787109 0.182129 0.0625 0.114258 
0 0.0756836 0.209961 0.106445 0.0605469 
0 0.973633 0.975586 0.0527344 0.0488281 
0 0.470215 0.367188 0.0556641 0.0722656 
0 0.851562 0.316406 0.0625 0.0917969 
0 0.965332 0.0957031 0.0693359 0.0664062 
0 0.560547 0.94043 0.078125 0.09375 
0 0.207031 0.157715 0.0703125 0.0849609 
0 0.0864258 0.731934 0.0849609 0.0771484 
0 0.889648 0.288086 0.142578 0.128906 
0 0.363281 0.90332 0.046875 0.0683594 
0 0.342773 0.170898 0.0976562 0.0917969 
0 0.118164 0.483887 0.0800781 0.0537109 
0 0.486816 0.898926 0.0830078 0.0712891 
0 0.812988 0.090332 0.0830078 0.0966797 
0 0.0888672 0.663086 0.0878906 0.0761719 
0 0.583008 0.839844 0.0957031 0.0605469 
0 0.257812 0.438477 0.0605469 0.0800781 
0 0.760742 0.770508 0.0644531 0.0800781 
0 0.817383 0.430176 0.107422 0.0849609 
0 0.609375 0.541992 0.078125 0.0839844 
0 0.302734 0.951172 0.111328 0.0976562 
0 0.912109 0.254395 0.078125 0.0771484 
0 0.347168 0.300781 0.0927734 0.0976562 
0 0.427734 0.936035 0.0917969 0.0888672 
0 0.566895 0.353516 0.0751953 0.109375 
0 0.718262 0.928711 0.102539 0.107422 
0 0.642578 0.715332 0.0703125 0.0966797 
0 0.15625 0.208984 0.0703125 0.078125 
0 0.101562 0.395996 0.105469 0.118164 
