0 0.48584 0.787109 0.0556641 0.0957031 
0 0.447266 0.427734 0.0605469 0.0859375 
0 0.526367 0.328613 0.0683594 0.0693359 
0 0.942871 0.775391 0.0849609 0.0507812 
0 0.134766 0.967773 0.0664062 0.0644531 
0 0.603516 0.657227 0.0976562 0.0605469 
0 0.425781 0.0205078 0.078125 0.0410156 
0 0.693359 0.23877 0.0507812 0.0791016 
0 0.339844 0.884277 0.0703125 0.0478516 
0 0.182129 0.253906 0.0498047 0.0761719 
0 0.271973 0.635742 0.0576172 0.0605469 
0 0.96582 0.276367 0.0683594 0.0683594 
0 0.661133 0.0415039 0.0976562 0.0830078 
