0 0.38916 0.21582 0.0595703 0.0664062 
0 0.0126953 0.288086 0.0253906 0.0839844 
0 0.321777 0.978027 0.0751953 0.0439453 
0 0.874023 0.717773 0.0742188 0.0996094 
0 0.347168 0.537109 0.0888672 0.0664062 
0 0.664062 0.220215 0.0546875 0.0576172 
0 0.405273 0.560547 0.0722656 0.0742188 
0 0.347168 0.24707 0.0947266 0.0957031 
0 0.0419922 0.0864258 0.0761719 0.0673828 
0 0.362305 0.308105 0.0722656 0.0615234 
0 0.86377 0.015625 0.0615234 0.03125 
0 0.163086 0.0263672 0.078125 0.0527344 
0 0.636719 0.764648 0.0625 0.0898438 
0 0.104492 0.969727 0.0683594 0.0605469 
0 0.249023 0.461914 0.0683594 0.0722656 
0 0.744629 0.129395 0.0849609 0.0751953 
0 0.35498 0.75 0.0673828 0.0664062 
0 0.148926 0.936523 0.0810547 0.0761719 
0 0.831055 0.567383 0.0644531 0.105469 
0 0.244141 0.138672 0.0703125 0.0800781 
0 0.125977 0.540527 0.0683594 0.0634766 
0 0.955078 0.952148 0.0625 0.0800781 
0 0.166504 0.566895 0.102539 0.0791016 
0 0.331055 0.906738 0.0722656 0.0654297 
0 0.938477 0.0253906 0.0761719 0.0507812 
0 0.714355 0.615723 0.0654297 0.0576172 
0 0.256348 0.970215 0.0693359 0.0595703 
0 0.645996 0.0200195 0.0712891 0.0400391 
0 0.595703 0.0864258 0.0761719 0.0634766 
0 0.730469 0.404297 0.101562 0.0898438 
0 0.893555 0.594238 0.0703125 0.0654297 
0 0.275391 0.56543 0.0820312 0.0722656 
0 0.743164 0.973633 0.0800781 0.0527344 
0 0.078125 0.676758 0.09375 0.0722656 
0 0.966797 0.449219 0.0625 0.0625 
0 0.700195 0.668945 0.0722656 0.0683594 
0 0.300781 0.151855 0.0742188 0.0830078 
0 0.763672 0.841309 0.0820312 0.0791016 
0 0.543457 0.646484 0.0888672 0.0820312 
0 0.720703 0.244629 0.0703125 0.102539 
0 0.965332 0.776367 0.0693359 0.0800781 
0 0.334961 0.460449 0.0976562 0.0791016 
0 0.486328 0.442871 0.0683594 0.0830078 
0 0.71582 0.491211 0.0917969 0.0722656 
0 0.833496 0.949219 0.0693359 0.0703125 
0 0.678711 0.0820312 0.0703125 0.0742188 
0 0.795898 0.0883789 0.0722656 0.0869141 
0 0.213867 0.294434 0.0800781 0.0849609 
