0 0.924316 0.0361328 0.120117 0.0722656 
0 0.770508 0.980469 0.0800781 0.0390625 
0 0.957031 0.0722656 0.0859375 0.0878906 
0 0.0302734 0.0185547 0.0605469 0.0371094 
0 0.873047 0.176758 0.0898438 0.078125 
0 0.191406 0.639648 0.160156 0.126953 
0 0.838867 0.928711 0.0800781 0.0644531 
0 0.892578 0.746094 0.140625 0.0644531 
0 0.856445 0.97998 0.107422 0.0400391 
0 0.0849609 0.814941 0.0957031 0.0771484 
0 0.165039 0.0195312 0.119141 0.0390625 
0 0.675781 0.415039 0.101562 0.078125 
0 0.608398 0.45166 0.0917969 0.0869141 
0 0.837402 0.0834961 0.0869141 0.0927734 
0 0.384766 0.185547 0.078125 0.0917969 
0 0.0449219 0.881348 0.0898438 0.0732422 
0 0.459961 0.160645 0.0996094 0.0791016 
0 0.179199 0.402832 0.102539 0.118164 
0 0.919922 0.197266 0.160156 0.144531 
0 0.697266 0.620117 0.109375 0.0878906 
0 0.701172 0.0908203 0.113281 0.142578 
0 0.937012 0.638672 0.125977 0.101562 
0 0.837891 0.569336 0.152344 0.0761719 
0 0.744141 0.244629 0.0820312 0.124023 
