0 0.628906 0.305664 0.0585938 0.103516 
0 0.259277 0.555664 0.0458984 0.0761719 
0 0.850586 0.986328 0.0605469 0.0273438 
0 0.274414 0.278809 0.0878906 0.0654297 
0 0.0239258 0.331055 0.0478516 0.0429688 
0 0.479492 0.53125 0.0820312 0.0390625 
0 0.329102 0.120117 0.0742188 0.0449219 
0 0.976562 0.936523 0.046875 0.0566406 
0 0.724609 0.643555 0.0546875 0.0585938 
0 0.685059 0.363281 0.0380859 0.15625 
0 0.701172 0.333496 0.0566406 0.106445 
0 0.87793 0.0668945 0.0371094 0.131836 
0 0.978516 0.500977 0.0429688 0.0859375 
0 0.42041 0.91748 0.0439453 0.0537109 
0 0.982422 0.230469 0.0351562 0.109375 
0 0.265137 0.339844 0.0751953 0.166016 
0 0.33252 0.791992 0.0712891 0.0761719 
0 0.339355 0.960938 0.0576172 0.0390625 
0 0.966797 0.0566406 0.0273438 0.0898438 
0 0.720703 0.476074 0.0664062 0.0478516 
0 0.59375 0.633301 0.0976562 0.0498047 
0 0.143066 0.0576172 0.0341797 0.0761719 
0 0.522461 0.194824 0.0351562 0.118164 
0 0.138184 0.868164 0.0869141 0.0488281 
0 0.163574 0.759766 0.0869141 0.0410156 
0 0.944336 0.475586 0.0449219 0.0800781 
0 0.499023 0.364258 0.0566406 0.0761719 
0 0.386719 0.709473 0.0390625 0.0869141 
0 0.0336914 0.621094 0.0673828 0.105469 
0 0.570312 0.875488 0.0917969 0.0419922 
0 0.608398 0.0195312 0.0917969 0.0390625 
0 0.0791016 0.389648 0.0800781 0.0585938 
0 0.591797 0.339844 0.0917969 0.0742188 
0 0.868164 0.400391 0.0429688 0.078125 
0 0.670898 0.452148 0.0527344 0.126953 
0 0.322266 0.714844 0.0742188 0.15625 
0 0.342773 0.402832 0.107422 0.0888672 
0 0.72168 0.12793 0.0742188 0.0859375 
0 0.0253906 0.930664 0.0507812 0.0917969 
0 0.871094 0.815918 0.0546875 0.0791016 
0 0.775391 0.64209 0.0820312 0.0810547 
0 0.643555 0.765137 0.0683594 0.0751953 
0 0.461914 0.0976562 0.111328 0.0761719 
0 0.503906 0.334961 0.0800781 0.0644531 
0 0.165039 0.450684 0.0957031 0.0654297 
0 0.817383 0.433594 0.0488281 0.109375 
0 0.500488 0.679199 0.0966797 0.0537109 
0 0.244141 0.090332 0.0703125 0.0908203 
0 0.490234 0.799805 0.0664062 0.0839844 
0 0.55957 0.96582 0.107422 0.0683594 
0 0.0849609 0.495117 0.0839844 0.0878906 
0 0.950195 0.60498 0.0820312 0.0732422 
0 0.856445 0.289551 0.0703125 0.120117 
0 0.486816 0.458984 0.102539 0.132812 
