0 0.249023 0.829102 0.0742188 0.0527344 
0 0.0214844 0.889648 0.0429688 0.0683594 
0 0.519531 0.691406 0.0703125 0.0605469 
0 0.652832 0.635742 0.0673828 0.0683594 
0 0.0898438 0.291504 0.0761719 0.0556641 
0 0.953125 0.891602 0.0839844 0.0527344 
0 0.975586 0.772461 0.0488281 0.0722656 
0 0.402344 0.361816 0.0664062 0.0830078 
0 0.234375 0.883789 0.0664062 0.0449219 
0 0.124512 0.20459 0.0673828 0.0673828 
0 0.607422 0.0351562 0.078125 0.0683594 
0 0.642578 0.368164 0.105469 0.0683594 
0 0.193848 0.416992 0.0654297 0.0683594 
0 0.683594 0.940918 0.0820312 0.0615234 
0 0.125977 0.370605 0.0644531 0.0595703 
0 0.202637 0.800781 0.0673828 0.0625 
0 0.380859 0.743164 0.0859375 0.0683594 
0 0.227051 0.119141 0.0810547 0.078125 
0 0.0644531 0.200684 0.0722656 0.0615234 
0 0.360352 0.672363 0.0917969 0.0673828 
0 0.333984 0.479004 0.0722656 0.0595703 
0 0.721191 0.263184 0.118164 0.0849609 
0 0.378906 0.150879 0.0703125 0.0576172 
0 0.0200195 0.261719 0.0400391 0.0683594 
0 0.116211 0.455566 0.0683594 0.0693359 
0 0.954102 0.108887 0.0800781 0.0556641 
0 0.396973 0.922852 0.0791016 0.0527344 
0 0.844727 0.208984 0.0859375 0.0605469 
0 0.295898 0.400879 0.0996094 0.0615234 
0 0.775391 0.5625 0.0878906 0.0859375 
0 0.868652 0.340332 0.102539 0.0615234 
0 0.0922852 0.942383 0.0830078 0.0605469 
0 0.557617 0.384766 0.0917969 0.09375 
0 0.956055 0.0205078 0.0683594 0.0410156 
0 0.519043 0.762695 0.112305 0.0722656 
0 0.550293 0.0810547 0.0732422 0.0800781 
0 0.871582 0.414062 0.0830078 0.0664062 
0 0.412598 0.0961914 0.0634766 0.0537109 
0 0.734375 0.974609 0.0742188 0.0507812 
0 0.597168 0.703125 0.0888672 0.0625 
0 0.762695 0.649902 0.0839844 0.0556641 
0 0.927734 0.839844 0.105469 0.0585938 
0 0.231934 0.953613 0.0830078 0.0673828 
0 0.733398 0.157227 0.0703125 0.0761719 
0 0.113281 0.621094 0.0664062 0.0703125 
0 0.624023 0.171875 0.0644531 0.0664062 
0 0.289551 0.291992 0.0849609 0.0722656 
0 0.498047 0.164551 0.0976562 0.0732422 
