0 0.893555 0.0136719 0.0644531 0.0273438 
0 0.78418 0.341797 0.142578 0.0390625 
0 0.0195312 0.713379 0.0390625 0.0439453 
0 0.471191 0.532227 0.102539 0.0566406 
0 0.12793 0.0307617 0.115234 0.0458984 
0 0.027832 0.235352 0.0556641 0.0390625 
0 0.34375 0.869141 0.103516 0.0429688 
0 0.972656 0.550781 0.0546875 0.0390625 
0 0.891113 0.912109 0.118164 0.0332031 
0 0.707031 0.989258 0.105469 0.0214844 
0 0.733398 0.365723 0.0996094 0.0224609 
0 0.887695 0.937988 0.134766 0.0400391 
0 0.0415039 0.571289 0.0830078 0.0527344 
0 0.827148 0.0688477 0.0800781 0.0439453 
0 0.714355 0.898438 0.12793 0.0390625 
0 0.370117 0.808594 0.136719 0.0351562 
0 0.0395508 0.972656 0.0791016 0.0429688 
0 0.938477 0.678223 0.121094 0.0419922 
0 0.26709 0.537598 0.0986328 0.0322266 
0 0.0332031 0.319824 0.0664062 0.0400391 
0 0.0703125 0.560059 0.126953 0.0498047 
0 0.947266 0.591797 0.105469 0.0546875 
0 0.803223 0.269531 0.0869141 0.0410156 
0 0.594727 0.297852 0.138672 0.0605469 
0 0.0766602 0.908691 0.149414 0.0400391 
0 0.628906 0.240234 0.152344 0.0410156 
0 0.655762 0.839355 0.125977 0.0439453 
0 0.178711 0.982422 0.160156 0.0351562 
0 0.411621 0.851074 0.116211 0.0419922 
0 0.868164 0.425781 0.119141 0.0429688 
0 0.205566 0.559082 0.129883 0.0673828 
0 0.874512 0.853516 0.108398 0.0371094 
0 0.592285 0.765625 0.157227 0.078125 
0 0.744141 0.0610352 0.117188 0.0498047 
0 0.779297 0.294434 0.130859 0.0791016 
0 0.318848 0.924805 0.12207 0.0410156 
0 0.0820312 0.845703 0.160156 0.0507812 
0 0.974609 0.0639648 0.0507812 0.0712891 
0 0.0634766 0.791016 0.125 0.046875 
0 0.430176 0.307617 0.120117 0.0449219 
0 0.171387 0.833008 0.120117 0.0488281 
0 0.187988 0.461426 0.163086 0.0537109 
0 0.858398 0.25293 0.0996094 0.0566406 
0 0.358398 0.712891 0.130859 0.0507812 
0 0.961914 0.181152 0.0761719 0.0634766 
0 0.567383 0.0229492 0.0898438 0.0439453 
0 0.793945 0.489258 0.126953 0.0605469 
0 0.0683594 0.12207 0.136719 0.078125 
0 0.504883 0.899414 0.136719 0.0488281 
0 0.519531 0.216309 0.0820312 0.0615234 
0 0.0844727 0.169922 0.0908203 0.0390625 
0 0.568359 0.156738 0.09375 0.0576172 
0 0.195801 0.59375 0.0986328 0.046875 
0 0.0512695 0.201172 0.0830078 0.0527344 
