0 0.828613 0.724121 0.0537109 0.0478516 
0 0.958008 0.919922 0.0371094 0.160156 
0 0.82666 0.544922 0.0537109 0.0410156 
0 0.787598 0.833008 0.100586 0.0488281 
0 0.458984 0.268555 0.0390625 0.134766 
0 0.421387 0.861328 0.0810547 0.046875 
0 0.840332 0.0600586 0.0498047 0.118164 
0 0.0449219 0.0786133 0.0898438 0.0888672 
0 0.664062 0.26416 0.078125 0.0458984 
0 0.980957 0.706055 0.0380859 0.0722656 
0 0.630859 0.495605 0.0585938 0.0458984 
0 0.553223 0.509277 0.125977 0.0478516 
0 0.970703 0.483398 0.0585938 0.0527344 
0 0.789062 0.234375 0.0507812 0.214844 
0 0.101074 0.550781 0.0888672 0.046875 
0 0.661133 0.100586 0.0253906 0.0761719 
0 0.723633 0.0317383 0.0449219 0.0634766 
0 0.760254 0.378418 0.0380859 0.0712891 
0 0.308594 0.502441 0.111328 0.0888672 
0 0.135254 0.289062 0.0654297 0.121094 
0 0.686523 0.512207 0.0761719 0.0693359 
0 0.333008 0.0224609 0.0820312 0.0449219 
0 0.115723 0.887695 0.15918 0.0488281 
0 0.438477 0.962891 0.128906 0.0722656 
0 0.267578 0.351562 0.0546875 0.078125 
0 0.720703 0.457031 0.0351562 0.0820312 
0 0.452148 0.464844 0.0917969 0.0742188 
0 0.792969 0.941895 0.113281 0.114258 
0 0.114746 0.72168 0.0830078 0.0449219 
0 0.536133 0.770508 0.0527344 0.0292969 
0 0.854004 0.806641 0.157227 0.0859375 
0 0.795898 0.647461 0.0957031 0.0839844 
0 0.869141 0.446289 0.046875 0.111328 
0 0.244141 0.211914 0.0507812 0.0507812 
0 0.043457 0.958984 0.0869141 0.0507812 
0 0.174805 0.304199 0.0761719 0.0966797 
0 0.0849609 0.667969 0.111328 0.0625 
0 0.631836 0.186523 0.0664062 0.0820312 
0 0.106934 0.0410156 0.0673828 0.0703125 
0 0.466797 0.646973 0.0449219 0.102539 
0 0.341797 0.944336 0.105469 0.111328 
0 0.319336 0.595703 0.0664062 0.0917969 
0 0.564453 0.36084 0.0898438 0.0927734 
0 0.339844 0.707031 0.101562 0.0957031 
0 0.889648 0.925781 0.0605469 0.0683594 
