0 0.0390625 0.0107422 0.078125 0.0214844 
0 0.979492 0.986328 0.0410156 0.0273438 
0 0.89502 0.107422 0.0556641 0.0371094 
0 0.41748 0.615234 0.0869141 0.03125 
0 0.979492 0.0185547 0.0410156 0.0371094 
0 0.0332031 0.945312 0.0664062 0.0546875 
0 0.0322266 0.436523 0.0644531 0.0722656 
0 0.555664 0.983887 0.138672 0.0322266 
0 0.0810547 0.55957 0.0917969 0.0332031 
0 0.549805 0.0268555 0.0546875 0.0361328 
0 0.128418 0.964844 0.118164 0.0390625 
0 0.242676 0.319336 0.147461 0.0429688 
0 0.612305 0.237305 0.0996094 0.0410156 
0 0.567383 0.539062 0.261719 0.0546875 
0 0.144043 0.732422 0.118164 0.03125 
0 0.0219727 0.852539 0.0439453 0.0566406 
0 0.84668 0.0712891 0.0878906 0.0449219 
0 0.650879 0.935547 0.0888672 0.0429688 
0 0.875977 0.725586 0.0605469 0.0449219 
0 0.474609 0.770508 0.0859375 0.0449219 
0 0.564453 0.81543 0.09375 0.0449219 
0 0.299805 0.77832 0.132812 0.0449219 
0 0.842773 0.0253906 0.0839844 0.0507812 
0 0.0512695 0.09375 0.102539 0.0371094 
0 0.528809 0.165039 0.102539 0.0332031 
0 0.164062 0.918945 0.0839844 0.0449219 
0 0.249023 0.174805 0.166016 0.0410156 
0 0.0712891 0.657227 0.140625 0.0488281 
0 0.84082 0.197754 0.115234 0.0458984 
0 0.753906 0.919434 0.0664062 0.0556641 
0 0.156738 0.0366211 0.155273 0.0439453 
0 0.914062 0.932617 0.0761719 0.0683594 
0 0.395996 0.388184 0.0927734 0.0478516 
0 0.349609 0.852051 0.15625 0.0439453 
0 0.893555 0.343262 0.09375 0.0400391 
0 0.0678711 0.149902 0.133789 0.0400391 
0 0.266113 0.450195 0.102539 0.0429688 
0 0.043457 0.591797 0.0458984 0.0585938 
0 0.120117 0.516113 0.109375 0.0654297 
0 0.18457 0.247559 0.125 0.0732422 
0 0.785156 0.290527 0.09375 0.0380859 
0 0.626465 0.341797 0.0654297 0.046875 
0 0.521973 0.638672 0.0810547 0.0429688 
0 0.151367 0.611816 0.0859375 0.0498047 
0 0.612305 0.739258 0.105469 0.0761719 
0 0.333984 0.94873 0.0449219 0.0712891 
0 0.844238 0.507812 0.0830078 0.154297 
0 0.913086 0.164062 0.125 0.0742188 
0 0.229004 0.114746 0.120117 0.0595703 
0 0.152832 0.462891 0.102539 0.09375 
0 0.831055 0.626465 0.0722656 0.100586 
0 0.630371 0.0737305 0.110352 0.0732422 
