0 0.16748 0.90625 0.0556641 0.0625 
0 0.979492 0.818848 0.0410156 0.0693359 
0 0.179688 0.482422 0.0703125 0.0820312 
0 0.8125 0.746094 0.0859375 0.0976562 
0 0.412109 0.20459 0.0839844 0.0849609 
0 0.111328 0.87207 0.0605469 0.0605469 
0 0.402344 0.355469 0.0800781 0.0605469 
0 0.714844 0.875977 0.0664062 0.0742188 
0 0.945801 0.199707 0.0654297 0.0634766 
0 0.474121 0.978516 0.102539 0.0429688 
0 0.370605 0.537598 0.0693359 0.0830078 
0 0.495117 0.579102 0.0839844 0.109375 
0 0.435547 0.772461 0.0664062 0.0820312 
0 0.255371 0.0913086 0.0908203 0.0947266 
0 0.741211 0.363281 0.0742188 0.0625 
0 0.396973 0.921875 0.0986328 0.0820312 
0 0.147949 0.376465 0.0673828 0.0673828 
0 0.597168 0.870117 0.0732422 0.0742188 
0 0.027832 0.952148 0.0556641 0.0917969 
0 0.536133 0.385742 0.107422 0.0839844 
0 0.892578 0.425293 0.0742188 0.0673828 
0 0.685547 0.739258 0.0742188 0.0761719 
0 0.283691 0.33252 0.0693359 0.0634766 
0 0.570801 0.586426 0.0673828 0.0712891 
0 0.239746 0.954102 0.0986328 0.0917969 
0 0.151367 0.583984 0.078125 0.0898438 
0 0.0395508 0.750977 0.0791016 0.119141 
0 0.534668 0.23877 0.0830078 0.0751953 
0 0.657715 0.205078 0.0654297 0.0703125 
0 0.355957 0.800781 0.0693359 0.09375 
0 0.26123 0.600586 0.0595703 0.0722656 
0 0.897461 0.0839844 0.0703125 0.0839844 
