0 0.58252 0.744141 0.0400391 0.046875 
0 0.564453 0.356445 0.0507812 0.0449219 
0 0.760254 0.74707 0.0556641 0.0449219 
0 0.0830078 0.634277 0.046875 0.0400391 
0 0.600586 0.825195 0.0742188 0.0488281 
0 0.794922 0.271973 0.0410156 0.0712891 
0 0.672852 0.541992 0.0605469 0.0429688 
0 0.43457 0.527832 0.0585938 0.0634766 
0 0.8125 0.325195 0.0546875 0.0566406 
0 0.671875 0.277832 0.0566406 0.0576172 
0 0.506348 0.65332 0.0556641 0.0625 
0 0.421387 0.649902 0.0478516 0.0478516 
0 0.540039 0.734375 0.0546875 0.0507812 
0 0.271973 0.694336 0.0615234 0.0527344 
0 0.342285 0.521484 0.0537109 0.0605469 
0 0.652344 0.29248 0.0546875 0.0732422 
0 0.838867 0.705566 0.0605469 0.0517578 
0 0.52832 0.696289 0.0722656 0.0449219 
0 0.414062 0.763184 0.078125 0.0498047 
0 0.5 0.395996 0.0546875 0.0537109 
0 0.531738 0.820312 0.0693359 0.0429688 
0 0.672852 0.498047 0.0527344 0.0644531 
0 0.546875 0.608398 0.0859375 0.0683594 
0 0.161133 0.0200195 0.078125 0.0400391 
0 0.56543 0.543945 0.0527344 0.0742188 
0 0.543945 0.232422 0.0605469 0.0703125 
0 0.658691 0.602539 0.0654297 0.0761719 
0 0.962891 0.203125 0.046875 0.0585938 
0 0.835449 0.227539 0.0595703 0.101562 
0 0.238281 0.815918 0.0507812 0.0556641 
0 0.383301 0.81543 0.0595703 0.0996094 
0 0.618164 0.472656 0.0742188 0.0664062 
0 0.982422 0.883789 0.0351562 0.0605469 
0 0.273438 0.629883 0.0546875 0.0683594 
0 0.474121 0.879883 0.0771484 0.0527344 
0 0.498535 0.228516 0.0458984 0.0820312 
0 0.196777 0.637695 0.0751953 0.0566406 
0 0.430664 0.162109 0.0566406 0.0703125 
0 0.237305 0.533203 0.0722656 0.078125 
0 0.0732422 0.342773 0.103516 0.0449219 
0 0.843262 0.132324 0.0478516 0.0791016 
0 0.596191 0.667969 0.0673828 0.0546875 
0 0.755859 0.238281 0.0488281 0.0703125 
0 0.802246 0.149414 0.0517578 0.0722656 
0 0.870117 0.603027 0.0527344 0.0634766 
0 0.0605469 0.299805 0.119141 0.0449219 
0 0.489746 0.768555 0.0830078 0.0488281 
0 0.0488281 0.119629 0.0527344 0.0498047 
0 0.764648 0.83252 0.0859375 0.0498047 
0 0.879883 0.0712891 0.046875 0.103516 
0 0.929688 0.512207 0.0703125 0.112305 
0 0.158203 0.931152 0.0527344 0.0927734 
0 0.326172 0.371094 0.0683594 0.101562 
0 0.380371 0.916992 0.0888672 0.0683594 
0 0.81543 0.895508 0.0546875 0.0742188 
0 0.943359 0.942871 0.0507812 0.0810547 
0 0.0419922 0.849609 0.0839844 0.0585938 
