0 0.702637 0.147461 0.0810547 0.0683594 
0 0.571777 0.447754 0.0751953 0.0830078 
0 0.82373 0.576172 0.0712891 0.0703125 
0 0.899902 0.59668 0.0830078 0.0683594 
0 0.652344 0.785156 0.0859375 0.0859375 
0 0.727539 0.823242 0.0996094 0.0996094 
0 0.485352 0.833496 0.103516 0.0791016 
0 0.760742 0.636719 0.0917969 0.078125 
0 0.899414 0.252441 0.0976562 0.0791016 
0 0.458984 0.674805 0.0703125 0.0878906 
0 0.627441 0.417969 0.0751953 0.0859375 
0 0.771484 0.381348 0.105469 0.0830078 
0 0.882324 0.675293 0.12793 0.0830078 
0 0.772949 0.280273 0.0830078 0.0917969 
0 0.744629 0.544922 0.0966797 0.0859375 
0 0.859375 0.882324 0.0976562 0.0791016 
0 0.266113 0.969727 0.0849609 0.0605469 
0 0.378906 0.703125 0.109375 0.0820312 
0 0.623047 0.268066 0.0859375 0.0634766 
0 0.914062 0.430664 0.09375 0.0800781 
0 0.954102 0.90625 0.0917969 0.0800781 
0 0.427246 0.775391 0.0849609 0.09375 
0 0.950195 0.0317383 0.0996094 0.0634766 
