0 0.20459 0.0166016 0.0537109 0.0332031 
0 0.988281 0.117676 0.0234375 0.0498047 
0 0.833008 0.852539 0.0800781 0.0410156 
0 0.163574 0.392578 0.0986328 0.0429688 
0 0.0688477 0.727539 0.137695 0.0878906 
0 0.130859 0.711426 0.113281 0.0927734 
0 0.154297 0.567383 0.0761719 0.0566406 
0 0.541992 0.834961 0.0566406 0.0800781 
0 0.182617 0.378418 0.0664062 0.0517578 
0 0.947266 0.893555 0.0429688 0.0605469 
0 0.596191 0.908691 0.0751953 0.0458984 
0 0.939941 0.941406 0.0400391 0.0546875 
0 0.403809 0.806641 0.0947266 0.0410156 
0 0.235352 0.53125 0.0605469 0.0390625 
0 0.262207 0.367188 0.0556641 0.0351562 
0 0.97168 0.583008 0.0566406 0.0527344 
0 0.899414 0.538574 0.130859 0.0576172 
0 0.84668 0.810059 0.0683594 0.0478516 
0 0.739746 0.470703 0.0986328 0.0507812 
0 0.174316 0.461914 0.0830078 0.0625 
0 0.497559 0.492188 0.168945 0.0507812 
0 0.604492 0.313477 0.0703125 0.113281 
0 0.961914 0.0605469 0.0585938 0.0507812 
0 0.27002 0.0258789 0.116211 0.0517578 
0 0.124512 0.325684 0.0693359 0.0380859 
0 0.425781 0.447266 0.0507812 0.0429688 
0 0.695312 0.57959 0.109375 0.0439453 
0 0.397949 0.225586 0.0576172 0.0488281 
0 0.962891 0.477539 0.0742188 0.0527344 
0 0.964844 0.685547 0.0703125 0.0507812 
0 0.238281 0.484375 0.046875 0.0664062 
0 0.438965 0.381348 0.0439453 0.0556641 
0 0.920898 0.144531 0.0527344 0.046875 
0 0.276367 0.455078 0.09375 0.09375 
0 0.705078 0.867676 0.046875 0.0849609 
0 0.236328 0.878906 0.0976562 0.0820312 
0 0.359375 0.40332 0.078125 0.0371094 
0 0.698242 0.962891 0.101562 0.0742188 
0 0.666992 0.624023 0.123047 0.0625 
0 0.46875 0.100586 0.078125 0.0488281 
0 0.273926 0.101562 0.108398 0.0527344 
0 0.744141 0.764648 0.0742188 0.0605469 
0 0.70166 0.141113 0.106445 0.112305 
0 0.560547 0.607422 0.0820312 0.0839844 
0 0.331055 0.457031 0.0878906 0.0820312 
0 0.797363 0.043457 0.0458984 0.0869141 
0 0.97168 0.20166 0.0566406 0.0478516 
0 0.208984 0.295898 0.0859375 0.0449219 
0 0.770508 0.38916 0.0761719 0.0791016 
0 0.52002 0.0732422 0.0771484 0.125 
