0 0.0976562 0.922852 0.175781 0.0957031 
0 0.449219 0.979492 0.199219 0.0410156 
0 0.237305 0.481934 0.0898438 0.0673828 
0 0.257324 0.925293 0.0869141 0.0810547 
0 0.384277 0.375 0.0966797 0.136719 
0 0.885742 0.394043 0.0605469 0.0654297 
0 0.232422 0.820801 0.0820312 0.0791016 
0 0.108398 0.53418 0.134766 0.0683594 
0 0.205078 0.717773 0.105469 0.0722656 
0 0.242676 0.550293 0.139648 0.0791016 
0 0.973633 0.60791 0.0527344 0.0751953 
0 0.153809 0.304688 0.120117 0.0703125 
0 0.964844 0.27832 0.0664062 0.123047 
0 0.710938 0.505371 0.138672 0.0791016 
0 0.251465 0.330566 0.0751953 0.0869141 
0 0.949219 0.422363 0.0664062 0.0849609 
0 0.108887 0.151855 0.100586 0.0927734 
0 0.0644531 0.366699 0.128906 0.0771484 
0 0.812988 0.798828 0.120117 0.0976562 
