0 0.0302734 0.309082 0.0605469 0.0634766 
0 0.219238 0.806641 0.0654297 0.0625 
0 0.463867 0.46875 0.119141 0.0898438 
0 0.404785 0.878418 0.0810547 0.102539 
0 0.60498 0.829102 0.0947266 0.0585938 
0 0.693848 0.959961 0.0693359 0.0644531 
0 0.401367 0.615234 0.0917969 0.0683594 
0 0.730469 0.383789 0.0703125 0.109375 
0 0.898926 0.28418 0.0556641 0.0605469 
0 0.190918 0.36377 0.0498047 0.0673828 
0 0.59668 0.372559 0.0996094 0.108398 
0 0.0390625 0.883789 0.078125 0.0605469 
0 0.669434 0.165039 0.0498047 0.0761719 
0 0.9375 0.805664 0.109375 0.138672 
0 0.413086 0.078125 0.119141 0.103516 
0 0.871582 0.894043 0.0595703 0.0595703 
0 0.269531 0.198242 0.0585938 0.09375 
0 0.0805664 0.575195 0.114258 0.0917969 
0 0.954102 0.394043 0.0605469 0.0595703 
0 0.854492 0.523926 0.0605469 0.0947266 
0 0.824219 0.617188 0.0664062 0.09375 
0 0.19873 0.0336914 0.0908203 0.0673828 
0 0.059082 0.661133 0.108398 0.0839844 
0 0.831055 0.212891 0.0566406 0.113281 
0 0.0454102 0.972168 0.0908203 0.0556641 
0 0.488281 0.6875 0.0585938 0.0625 
0 0.749512 0.23877 0.0966797 0.0771484 
0 0.814453 0.897461 0.0664062 0.117188 
0 0.691406 0.51123 0.0878906 0.0732422 
0 0.792969 0.513672 0.0703125 0.0898438 
0 0.65918 0.695312 0.0859375 0.0585938 
0 0.240723 0.894531 0.0771484 0.111328 
0 0.0683594 0.833008 0.103516 0.0683594 
0 0.388184 0.229492 0.15332 0.111328 
0 0.960449 0.628418 0.0791016 0.0908203 
0 0.0385742 0.0620117 0.0693359 0.100586 
