0 0.331055 0.387207 0.158203 0.114258 
0 0.277832 0.125977 0.108398 0.0800781 
0 0.326172 0.437012 0.167969 0.0634766 
0 0.336426 0.232422 0.118164 0.0742188 
0 0.796875 0.378418 0.203125 0.0693359 
0 0.686523 0.471191 0.166016 0.0595703 
0 0.710938 0.415527 0.138672 0.0771484 
0 0.619141 0.516113 0.078125 0.0615234 
0 0.837891 0.490234 0.167969 0.078125 
0 0.248047 0.0439453 0.078125 0.0761719 
0 0.428711 0.56543 0.169922 0.0644531 
0 0.260254 0.562012 0.15918 0.108398 
0 0.714355 0.598145 0.194336 0.0673828 
0 0.242676 0.619141 0.108398 0.0664062 
0 0.680176 0.322266 0.0810547 0.0585938 
0 0.772949 0.220703 0.12207 0.0546875 
0 0.373047 0.196289 0.125 0.0566406 
0 0.63623 0.916504 0.0732422 0.166992 
0 0.788086 0.540039 0.162109 0.0527344 
0 0.421387 0.411133 0.124023 0.0644531 
0 0.23584 0.39209 0.125977 0.0634766 
0 0.62207 0.203125 0.130859 0.0839844 
0 0.450684 0.735352 0.0966797 0.0566406 
0 0.250977 0.766602 0.111328 0.0605469 
0 0.803223 0.143555 0.137695 0.0664062 
0 0.756836 0.266602 0.117188 0.0761719 
0 0.519531 0.151367 0.101562 0.0488281 
0 0.556641 0.586914 0.0742188 0.0605469 
0 0.222656 0.180664 0.111328 0.0742188 
0 0.0229492 0.114258 0.0458984 0.103516 
0 0.431641 0.487305 0.144531 0.0761719 
0 0.648438 0.279297 0.103516 0.0644531 
0 0.675293 0.664062 0.143555 0.0625 
0 0.237793 0.495605 0.200195 0.0791016 
0 0.668945 0.775391 0.0839844 0.0703125 
0 0.141602 0.546875 0.0800781 0.0742188 
0 0.831543 0.0620117 0.147461 0.0595703 
0 0.104492 0.27832 0.119141 0.0605469 
0 0.262695 0.333496 0.126953 0.0693359 
0 0.11377 0.639648 0.0966797 0.0878906 
0 0.20166 0.0537109 0.12793 0.107422 
0 0.397461 0.0488281 0.158203 0.0976562 
0 0.65625 0.85791 0.125 0.112305 
