0 0.625 0.880859 0.0546875 0.0546875 
0 0.0195312 0.537598 0.0390625 0.0791016 
0 0.947266 0.523438 0.0703125 0.0742188 
0 0.958984 0.289062 0.0820312 0.0703125 
0 0.92041 0.96582 0.0849609 0.0683594 
0 0.798828 0.855957 0.0742188 0.0673828 
0 0.338867 0.906738 0.0527344 0.0908203 
0 0.141602 0.649414 0.0546875 0.0566406 
0 0.890625 0.863281 0.0664062 0.0683594 
0 0.913086 0.431641 0.0800781 0.0605469 
0 0.716309 0.709473 0.0771484 0.0576172 
0 0.47168 0.304688 0.0820312 0.078125 
0 0.256348 0.626953 0.0654297 0.09375 
0 0.154785 0.820312 0.0654297 0.0703125 
0 0.299805 0.393066 0.0703125 0.0595703 
0 0.879883 0.365234 0.0898438 0.0605469 
0 0.277832 0.88916 0.0654297 0.100586 
0 0.38623 0.932617 0.0537109 0.0839844 
0 0.803711 0.912109 0.0957031 0.0625 
0 0.394531 0.430664 0.0800781 0.0585938 
0 0.424316 0.602539 0.149414 0.0957031 
0 0.844727 0.788574 0.0839844 0.0634766 
0 0.201172 0.285645 0.0703125 0.0966797 
0 0.382324 0.812012 0.0966797 0.0634766 
0 0.712891 0.450684 0.101562 0.0693359 
0 0.636719 0.777344 0.0820312 0.0546875 
0 0.424316 0.72168 0.125977 0.0761719 
0 0.469727 0.947266 0.0800781 0.105469 
0 0.669922 0.958008 0.0566406 0.0839844 
0 0.269531 0.540039 0.111328 0.142578 
0 0.726562 0.930664 0.0859375 0.111328 
