0 0.646973 0.975586 0.0673828 0.0488281 
0 0.610352 0.241699 0.0742188 0.0810547 
0 0.166504 0.269531 0.0458984 0.0507812 
0 0.860352 0.677734 0.0605469 0.0625 
0 0.416992 0.735352 0.0703125 0.0605469 
0 0.376953 0.794434 0.0859375 0.0595703 
0 0.304199 0.436035 0.0537109 0.0673828 
0 0.582031 0.387695 0.0585938 0.0585938 
0 0.812012 0.739746 0.0751953 0.0517578 
0 0.737305 0.836914 0.0585938 0.0546875 
0 0.777344 0.70459 0.0625 0.0771484 
0 0.494141 0.814453 0.0976562 0.0703125 
0 0.961914 0.627441 0.0761719 0.0673828 
0 0.0473633 0.260254 0.0947266 0.0732422 
0 0.861816 0.61084 0.0634766 0.0830078 
0 0.0366211 0.679199 0.0732422 0.0576172 
0 0.027832 0.956055 0.0556641 0.0878906 
0 0.356445 0.948242 0.0976562 0.0683594 
0 0.521484 0.75 0.0664062 0.0585938 
0 0.931641 0.681641 0.0742188 0.0742188 
0 0.731445 0.691406 0.0527344 0.0507812 
0 0.519531 0.96875 0.0625 0.0625 
0 0.683594 0.0297852 0.0644531 0.0576172 
0 0.430176 0.385254 0.0634766 0.0693359 
0 0.271484 0.341309 0.0703125 0.0615234 
0 0.185059 0.740234 0.0576172 0.0585938 
0 0.495117 0.368652 0.0761719 0.0634766 
0 0.425781 0.606445 0.0664062 0.101562 
0 0.365723 0.0366211 0.0771484 0.0732422 
0 0.897461 0.268066 0.0566406 0.0673828 
0 0.503418 0.159668 0.0595703 0.0947266 
0 0.316406 0.231934 0.0742188 0.0869141 
0 0.879883 0.184082 0.0722656 0.0791016 
0 0.433105 0.165527 0.0908203 0.0908203 
0 0.541504 0.250977 0.0576172 0.0742188 
0 0.736328 0.176758 0.0546875 0.0625 
0 0.833008 0.795898 0.0800781 0.0644531 
0 0.495117 0.275879 0.0722656 0.0634766 
