0 0.337891 0.391602 0.0625 0.0722656 
0 0.235352 0.704102 0.0878906 0.0878906 
0 0.278809 0.0776367 0.0615234 0.0869141 
0 0.368652 0.862305 0.0771484 0.0683594 
0 0.0375977 0.980957 0.0751953 0.0380859 
0 0.0224609 0.910156 0.0449219 0.0683594 
0 0.835938 0.269043 0.117188 0.0869141 
0 0.276367 0.317871 0.0878906 0.0693359 
0 0.228027 0.365234 0.0810547 0.0664062 
0 0.0561523 0.481445 0.0517578 0.0527344 
0 0.408203 0.524414 0.09375 0.0917969 
0 0.766113 0.518555 0.0908203 0.0800781 
0 0.21582 0.792969 0.0878906 0.078125 
0 0.218262 0.0576172 0.0732422 0.0917969 
0 0.643555 0.760742 0.0820312 0.0878906 
0 0.416992 0.623535 0.0859375 0.0849609 
0 0.0756836 0.225586 0.0634766 0.0683594 
0 0.451172 0.333984 0.121094 0.0722656 
0 0.299805 0.584961 0.0839844 0.0839844 
0 0.36377 0.967773 0.104492 0.0644531 
0 0.0507812 0.67627 0.0664062 0.102539 
0 0.0493164 0.0634766 0.0693359 0.078125 
