0 0.557617 0.12207 0.0605469 0.0644531 
0 0.432129 0.820312 0.0830078 0.0625 
0 0.0566406 0.339355 0.113281 0.0615234 
0 0.432617 0.346191 0.111328 0.0615234 
0 0.293945 0.932617 0.0800781 0.0605469 
0 0.0585938 0.508789 0.0976562 0.0761719 
0 0.554688 0.861328 0.0859375 0.140625 
0 0.929688 0.303711 0.0703125 0.0878906 
0 0.338867 0.717773 0.154297 0.0761719 
0 0.668945 0.847656 0.0644531 0.0664062 
0 0.745117 0.0336914 0.0683594 0.0673828 
0 0.181152 0.177246 0.0712891 0.0556641 
0 0.452637 0.921387 0.0791016 0.0791016 
0 0.731445 0.21582 0.0644531 0.0800781 
0 0.580078 0.745605 0.0664062 0.0732422 
0 0.117676 0.930664 0.0966797 0.0605469 
0 0.618164 0.240234 0.0683594 0.0625 
0 0.240234 0.105957 0.0664062 0.0654297 
0 0.371582 0.179688 0.120117 0.0585938 
0 0.804199 0.836914 0.116211 0.0800781 
0 0.107422 0.266113 0.0605469 0.139648 
0 0.916504 0.400391 0.0712891 0.0566406 
0 0.524414 0.513672 0.0625 0.0585938 
0 0.455078 0.0810547 0.0898438 0.105469 
0 0.355469 0.964844 0.0644531 0.0664062 
0 0.634766 0.081543 0.0625 0.0986328 
0 0.337891 0.0361328 0.09375 0.0722656 
0 0.54541 0.40918 0.0654297 0.0800781 
0 0.839844 0.520508 0.0839844 0.0957031 
