0 0.832031 0.152344 0.0898438 0.0898438 
0 0.33252 0.983398 0.129883 0.0332031 
0 0.0693359 0.0288086 0.117188 0.0576172 
0 0.943848 0.780273 0.0947266 0.078125 
0 0.812012 0.330566 0.165039 0.225586 
0 0.528809 0.38623 0.114258 0.137695 
0 0.47168 0.927246 0.119141 0.108398 
0 0.727539 0.114746 0.0957031 0.102539 
0 0.303223 0.395508 0.131836 0.126953 
0 0.307617 0.723633 0.150391 0.138672 
0 0.577148 0.120605 0.162109 0.163086 
0 0.658203 0.580078 0.15625 0.287109 
0 0.883789 0.86084 0.123047 0.131836 
0 0.0561523 0.916504 0.112305 0.149414 
