0 0.963379 0.646484 0.0732422 0.0546875 
0 0.0947266 0.0112305 0.0371094 0.0224609 
0 0.406738 0.755859 0.0693359 0.0703125 
0 0.115234 0.134766 0.0585938 0.0371094 
0 0.738281 0.250977 0.0742188 0.0410156 
0 0.898438 0.144531 0.0839844 0.0546875 
0 0.806152 0.617188 0.0498047 0.0429688 
0 0.875488 0.740234 0.0712891 0.0429688 
0 0.342773 0.0791016 0.0546875 0.0371094 
0 0.825195 0.744141 0.078125 0.0507812 
0 0.961914 0.793945 0.0761719 0.0410156 
0 0.562988 0.164551 0.0615234 0.0458984 
0 0.836914 0.975586 0.0410156 0.0488281 
0 0.133301 0.169434 0.0693359 0.0478516 
0 0.611328 0.567383 0.0742188 0.0449219 
0 0.385254 0.132324 0.0712891 0.0400391 
0 0.621094 0.617676 0.078125 0.0458984 
0 0.102051 0.0981445 0.0478516 0.0361328 
0 0.10498 0.552734 0.0751953 0.046875 
0 0.516113 0.169922 0.0634766 0.0527344 
0 0.345703 0.0390625 0.0585938 0.0566406 
0 0.351562 0.188477 0.0507812 0.0605469 
0 0.816895 0.471191 0.0556641 0.0380859 
0 0.425781 0.0717773 0.0390625 0.0751953 
0 0.95166 0.705078 0.0966797 0.046875 
0 0.833008 0.209473 0.0996094 0.0673828 
0 0.55957 0.728516 0.0761719 0.0898438 
0 0.942383 0.0371094 0.0664062 0.0742188 
0 0.0664062 0.163086 0.0585938 0.0683594 
0 0.701172 0.645996 0.0820312 0.0830078 
