0 0.359375 0.758789 0.078125 0.0683594 
0 0.978516 0.114258 0.0429688 0.0859375 
0 0.558594 0.255859 0.121094 0.0859375 
0 0.247559 0.145996 0.104492 0.0634766 
0 0.344727 0.143555 0.0878906 0.0898438 
0 0.143066 0.962402 0.108398 0.0517578 
0 0.287598 0.958008 0.110352 0.0742188 
0 0.712891 0.676758 0.0488281 0.111328 
0 0.882324 0.105469 0.0634766 0.078125 
0 0.491699 0.830078 0.0634766 0.0722656 
0 0.789551 0.511719 0.0693359 0.0859375 
0 0.117676 0.416992 0.0576172 0.148438 
0 0.450195 0.738281 0.103516 0.0625 
0 0.587891 0.95459 0.0976562 0.0576172 
0 0.234375 0.574219 0.117188 0.0878906 
0 0.496582 0.144043 0.0888672 0.0771484 
0 0.369141 0.834473 0.0625 0.0830078 
0 0.681152 0.947266 0.0654297 0.0703125 
0 0.359863 0.268555 0.0791016 0.0605469 
0 0.289551 0.46582 0.0634766 0.0957031 
0 0.680664 0.181152 0.119141 0.0673828 
0 0.623535 0.693359 0.0888672 0.191406 
0 0.948242 0.921875 0.0722656 0.0703125 
0 0.80957 0.116211 0.0722656 0.0683594 
0 0.462402 0.963867 0.0615234 0.0722656 
0 0.790039 0.713867 0.119141 0.208984 
