0 0.893555 0.979492 0.0605469 0.0410156 
0 0.592773 0.785645 0.0683594 0.106445 
0 0.811523 0.657227 0.0917969 0.0820312 
0 0.0571289 0.800781 0.0673828 0.0566406 
0 0.788574 0.980469 0.0849609 0.0390625 
0 0.0683594 0.25 0.0859375 0.0683594 
0 0.202148 0.0629883 0.0546875 0.0693359 
0 0.804199 0.931152 0.0947266 0.124023 
0 0.624023 0.185547 0.0878906 0.09375 
0 0.107422 0.341797 0.148438 0.09375 
0 0.584961 0.977051 0.0878906 0.0458984 
0 0.970703 0.975586 0.0585938 0.0488281 
0 0.435547 0.899414 0.0742188 0.0683594 
0 0.197754 0.305176 0.100586 0.0634766 
0 0.196777 0.947266 0.157227 0.078125 
0 0.0473633 0.338867 0.0849609 0.0917969 
0 0.246582 0.0898438 0.0654297 0.115234 
0 0.138184 0.430664 0.0693359 0.0800781 
0 0.0361328 0.837891 0.0722656 0.0859375 
0 0.864258 0.42041 0.123047 0.0673828 
0 0.255859 0.0200195 0.0957031 0.0400391 
0 0.47168 0.49707 0.121094 0.0761719 
0 0.803711 0.390625 0.119141 0.0820312 
0 0.421875 0.698242 0.0703125 0.0957031 
0 0.884766 0.914062 0.0703125 0.113281 
0 0.30957 0.103027 0.0605469 0.0830078 
0 0.155762 0.242188 0.18457 0.0820312 
0 0.902344 0.475586 0.0664062 0.0761719 
0 0.0571289 0.0361328 0.112305 0.0722656 
0 0.785645 0.152832 0.102539 0.100586 
0 0.601562 0.265137 0.078125 0.104492 
0 0.788086 0.226074 0.0625 0.0751953 
0 0.465332 0.568848 0.0771484 0.0869141 
0 0.344727 0.854492 0.171875 0.0839844 
0 0.0351562 0.541016 0.0703125 0.0898438 
0 0.205566 0.47168 0.141602 0.0761719 
0 0.949219 0.681152 0.0839844 0.0849609 
0 0.963867 0.123535 0.0722656 0.0791016 
0 0.734863 0.24707 0.0634766 0.0996094 
0 0.551758 0.408691 0.111328 0.0751953 
0 0.0498047 0.964844 0.0996094 0.0703125 
0 0.383789 0.961914 0.0878906 0.0742188 
0 0.830566 0.80127 0.0908203 0.0966797 
0 0.912598 0.0341797 0.0810547 0.0683594 
0 0.903809 0.231934 0.135742 0.114258 
0 0.635254 0.367188 0.0986328 0.105469 
0 0.330078 0.746094 0.125 0.128906 
0 0.915039 0.560059 0.0957031 0.0732422 
