0 0.941406 0.973145 0.0410156 0.0537109 
0 0.819336 0.791992 0.0664062 0.0644531 
0 0.793945 0.84082 0.0546875 0.0605469 
0 0.819336 0.625 0.0449219 0.0703125 
0 0.691406 0.945312 0.0742188 0.0957031 
0 0.59668 0.112793 0.0566406 0.12793 
0 0.510254 0.0395508 0.0751953 0.0791016 
0 0.834961 0.979004 0.0605469 0.0419922 
0 0.834961 0.296875 0.0566406 0.136719 
0 0.899902 0.725586 0.0654297 0.0644531 
0 0.657227 0.57959 0.0761719 0.0986328 
0 0.87793 0.87793 0.105469 0.0683594 
0 0.746094 0.59082 0.0957031 0.0800781 
0 0.791992 0.244141 0.0722656 0.154297 
0 0.646973 0.682129 0.0830078 0.0888672 
0 0.704102 0.818848 0.0859375 0.135742 
0 0.81543 0.0761719 0.0683594 0.130859 
0 0.660156 0.135742 0.0664062 0.0957031 
