0 0.211914 0.187012 0.0722656 0.0517578 
0 0.703613 0.842773 0.0615234 0.0683594 
0 0.26416 0.803223 0.0517578 0.0576172 
0 0.0205078 0.03125 0.0410156 0.0625 
0 0.98877 0.162109 0.0224609 0.0703125 
0 0.87207 0.644531 0.0449219 0.0605469 
0 0.15918 0.0917969 0.0996094 0.0976562 
0 0.324219 0.81543 0.0820312 0.0488281 
0 0.238281 0.223633 0.0566406 0.0742188 
0 0.344238 0.861328 0.0615234 0.0585938 
0 0.183594 0.235352 0.0625 0.0605469 
0 0.222168 0.811035 0.0693359 0.0712891 
0 0.913574 0.0117188 0.0556641 0.0234375 
0 0.154297 0.169922 0.0722656 0.0664062 
0 0.0454102 0.666992 0.0888672 0.0800781 
0 0.406738 0.745117 0.0712891 0.0644531 
0 0.0170898 0.22998 0.0341797 0.0888672 
0 0.152832 0.713867 0.0830078 0.0605469 
0 0.804688 0.0883789 0.0429688 0.0751953 
0 0.760742 0.132324 0.0722656 0.0693359 
0 0.574219 0.187012 0.0664062 0.0556641 
0 0.312988 0.766602 0.104492 0.0761719 
0 0.570312 0.831543 0.0546875 0.0537109 
0 0.696777 0.0776367 0.0771484 0.102539 
0 0.203125 0.302246 0.0546875 0.0654297 
0 0.127441 0.225586 0.0654297 0.0722656 
0 0.388672 0.893555 0.0839844 0.0878906 
0 0.789062 0.17627 0.0585938 0.0771484 
0 0.766602 0.22998 0.0605469 0.0771484 
0 0.117676 0.626953 0.0654297 0.09375 
0 0.141602 0.375977 0.0722656 0.0605469 
0 0.61084 0.743652 0.0673828 0.0615234 
0 0.19043 0.760254 0.0683594 0.0810547 
0 0.909668 0.667969 0.0654297 0.0664062 
0 0.517578 0.854492 0.0761719 0.0722656 
0 0.904297 0.732422 0.0683594 0.0625 
0 0.597656 0.113281 0.0742188 0.0800781 
0 0.151855 0.297852 0.0732422 0.0800781 
0 0.675781 0.577148 0.0625 0.0722656 
0 0.668945 0.713867 0.0722656 0.0761719 
0 0.043457 0.0693359 0.0732422 0.0976562 
0 0.953125 0.395996 0.0664062 0.0673828 
0 0.0283203 0.59082 0.0566406 0.0644531 
0 0.708984 0.293945 0.0625 0.0605469 
0 0.877441 0.789062 0.0673828 0.0664062 
0 0.745117 0.49707 0.0722656 0.0722656 
0 0.819824 0.26416 0.0673828 0.0771484 
0 0.858398 0.396484 0.0644531 0.0898438 
0 0.299316 0.677734 0.0771484 0.0703125 
0 0.753906 0.661621 0.0703125 0.0732422 
0 0.102051 0.836914 0.0732422 0.0800781 
0 0.353516 0.0859375 0.0703125 0.0722656 
