0 0.0883789 0.0893555 0.0849609 0.178711 
0 0.352051 0.643066 0.0771484 0.12207 
0 0.916992 0.839844 0.0722656 0.0664062 
0 0.862793 0.284668 0.0654297 0.0673828 
0 0.769531 0.811523 0.128906 0.0820312 
0 0.968262 0.956055 0.0634766 0.0878906 
0 0.0512695 0.496094 0.0830078 0.078125 
0 0.862305 0.463867 0.126953 0.0917969 
0 0.588867 0.512207 0.123047 0.0771484 
0 0.93457 0.598633 0.115234 0.119141 
0 0.670898 0.313965 0.107422 0.0673828 
0 0.614258 0.0839844 0.201172 0.101562 
0 0.441406 0.542969 0.146484 0.078125 
0 0.450684 0.801758 0.12793 0.212891 
0 0.856445 0.634277 0.0722656 0.0908203 
0 0.185059 0.567871 0.0810547 0.19043 
0 0.0625 0.922852 0.101562 0.130859 
0 0.248535 0.0810547 0.0830078 0.125 
0 0.0488281 0.264648 0.0976562 0.115234 
