0 0.693848 0.19873 0.114258 0.0908203 
0 0.273926 0.0180664 0.0849609 0.0361328 
0 0.841797 0.125488 0.0546875 0.0634766 
0 0.492188 0.850586 0.0800781 0.0488281 
0 0.3125 0.0610352 0.0722656 0.0712891 
0 0.789062 0.210938 0.0507812 0.0449219 
0 0.491211 0.930664 0.0800781 0.0332031 
0 0.68457 0.0961914 0.0839844 0.0419922 
0 0.843262 0.367188 0.0615234 0.0644531 
0 0.483887 0.797363 0.0908203 0.0439453 
0 0.0693359 0.78418 0.0800781 0.0429688 
0 0.0839844 0.255371 0.121094 0.0400391 
0 0.628906 0.811523 0.0898438 0.0449219 
0 0.0927734 0.738281 0.0957031 0.0351562 
0 0.323242 0.498047 0.0449219 0.0800781 
0 0.600586 0.410645 0.132812 0.0478516 
0 0.652344 0.147949 0.0585938 0.0595703 
0 0.941406 0.424316 0.113281 0.0498047 
0 0.478027 0.0610352 0.0751953 0.0478516 
0 0.687988 0.975098 0.0869141 0.0498047 
0 0.828125 0.0366211 0.136719 0.0732422 
0 0.623047 0.188965 0.09375 0.0966797 
0 0.960938 0.17041 0.0703125 0.0498047 
0 0.952148 0.0566406 0.0957031 0.113281 
0 0.357422 0.875 0.0664062 0.046875 
0 0.339355 0.774414 0.0966797 0.0351562 
0 0.740723 0.650391 0.0439453 0.164062 
0 0.649414 0.743164 0.0449219 0.0917969 
0 0.560547 0.775879 0.0390625 0.0791016 
0 0.848633 0.0957031 0.101562 0.0527344 
0 0.794922 0.722656 0.046875 0.0820312 
0 0.89502 0.355469 0.0537109 0.0898438 
0 0.171387 0.901367 0.0361328 0.0410156 
0 0.287598 0.0830078 0.106445 0.0722656 
0 0.97168 0.757812 0.0527344 0.0488281 
0 0.300293 0.395508 0.200195 0.0839844 
0 0.265137 0.455078 0.0673828 0.0664062 
0 0.812988 0.892578 0.0869141 0.0703125 
0 0.537109 0.0888672 0.109375 0.162109 
0 0.147461 0.0888672 0.128906 0.0976562 
0 0.366211 0.589355 0.189453 0.0986328 
0 0.888672 0.496094 0.046875 0.078125 
0 0.159668 0.418457 0.0732422 0.0576172 
0 0.224121 0.28125 0.0830078 0.0722656 
0 0.806152 0.806641 0.0732422 0.0742188 
0 0.0673828 0.0830078 0.107422 0.0878906 
0 0.915039 0.959961 0.0566406 0.0800781 
0 0.187012 0.479492 0.0966797 0.103516 
0 0.385742 0.376953 0.0605469 0.0820312 
