0 0.291992 0.857422 0.046875 0.0703125 
0 0.583008 0.173828 0.0507812 0.0488281 
0 0.607422 0.416016 0.0507812 0.078125 
0 0.32373 0.0195312 0.0615234 0.0390625 
0 0.0585938 0.0307617 0.0664062 0.0615234 
0 0.749023 0.500977 0.0722656 0.0488281 
0 0.649902 0.397461 0.0615234 0.0566406 
0 0.499512 0.148438 0.0419922 0.0683594 
0 0.98584 0.694336 0.0283203 0.0527344 
0 0.327148 0.563477 0.0839844 0.0605469 
0 0.439453 0.87207 0.0898438 0.0722656 
0 0.0209961 0.910156 0.0400391 0.0507812 
0 0.176758 0.162598 0.0722656 0.0947266 
0 0.584961 0.479492 0.0683594 0.0527344 
0 0.904297 0.375977 0.0585938 0.0585938 
0 0.435547 0.174805 0.0742188 0.0683594 
0 0.825195 0.775391 0.0722656 0.0625 
0 0.0205078 0.748047 0.0410156 0.0859375 
0 0.58252 0.53125 0.0537109 0.0507812 
0 0.466797 0.980469 0.0742188 0.0390625 
0 0.551758 0.750977 0.0546875 0.0527344 
0 0.478027 0.0400391 0.0849609 0.0761719 
0 0.240234 0.833496 0.0859375 0.0830078 
0 0.0952148 0.508301 0.0810547 0.0615234 
0 0.125488 0.29248 0.0888672 0.0595703 
0 0.373535 0.260254 0.0576172 0.0634766 
0 0.844727 0.169434 0.0917969 0.0615234 
0 0.62793 0.521484 0.0488281 0.0625 
0 0.166016 0.714844 0.0742188 0.0585938 
0 0.333984 0.830078 0.0625 0.0820312 
0 0.880859 0.871582 0.0585938 0.0576172 
0 0.780762 0.152832 0.0771484 0.0751953 
0 0.523438 0.814453 0.0664062 0.0703125 
0 0.321289 0.226562 0.078125 0.0664062 
0 0.633789 0.632324 0.0839844 0.0634766 
0 0.524414 0.519531 0.0605469 0.0722656 
0 0.925781 0.652344 0.117188 0.0683594 
0 0.150391 0.768066 0.0703125 0.0693359 
0 0.505371 0.683594 0.100586 0.0898438 
0 0.858398 0.0932617 0.0644531 0.0732422 
0 0.342773 0.512207 0.0644531 0.0732422 
0 0.328613 0.923828 0.161133 0.0839844 
0 0.957031 0.460938 0.0859375 0.0664062 
0 0.555664 0.649902 0.0566406 0.0732422 
0 0.623535 0.205078 0.0712891 0.101562 
0 0.0273438 0.0888672 0.0546875 0.0800781 
0 0.744629 0.800781 0.0673828 0.0625 
0 0.743652 0.975586 0.0830078 0.0488281 
0 0.256348 0.453125 0.104492 0.0820312 
0 0.810547 0.434082 0.0742188 0.0830078 
0 0.221191 0.891602 0.0654297 0.0644531 
0 0.923828 0.525879 0.0800781 0.0615234 
0 0.960449 0.929688 0.0751953 0.0898438 
0 0.632812 0.118164 0.0703125 0.0859375 
0 0.698242 0.208984 0.0917969 0.0957031 
0 0.677246 0.0366211 0.0673828 0.0732422 
0 0.521484 0.376953 0.0664062 0.0898438 
0 0.949219 0.123047 0.0976562 0.0742188 
0 0.708984 0.742188 0.0898438 0.0625 
0 0.779297 0.273926 0.0625 0.0732422 
0 0.297363 0.0957031 0.12793 0.123047 
0 0.196777 0.651367 0.0634766 0.0664062 
