0 0.635742 0.112305 0.158203 0.0566406 
0 0.613281 0.9375 0.107422 0.0585938 
0 0.0629883 0.211914 0.114258 0.105469 
0 0.248047 0.808594 0.078125 0.0585938 
0 0.106445 0.895508 0.107422 0.0957031 
0 0.631348 0.0776367 0.178711 0.0810547 
0 0.191406 0.906738 0.117188 0.0693359 
0 0.523926 0.554688 0.151367 0.0605469 
0 0.0205078 0.970703 0.0410156 0.0585938 
0 0.0439453 0.187012 0.0878906 0.0771484 
0 0.602539 0.57373 0.167969 0.0751953 
0 0.710938 0.574219 0.101562 0.0585938 
0 0.619141 0.364746 0.136719 0.0732422 
0 0.795898 0.0869141 0.15625 0.0722656 
0 0.0703125 0.0361328 0.101562 0.0722656 
0 0.492188 0.724121 0.121094 0.0791016 
0 0.746094 0.509766 0.144531 0.0839844 
0 0.942383 0.388672 0.115234 0.0664062 
0 0.678223 0.649414 0.143555 0.0566406 
0 0.555664 0.0458984 0.146484 0.0800781 
0 0.366211 0.753906 0.107422 0.0820312 
0 0.802734 0.0375977 0.183594 0.0751953 
0 0.222656 0.609863 0.113281 0.0830078 
0 0.725586 0.367188 0.158203 0.078125 
0 0.661133 0.704102 0.138672 0.0839844 
0 0.707031 0.177246 0.175781 0.0986328 
0 0.145508 0.817383 0.154297 0.0703125 
0 0.14502 0.699219 0.114258 0.0742188 
0 0.184082 0.352539 0.233398 0.0839844 
0 0.0366211 0.871582 0.0732422 0.0771484 
0 0.336914 0.090332 0.212891 0.133789 
0 0.775391 0.241699 0.152344 0.104492 
0 0.140625 0.0629883 0.119141 0.108398 
0 0.209473 0.115234 0.149414 0.117188 
0 0.359375 0.168945 0.185547 0.117188 
