0 0.504395 0.92627 0.0654297 0.0830078 
0 0.765625 0.504883 0.0664062 0.0625 
0 0.53418 0.776367 0.0996094 0.0527344 
0 0.376465 0.755371 0.0908203 0.0634766 
0 0.649414 0.62207 0.173828 0.0761719 
0 0.672852 0.530762 0.0644531 0.0556641 
0 0.65918 0.0512695 0.107422 0.0947266 
0 0.322266 0.657715 0.0585938 0.0654297 
0 0.798828 0.587891 0.0761719 0.0976562 
0 0.553711 0.53125 0.0917969 0.0800781 
0 0.858398 0.743164 0.0800781 0.0605469 
0 0.233398 0.242188 0.115234 0.0722656 
0 0.13623 0.339844 0.0693359 0.0917969 
0 0.974121 0.822266 0.0517578 0.0625 
0 0.046875 0.321289 0.0898438 0.115234 
0 0.336914 0.22168 0.146484 0.105469 
0 0.665039 0.974609 0.0917969 0.0507812 
0 0.904297 0.958984 0.121094 0.0800781 
0 0.0957031 0.802734 0.103516 0.101562 
0 0.594727 0.893066 0.0878906 0.0634766 
0 0.165039 0.63916 0.0878906 0.0693359 
0 0.897461 0.136719 0.0800781 0.103516 
0 0.0410156 0.702148 0.0820312 0.0722656 
0 0.742188 0.0512695 0.0859375 0.100586 
