0 0.816406 0.821777 0.144531 0.0576172 
0 0.130371 0.744141 0.120117 0.0449219 
0 0.71875 0.270508 0.0976562 0.0390625 
0 0.924805 0.363281 0.0957031 0.0390625 
0 0.0288086 0.294434 0.0576172 0.0458984 
0 0.791992 0.87207 0.0839844 0.0683594 
0 0.977539 0.763672 0.0449219 0.0507812 
0 0.760742 0.305176 0.103516 0.0439453 
0 0.980957 0.708984 0.0380859 0.03125 
0 0.98291 0.645508 0.0341797 0.0253906 
0 0.0581055 0.618164 0.104492 0.0566406 
0 0.44043 0.352051 0.0722656 0.0341797 
0 0.0219727 0.132324 0.0439453 0.0458984 
0 0.416016 0.646973 0.125 0.0498047 
0 0.657715 0.230957 0.0693359 0.0537109 
0 0.0380859 0.693848 0.0761719 0.0458984 
0 0.254883 0.366211 0.0957031 0.0449219 
0 0.723145 0.225098 0.0478516 0.0751953 
0 0.651367 0.793945 0.0761719 0.0449219 
0 0.925781 0.32373 0.0546875 0.0712891 
0 0.798828 0.429199 0.0703125 0.0458984 
0 0.969238 0.600098 0.0595703 0.0380859 
0 0.0209961 0.395508 0.0419922 0.0683594 
0 0.907227 0.740234 0.0917969 0.0429688 
0 0.407715 0.390625 0.0986328 0.03125 
0 0.928711 0.548828 0.0839844 0.0546875 
0 0.847656 0.542969 0.0800781 0.0488281 
0 0.393555 0.0341797 0.0800781 0.0644531 
0 0.239746 0.649414 0.104492 0.0410156 
0 0.127441 0.392578 0.108398 0.0507812 
0 0.0698242 0.189941 0.104492 0.0556641 
0 0.511719 0.525879 0.0898438 0.0380859 
0 0.42627 0.493164 0.120117 0.0449219 
0 0.35498 0.321289 0.0849609 0.0566406 
0 0.213867 0.254883 0.126953 0.0488281 
0 0.795898 0.786133 0.103516 0.0683594 
0 0.90332 0.978516 0.0996094 0.0429688 
0 0.164551 0.0239258 0.0908203 0.0478516 
0 0.431641 0.973633 0.0703125 0.0527344 
0 0.0673828 0.489258 0.130859 0.0488281 
0 0.847656 0.214355 0.0488281 0.0693359 
0 0.604492 0.295898 0.0917969 0.0488281 
0 0.186035 0.540039 0.0693359 0.0449219 
0 0.240234 0.842773 0.167969 0.0605469 
0 0.518555 0.050293 0.101562 0.0595703 
0 0.616211 0.59668 0.0996094 0.0566406 
0 0.695801 0.699219 0.0888672 0.0703125 
0 0.74707 0.118164 0.0878906 0.046875 
0 0.73291 0.0722656 0.0810547 0.0664062 
0 0.317871 0.0351562 0.0595703 0.0703125 
0 0.80957 0.239746 0.0898438 0.0673828 
0 0.890137 0.459961 0.0634766 0.0878906 
0 0.291992 0.226562 0.130859 0.0664062 
0 0.482422 0.898438 0.105469 0.0859375 
0 0.458984 0.556641 0.0800781 0.0664062 
0 0.385254 0.0874023 0.102539 0.112305 
