0 0.980469 0.200195 0.0390625 0.0761719 
0 0.109375 0.974609 0.0800781 0.0507812 
0 0.140625 0.0229492 0.078125 0.0458984 
0 0.84082 0.158691 0.09375 0.0693359 
0 0.472168 0.0644531 0.15918 0.0820312 
0 0.959961 0.856445 0.0800781 0.0839844 
0 0.100098 0.919434 0.106445 0.0791016 
0 0.167969 0.277344 0.109375 0.0703125 
0 0.198242 0.786133 0.115234 0.0839844 
0 0.200684 0.351074 0.102539 0.0712891 
0 0.759766 0.389648 0.0683594 0.0800781 
0 0.960449 0.649414 0.0791016 0.0800781 
0 0.0332031 0.511719 0.0664062 0.101562 
0 0.928711 0.262695 0.115234 0.0683594 
0 0.911133 0.796875 0.113281 0.0625 
0 0.948242 0.317383 0.0957031 0.0585938 
0 0.869141 0.443359 0.0878906 0.0722656 
0 0.932617 0.398438 0.0917969 0.0664062 
