0 0.283203 0.348145 0.208984 0.0830078 
0 0.59668 0.706055 0.0644531 0.0644531 
0 0.682129 0.680664 0.0986328 0.103516 
0 0.501465 0.708984 0.0810547 0.0820312 
0 0.35791 0.578125 0.137695 0.078125 
0 0.439453 0.961914 0.078125 0.0761719 
0 0.556641 0.77832 0.0722656 0.0878906 
0 0.643555 0.904297 0.117188 0.146484 
0 0.951172 0.70752 0.0976562 0.0791016 
0 0.713867 0.768555 0.119141 0.0878906 
0 0.591797 0.615234 0.0820312 0.0859375 
0 0.541016 0.911133 0.0625 0.0878906 
0 0.61084 0.527344 0.0732422 0.0761719 
0 0.425293 0.816406 0.0732422 0.195312 
0 0.55957 0.0805664 0.0957031 0.0888672 
0 0.0473633 0.756348 0.0947266 0.0771484 
0 0.637207 0.205078 0.180664 0.148438 
0 0.595703 0.959961 0.0703125 0.0800781 
0 0.84668 0.0537109 0.146484 0.107422 
0 0.401855 0.23291 0.15332 0.0947266 
0 0.771484 0.178711 0.113281 0.177734 
0 0.504883 0.169922 0.138672 0.138672 
