0 0.979492 0.78418 0.0410156 0.0566406 
0 0.676758 0.385254 0.0917969 0.104492 
0 0.0224609 0.329102 0.0449219 0.0527344 
0 0.271484 0.708984 0.0507812 0.0507812 
0 0.430664 0.263184 0.0996094 0.12207 
0 0.266113 0.0522461 0.108398 0.104492 
0 0.646973 0.44873 0.0712891 0.0693359 
0 0.438477 0.422363 0.0878906 0.0849609 
0 0.521484 0.748047 0.078125 0.0683594 
0 0.455566 0.532715 0.0869141 0.0751953 
0 0.743652 0.598633 0.129883 0.0800781 
0 0.686523 0.173828 0.0800781 0.105469 
0 0.104492 0.416504 0.169922 0.0908203 
0 0.286133 0.516602 0.09375 0.0703125 
0 0.57373 0.878906 0.139648 0.0859375 
0 0.317383 0.332031 0.0722656 0.078125 
0 0.245117 0.833008 0.101562 0.0683594 
0 0.655273 0.0449219 0.0996094 0.078125 
0 0.937012 0.237305 0.0849609 0.0878906 
0 0.325684 0.963867 0.0712891 0.0722656 
