0 0.315918 0.748047 0.0791016 0.0625 
0 0.444336 0.128418 0.0878906 0.102539 
0 0.251465 0.0292969 0.0908203 0.0585938 
0 0.655273 0.428711 0.0566406 0.0488281 
0 0.904785 0.0473633 0.0537109 0.0556641 
0 0.370117 0.165039 0.0742188 0.0859375 
0 0.958008 0.343262 0.0664062 0.0849609 
0 0.554688 0.532227 0.0761719 0.0800781 
0 0.410645 0.019043 0.0947266 0.0380859 
0 0.445312 0.214355 0.0664062 0.0634766 
0 0.959961 0.975098 0.0800781 0.0498047 
0 0.769043 0.186523 0.0751953 0.0761719 
0 0.0932617 0.960938 0.0869141 0.078125 
0 0.0791016 0.491211 0.0625 0.0644531 
0 0.868164 0.533203 0.0957031 0.105469 
0 0.32959 0.662598 0.0517578 0.0556641 
0 0.462402 0.894531 0.0791016 0.0703125 
0 0.65625 0.757812 0.0742188 0.0625 
0 0.378906 0.353516 0.0683594 0.0585938 
0 0.0673828 0.335449 0.0625 0.0576172 
0 0.479004 0.568359 0.0947266 0.0996094 
0 0.358887 0.969727 0.0869141 0.0605469 
0 0.0649414 0.709473 0.0693359 0.0654297 
0 0.885742 0.206543 0.0585938 0.0712891 
0 0.635742 0.173828 0.0605469 0.0859375 
0 0.830078 0.648438 0.0664062 0.078125 
0 0.830078 0.104004 0.0585938 0.0693359 
0 0.794922 0.714355 0.0625 0.0556641 
0 0.0854492 0.246094 0.0654297 0.0625 
0 0.853516 0.38623 0.0820312 0.0673828 
0 0.612793 0.836914 0.0693359 0.0742188 
0 0.546875 0.733398 0.0820312 0.0800781 
0 0.51123 0.806152 0.0654297 0.0673828 
0 0.264648 0.665039 0.0878906 0.0800781 
0 0.111328 0.80957 0.0820312 0.0917969 
0 0.616211 0.583008 0.0683594 0.0820312 
0 0.803223 0.322266 0.0634766 0.0761719 
0 0.891602 0.717773 0.0703125 0.0878906 
0 0.540527 0.272461 0.0693359 0.0800781 
0 0.886719 0.805664 0.105469 0.0644531 
0 0.184082 0.39502 0.0751953 0.114258 
0 0.584473 0.0361328 0.0966797 0.0722656 
0 0.666016 0.344238 0.0800781 0.133789 
0 0.0405273 0.422852 0.0751953 0.0820312 
0 0.743164 0.0458984 0.103516 0.0859375 
0 0.19873 0.957031 0.0751953 0.0859375 
0 0.0908203 0.0410156 0.0703125 0.0820312 
