0 0.0302734 0.630371 0.0605469 0.0439453 
0 0.0878906 0.125488 0.142578 0.0517578 
0 0.679199 0.841797 0.0830078 0.0390625 
0 0.209961 0.84668 0.0625 0.0527344 
0 0.52002 0.571289 0.143555 0.0527344 
0 0.602539 0.71582 0.0839844 0.0449219 
0 0.704102 0.763672 0.126953 0.046875 
0 0.563477 0.833496 0.0917969 0.0439453 
0 0.691406 0.678711 0.0878906 0.0449219 
0 0.47168 0.485352 0.150391 0.0566406 
0 0.886719 0.22168 0.0585938 0.0585938 
0 0.761719 0.719727 0.0605469 0.0488281 
0 0.0478516 0.919922 0.0957031 0.046875 
0 0.656738 0.0180664 0.0751953 0.0361328 
0 0.472656 0.0581055 0.0957031 0.0537109 
0 0.193359 0.282227 0.0742188 0.0410156 
0 0.741211 0.520508 0.103516 0.0488281 
0 0.209961 0.125 0.105469 0.046875 
0 0.269043 0.954102 0.116211 0.0742188 
0 0.311035 0.82373 0.0947266 0.0673828 
0 0.20752 0.360352 0.0849609 0.0410156 
0 0.637207 0.141113 0.137695 0.0517578 
0 0.527344 0.34082 0.0703125 0.0722656 
0 0.271973 0.114258 0.104492 0.0625 
0 0.544434 0.760742 0.0927734 0.0566406 
0 0.634766 0.573242 0.0898438 0.0605469 
0 0.495605 0.308594 0.100586 0.0859375 
0 0.125977 0.381348 0.0917969 0.0537109 
0 0.545898 0.905273 0.126953 0.0664062 
0 0.158691 0.694336 0.100586 0.0566406 
0 0.90332 0.15332 0.0644531 0.0703125 
0 0.0327148 0.74707 0.0654297 0.0878906 
0 0.376953 0.95459 0.119141 0.0595703 
0 0.713379 0.891113 0.0986328 0.0576172 
0 0.319824 0.545898 0.110352 0.0449219 
0 0.180176 0.248535 0.0986328 0.0498047 
0 0.0581055 0.833008 0.116211 0.0683594 
0 0.865723 0.86377 0.0869141 0.0849609 
0 0.761719 0.0185547 0.128906 0.0371094 
0 0.0717773 0.51709 0.102539 0.0751953 
