0 0.931641 0.276367 0.0898438 0.0800781 
0 0.334473 0.0283203 0.0810547 0.0566406 
0 0.826172 0.712891 0.0820312 0.0820312 
0 0.34082 0.404297 0.0761719 0.0703125 
0 0.763672 0.224609 0.0664062 0.0878906 
0 0.62793 0.980957 0.0722656 0.0380859 
0 0.0761719 0.87207 0.0820312 0.115234 
0 0.680664 0.657227 0.0996094 0.0761719 
0 0.150879 0.223633 0.0791016 0.111328 
0 0.197754 0.297363 0.149414 0.0849609 
0 0.228516 0.893555 0.0625 0.0761719 
0 0.881836 0.941406 0.0761719 0.0703125 
0 0.537109 0.932617 0.0703125 0.0761719 
0 0.452148 0.224609 0.0898438 0.0742188 
0 0.0229492 0.794434 0.0458984 0.0810547 
0 0.489746 0.090332 0.0673828 0.0576172 
0 0.868652 0.118164 0.104492 0.111328 
0 0.964844 0.693359 0.0683594 0.0820312 
0 0.875 0.457031 0.0703125 0.0742188 
0 0.709961 0.560547 0.0917969 0.0800781 
0 0.131836 0.633789 0.121094 0.111328 
0 0.752441 0.416016 0.0693359 0.0742188 
0 0.354492 0.50293 0.0839844 0.0800781 
0 0.483398 0.529785 0.0761719 0.0908203 
0 0.19873 0.802734 0.0732422 0.0820312 
0 0.388672 0.138184 0.0742188 0.0908203 
0 0.272949 0.676758 0.0712891 0.123047 
0 0.948242 0.398926 0.0800781 0.0986328 
0 0.605469 0.361816 0.0800781 0.0888672 
