0 0.0458984 0.929688 0.0878906 0.136719 
0 0.253906 0.685059 0.0917969 0.0654297 
0 0.214355 0.906738 0.0927734 0.0830078 
0 0.0961914 0.725586 0.120117 0.0722656 
0 0.115723 0.960938 0.0986328 0.078125 
0 0.963379 0.880859 0.0732422 0.0820312 
0 0.972656 0.569824 0.0546875 0.100586 
0 0.174805 0.728516 0.103516 0.0820312 
0 0.0195312 0.586914 0.0390625 0.107422 
0 0.883301 0.907227 0.0810547 0.119141 
0 0.126465 0.276367 0.12793 0.0683594 
0 0.263672 0.418945 0.214844 0.0800781 
0 0.0424805 0.0869141 0.0693359 0.046875 
0 0.905273 0.0522461 0.123047 0.102539 
0 0.0541992 0.202637 0.0771484 0.0732422 
