0 0.98877 0.222656 0.0224609 0.0644531 
0 0.487793 0.679688 0.0556641 0.0351562 
0 0.0292969 0.388184 0.0585938 0.0537109 
0 0.982422 0.914062 0.0351562 0.0390625 
0 0.270996 0.946777 0.0869141 0.0322266 
0 0.269531 0.121582 0.09375 0.0341797 
0 0.151367 0.460938 0.0527344 0.0351562 
0 0.196777 0.874512 0.0419922 0.0556641 
0 0.211426 0.989746 0.0537109 0.0205078 
0 0.606445 0.643066 0.0644531 0.0302734 
0 0.455566 0.871094 0.0615234 0.0703125 
0 0.458496 0.766113 0.0634766 0.0283203 
0 0.457031 0.0268555 0.0625 0.0537109 
0 0.243164 0.912109 0.130859 0.0429688 
0 0.285645 0.766602 0.0634766 0.0371094 
0 0.236328 0.972656 0.0664062 0.0390625 
0 0.361816 0.34082 0.0966797 0.0449219 
0 0.718262 0.694824 0.0810547 0.0556641 
0 0.660156 0.98291 0.0800781 0.0341797 
0 0.474121 0.921875 0.100586 0.0566406 
0 0.630859 0.918945 0.0957031 0.0351562 
0 0.911621 0.250977 0.0888672 0.0507812 
0 0.277832 0.167969 0.0751953 0.078125 
0 0.767578 0.925781 0.0683594 0.0390625 
0 0.722656 0.351562 0.0742188 0.0644531 
0 0.613281 0.887695 0.0605469 0.0332031 
0 0.302734 0.372559 0.0976562 0.0400391 
0 0.0449219 0.942871 0.0898438 0.0498047 
0 0.953125 0.824219 0.09375 0.125 
0 0.910156 0.37793 0.0507812 0.0722656 
0 0.344238 0.236328 0.100586 0.0664062 
0 0.113281 0.90332 0.0605469 0.0410156 
0 0.289551 0.549805 0.114258 0.0683594 
0 0.306641 0.282227 0.0625 0.0546875 
0 0.0400391 0.324219 0.0800781 0.0664062 
0 0.640625 0.705078 0.0546875 0.0585938 
0 0.577148 0.0263672 0.0878906 0.046875 
0 0.958984 0.195312 0.0761719 0.0996094 
0 0.958008 0.516113 0.0664062 0.0615234 
0 0.625 0.277344 0.0976562 0.109375 
0 0.715332 0.065918 0.0771484 0.0771484 
0 0.0439453 0.537109 0.0878906 0.0664062 
0 0.498535 0.886719 0.0615234 0.0625 
0 0.828125 0.586914 0.0429688 0.0722656 
0 0.619141 0.388184 0.0546875 0.0673828 
0 0.454102 0.552246 0.107422 0.0654297 
0 0.129883 0.140137 0.0976562 0.0986328 
0 0.0673828 0.640625 0.101562 0.078125 
0 0.0537109 0.587891 0.0527344 0.0683594 
0 0.478516 0.339844 0.0625 0.0703125 
0 0.130371 0.972656 0.0576172 0.0546875 
0 0.841797 0.0727539 0.0742188 0.0771484 
0 0.80957 0.899414 0.0917969 0.0683594 
0 0.432617 0.19873 0.0722656 0.0966797 
0 0.850098 0.681152 0.120117 0.0966797 
0 0.791016 0.509766 0.078125 0.0820312 
0 0.535645 0.520508 0.0634766 0.0761719 
0 0.0639648 0.241211 0.0849609 0.0839844 
0 0.479492 0.51416 0.0605469 0.0693359 
