0 0.873047 0.966797 0.0976562 0.0625 
0 0.981445 0.461426 0.0371094 0.0791016 
0 0.208008 0.833984 0.0566406 0.0664062 
0 0.915039 0.820312 0.0878906 0.0722656 
0 0.98584 0.245117 0.0283203 0.0722656 
0 0.0136719 0.662109 0.0273438 0.0820312 
0 0.544922 0.707031 0.0449219 0.078125 
0 0.0151367 0.303223 0.0302734 0.102539 
0 0.395508 0.989746 0.0683594 0.0205078 
0 0.671875 0.881348 0.101562 0.0830078 
0 0.851562 0.834473 0.0742188 0.0751953 
0 0.46582 0.375488 0.0761719 0.0751953 
0 0.69873 0.832031 0.0673828 0.0722656 
0 0.961914 0.428223 0.0742188 0.0712891 
0 0.545898 0.551758 0.0625 0.0761719 
0 0.581055 0.725098 0.0605469 0.0849609 
0 0.123047 0.614258 0.0605469 0.0507812 
0 0.339844 0.34668 0.0683594 0.0644531 
0 0.604492 0.90918 0.123047 0.0722656 
0 0.857422 0.10498 0.0878906 0.0732422 
0 0.863281 0.55127 0.113281 0.116211 
0 0.605469 0.532715 0.0625 0.0810547 
0 0.756836 0.645996 0.0546875 0.0791016 
0 0.0336914 0.530273 0.0673828 0.0761719 
0 0.705078 0.507324 0.0703125 0.0673828 
0 0.0288086 0.900391 0.0576172 0.0742188 
0 0.627441 0.96582 0.0966797 0.0683594 
0 0.175293 0.351562 0.0615234 0.0898438 
0 0.465332 0.214844 0.0732422 0.0859375 
0 0.0473633 0.456543 0.0595703 0.0673828 
0 0.123047 0.353027 0.0644531 0.0693359 
0 0.102539 0.470703 0.0566406 0.0625 
0 0.543945 0.4375 0.0683594 0.0859375 
0 0.0375977 0.965332 0.0751953 0.0693359 
0 0.484863 0.916992 0.0849609 0.0917969 
0 0.0737305 0.299805 0.0732422 0.0664062 
0 0.756348 0.0317383 0.0732422 0.0634766 
0 0.916504 0.043457 0.116211 0.0771484 
0 0.43457 0.804688 0.103516 0.0839844 
0 0.116211 0.135254 0.0820312 0.0849609 
0 0.274414 0.0239258 0.0839844 0.0478516 
0 0.258789 0.700195 0.09375 0.0898438 
0 0.180664 0.256348 0.0878906 0.0908203 
0 0.212402 0.49707 0.0888672 0.0664062 
0 0.0546875 0.810547 0.107422 0.121094 
0 0.539062 0.634766 0.101562 0.113281 
0 0.161621 0.0537109 0.0888672 0.103516 
