0 0.122559 0.338867 0.0771484 0.0546875 
0 0.313477 0.197266 0.107422 0.0800781 
0 0.969727 0.0185547 0.0605469 0.0371094 
0 0.731445 0.0917969 0.0644531 0.128906 
0 0.289062 0.0541992 0.0859375 0.108398 
0 0.51709 0.40332 0.106445 0.136719 
0 0.228516 0.256348 0.078125 0.110352 
0 0.586426 0.337402 0.0888672 0.0673828 
0 0.383301 0.83252 0.0810547 0.174805 
0 0.967285 0.213379 0.0654297 0.133789 
0 0.957031 0.498047 0.0859375 0.0820312 
0 0.273926 0.835938 0.0908203 0.09375 
0 0.839844 0.120117 0.0800781 0.123047 
0 0.498047 0.074707 0.0859375 0.0888672 
0 0.813477 0.291992 0.0742188 0.140625 
0 0.172852 0.453613 0.0761719 0.12207 
0 0.798828 0.65625 0.115234 0.113281 
0 0.918945 0.673828 0.0917969 0.126953 
0 0.478516 0.237305 0.0859375 0.107422 
0 0.920898 0.962891 0.0664062 0.0742188 
