0 0.104004 0.03125 0.108398 0.0625 
0 0.947266 0.641602 0.078125 0.216797 
0 0.558594 0.568848 0.0898438 0.0791016 
0 0.132812 0.479004 0.078125 0.0732422 
0 0.0683594 0.342285 0.132812 0.0791016 
0 0.827148 0.526367 0.199219 0.0722656 
0 0.733398 0.893555 0.0800781 0.0878906 
0 0.501953 0.491211 0.078125 0.0683594 
0 0.90332 0.0458984 0.0917969 0.078125 
0 0.263672 0.722168 0.0839844 0.305664 
0 0.260742 0.0317383 0.101562 0.0634766 
0 0.890625 0.342773 0.171875 0.0878906 
0 0.699707 0.766602 0.0869141 0.09375 
0 0.975586 0.510742 0.0488281 0.177734 
0 0.0405273 0.258301 0.0791016 0.100586 
0 0.393555 0.0561523 0.0878906 0.112305 
0 0.869141 0.899414 0.0820312 0.138672 
0 0.481445 0.29834 0.0898438 0.192383 
0 0.637695 0.336426 0.103516 0.206055 
