0 0.621094 0.0209961 0.046875 0.0419922 
0 0.935547 0.870605 0.0507812 0.0302734 
0 0.277344 0.517578 0.0527344 0.03125 
0 0.175293 0.850098 0.0849609 0.0341797 
0 0.205078 0.885254 0.101562 0.0439453 
0 0.79541 0.167969 0.0537109 0.0410156 
0 0.777832 0.955078 0.0517578 0.03125 
0 0.353516 0.847656 0.0800781 0.03125 
0 0.337891 0.536133 0.113281 0.0410156 
0 0.527344 0.533203 0.0527344 0.0507812 
0 0.251953 0.0341797 0.046875 0.0683594 
0 0.54248 0.86377 0.0322266 0.0654297 
0 0.381836 0.688965 0.0644531 0.0478516 
0 0.536133 0.679688 0.0683594 0.0429688 
0 0.610352 0.89502 0.0644531 0.0400391 
0 0.323242 0.938477 0.0722656 0.0351562 
0 0.756348 0.609863 0.0498047 0.0595703 
0 0.883789 0.520508 0.0449219 0.0332031 
0 0.315918 0.371582 0.0595703 0.0556641 
0 0.964844 0.740234 0.0664062 0.0390625 
0 0.794922 0.324219 0.0664062 0.0351562 
0 0.486816 0.72168 0.131836 0.0449219 
0 0.256348 0.383789 0.0712891 0.0507812 
0 0.717773 0.744141 0.0371094 0.0742188 
0 0.130859 0.139648 0.0566406 0.0273438 
0 0.0585938 0.181152 0.0429688 0.0263672 
0 0.0639648 0.318359 0.0849609 0.0429688 
0 0.125 0.621094 0.0898438 0.0546875 
0 0.595703 0.20166 0.0546875 0.104492 
0 0.343262 0.633789 0.0732422 0.0527344 
0 0.976562 0.704102 0.046875 0.0449219 
0 0.0761719 0.981445 0.0957031 0.0371094 
0 0.335449 0.784668 0.12793 0.0556641 
0 0.645508 0.987793 0.0683594 0.0244141 
0 0.166016 0.476074 0.0664062 0.0419922 
0 0.191406 0.52832 0.0703125 0.0332031 
0 0.431152 0.769531 0.0654297 0.0546875 
0 0.383301 0.158691 0.0732422 0.0830078 
0 0.928711 0.245117 0.0761719 0.0625 
0 0.526367 0.445312 0.0449219 0.0683594 
0 0.792969 0.414062 0.0703125 0.0566406 
0 0.339844 0.674316 0.0566406 0.0791016 
0 0.766113 0.0263672 0.0458984 0.0527344 
0 0.845703 0.107422 0.105469 0.078125 
0 0.969727 0.59082 0.0605469 0.0605469 
0 0.249023 0.961914 0.0546875 0.0761719 
0 0.166992 0.266113 0.0898438 0.0751953 
0 0.958008 0.434082 0.0410156 0.0556641 
0 0.916016 0.462402 0.046875 0.0458984 
0 0.13916 0.557617 0.0673828 0.078125 
0 0.504395 0.0297852 0.0771484 0.0595703 
0 0.804199 0.680664 0.0576172 0.0488281 
0 0.601562 0.737305 0.0507812 0.0664062 
0 0.0361328 0.689453 0.0566406 0.0351562 
0 0.23877 0.151367 0.0673828 0.0605469 
0 0.962891 0.360352 0.0527344 0.0761719 
0 0.160156 0.431152 0.0664062 0.0498047 
0 0.711914 0.326172 0.0410156 0.0820312 
0 0.421875 0.0380859 0.0644531 0.0761719 
0 0.973633 0.0463867 0.0527344 0.0927734 
0 0.197266 0.681641 0.0585938 0.0703125 
0 0.03125 0.612305 0.0585938 0.0898438 
0 0.463867 0.254883 0.0917969 0.136719 
0 0.500488 0.368652 0.0673828 0.0634766 
0 0.617188 0.566895 0.0566406 0.0791016 
0 0.45459 0.180664 0.0712891 0.0820312 
0 0.51709 0.570312 0.0810547 0.0820312 
