0 0.723633 0.633301 0.0996094 0.12793 
0 0.524414 0.686523 0.103516 0.181641 
0 0.126465 0.524414 0.0693359 0.0683594 
0 0.954102 0.895508 0.0839844 0.0742188 
0 0.484375 0.193848 0.0585938 0.0732422 
0 0.103516 0.262695 0.152344 0.0800781 
0 0.726562 0.839844 0.078125 0.078125 
0 0.431152 0.71582 0.0908203 0.134766 
0 0.241699 0.814453 0.0673828 0.0585938 
0 0.649414 0.504883 0.111328 0.134766 
0 0.103027 0.35791 0.0947266 0.106445 
0 0.289062 0.188965 0.0878906 0.0810547 
0 0.501465 0.336426 0.0947266 0.108398 
0 0.964844 0.391602 0.0703125 0.0839844 
0 0.0537109 0.498047 0.0859375 0.0898438 
0 0.612793 0.780273 0.0927734 0.0878906 
0 0.300293 0.547852 0.0751953 0.0742188 
0 0.201172 0.106445 0.0761719 0.0839844 
0 0.862305 0.650879 0.0800781 0.0732422 
0 0.579102 0.957031 0.0800781 0.0839844 
0 0.429688 0.493164 0.0859375 0.0917969 
0 0.311523 0.945312 0.0800781 0.105469 
0 0.857422 0.961914 0.0859375 0.0761719 
0 0.833984 0.114746 0.0546875 0.0673828 
0 0.941406 0.225586 0.113281 0.115234 
0 0.662109 0.0380859 0.078125 0.0761719 
0 0.0429688 0.0786133 0.0859375 0.157227 
