0 0.216797 0.706055 0.0664062 0.0664062 
0 0.203125 0.169922 0.0449219 0.046875 
0 0.277344 0.43457 0.0722656 0.0605469 
0 0.464355 0.425781 0.0791016 0.0898438 
0 0.203125 0.442383 0.0644531 0.0761719 
0 0.0522461 0.0488281 0.0576172 0.0507812 
0 0.979492 0.0947266 0.0410156 0.09375 
0 0.0385742 0.537598 0.0771484 0.0693359 
0 0.319336 0.645508 0.0605469 0.0527344 
0 0.459473 0.665039 0.0751953 0.0566406 
0 0.315918 0.898438 0.0966797 0.0976562 
0 0.567383 0.708984 0.0527344 0.0546875 
0 0.74707 0.0356445 0.0644531 0.0693359 
0 0.908203 0.42041 0.0703125 0.0634766 
0 0.140137 0.481934 0.0771484 0.0830078 
0 0.115234 0.200684 0.0898438 0.0576172 
0 0.0537109 0.106445 0.0917969 0.0566406 
0 0.342773 0.760254 0.103516 0.135742 
0 0.104004 0.0444336 0.0517578 0.0576172 
0 0.290527 0.0263672 0.0595703 0.0527344 
0 0.741699 0.728516 0.0576172 0.0546875 
0 0.863281 0.5 0.0898438 0.0859375 
0 0.481934 0.568359 0.0771484 0.0664062 
0 0.739258 0.441406 0.0800781 0.0820312 
0 0.698242 0.830078 0.0800781 0.0585938 
0 0.844727 0.0439453 0.0800781 0.0742188 
0 0.416504 0.090332 0.0693359 0.0810547 
0 0.217773 0.324219 0.0722656 0.0820312 
0 0.603516 0.509766 0.0820312 0.0703125 
0 0.841309 0.355469 0.0732422 0.0976562 
0 0.698242 0.163574 0.0917969 0.0712891 
0 0.325195 0.570312 0.103516 0.0664062 
0 0.0302734 0.665039 0.0605469 0.150391 
0 0.853027 0.13623 0.116211 0.0615234 
0 0.350586 0.264648 0.0996094 0.130859 
0 0.401367 0.307617 0.0722656 0.0800781 
0 0.103027 0.922852 0.0576172 0.0839844 
0 0.842773 0.848633 0.107422 0.212891 
0 0.0341797 0.875977 0.0683594 0.142578 
0 0.930664 0.356445 0.136719 0.0917969 
0 0.704102 0.570312 0.126953 0.0664062 
0 0.208496 0.535645 0.116211 0.116211 
0 0.233887 0.841309 0.110352 0.135742 
0 0.628906 0.683594 0.0703125 0.140625 
0 0.945312 0.604492 0.0996094 0.0878906 
