0 0.260742 0.0893555 0.0839844 0.0908203 
0 0.495117 0.453125 0.0839844 0.0859375 
0 0.901367 0.0258789 0.0898438 0.0517578 
0 0.0756836 0.45752 0.125977 0.0966797 
0 0.844727 0.52002 0.0917969 0.0654297 
0 0.388672 0.817871 0.0957031 0.137695 
0 0.853027 0.263672 0.104492 0.0664062 
0 0.921875 0.770508 0.0742188 0.158203 
0 0.416992 0.588867 0.0761719 0.0839844 
0 0.60791 0.21875 0.0830078 0.126953 
0 0.833984 0.81543 0.0664062 0.0957031 
0 0.670898 0.858398 0.0683594 0.0878906 
0 0.639648 0.457031 0.0703125 0.078125 
0 0.205078 0.589844 0.105469 0.117188 
0 0.484375 0.227051 0.078125 0.0751953 
0 0.489746 0.69043 0.118164 0.123047 
