0 0.143555 0.337402 0.0585938 0.0478516 
0 0.0996094 0.348633 0.0664062 0.0566406 
0 0.421875 0.690918 0.0507812 0.0576172 
0 0.371582 0.778809 0.0634766 0.0595703 
0 0.589355 0.0341797 0.0615234 0.0605469 
0 0.561523 0.967285 0.0839844 0.0654297 
0 0.567383 0.3125 0.0957031 0.0585938 
0 0.451172 0.545898 0.0722656 0.0644531 
0 0.375 0.161621 0.0683594 0.0634766 
0 0.678711 0.430176 0.0957031 0.0556641 
0 0.829102 0.0341797 0.0605469 0.0527344 
0 0.390137 0.568359 0.0634766 0.0585938 
0 0.630859 0.34375 0.0625 0.046875 
0 0.96875 0.165039 0.0625 0.0644531 
0 0.884766 0.537109 0.0820312 0.0664062 
0 0.195801 0.379395 0.0615234 0.0458984 
0 0.864746 0.700684 0.108398 0.0556641 
0 0.61084 0.920898 0.0986328 0.0605469 
0 0.17041 0.980469 0.0732422 0.0390625 
0 0.544922 0.448242 0.0605469 0.0546875 
0 0.147461 0.0332031 0.0644531 0.0546875 
0 0.502441 0.648438 0.0712891 0.0585938 
0 0.621094 0.455078 0.0820312 0.0566406 
0 0.90918 0.806641 0.078125 0.0625 
0 0.0991211 0.907715 0.0908203 0.0869141 
0 0.0600586 0.567871 0.0556641 0.0517578 
0 0.190918 0.662109 0.0615234 0.0546875 
0 0.392578 0.240234 0.0605469 0.0625 
0 0.803711 0.670898 0.109375 0.0585938 
0 0.949219 0.722656 0.09375 0.0605469 
0 0.845703 0.603516 0.0878906 0.0546875 
0 0.0693359 0.019043 0.0683594 0.0380859 
0 0.958984 0.448242 0.0820312 0.0605469 
0 0.0522461 0.300781 0.0673828 0.0664062 
0 0.827148 0.0913086 0.0683594 0.0498047 
0 0.883301 0.375488 0.0986328 0.0615234 
0 0.355957 0.884766 0.0634766 0.0546875 
0 0.317871 0.665039 0.0634766 0.0605469 
0 0.569336 0.105957 0.0644531 0.0556641 
0 0.436523 0.940918 0.0820312 0.0693359 
0 0.736328 0.569336 0.101562 0.0527344 
0 0.074707 0.506348 0.0615234 0.0576172 
0 0.675781 0.110352 0.0859375 0.0625 
0 0.844727 0.166504 0.0761719 0.0654297 
0 0.486816 0.0844727 0.0732422 0.0693359 
0 0.970703 0.62793 0.0585938 0.0800781 
0 0.911133 0.316895 0.0722656 0.0537109 
0 0.642578 0.752441 0.0859375 0.0693359 
0 0.307129 0.325195 0.0712891 0.0605469 
0 0.917969 0.0878906 0.078125 0.0546875 
0 0.447754 0.769531 0.0693359 0.0625 
0 0.23291 0.490723 0.0595703 0.0654297 
0 0.761719 0.480469 0.0859375 0.0625 
0 0.0458984 0.803711 0.0800781 0.0761719 
0 0.473633 0.366211 0.0996094 0.0605469 
0 0.589844 0.556641 0.15625 0.0625 
0 0.277832 0.95459 0.0732422 0.0908203 
