0 0.0566406 0.914062 0.0683594 0.0664062 
0 0.090332 0.849121 0.0986328 0.120117 
0 0.012207 0.0688477 0.0244141 0.0810547 
0 0.960449 0.630859 0.0654297 0.0742188 
0 0.0322266 0.455078 0.0644531 0.0820312 
0 0.758789 0.936523 0.126953 0.126953 
0 0.0859375 0.93457 0.167969 0.126953 
0 0.458984 0.952148 0.117188 0.0957031 
0 0.034668 0.378418 0.0693359 0.108398 
0 0.538086 0.215332 0.0644531 0.0537109 
0 0.90332 0.408691 0.0839844 0.0791016 
0 0.0297852 0.210449 0.0595703 0.147461 
0 0.302734 0.37207 0.0820312 0.0742188 
0 0.610352 0.571777 0.0800781 0.0595703 
0 0.713867 0.745117 0.0703125 0.162109 
0 0.625 0.17627 0.142578 0.0595703 
0 0.973145 0.483398 0.0537109 0.0644531 
0 0.803223 0.384766 0.12793 0.0664062 
0 0.0449219 0.0239258 0.0898438 0.0478516 
0 0.961914 0.578613 0.0761719 0.110352 
0 0.487793 0.384277 0.0634766 0.0615234 
0 0.373047 0.514648 0.121094 0.119141 
0 0.885742 0.531738 0.0957031 0.102539 
0 0.601562 0.0917969 0.101562 0.0664062 
0 0.612305 0.711914 0.123047 0.0683594 
0 0.614746 0.320312 0.149414 0.181641 
0 0.96875 0.239258 0.0625 0.0683594 
0 0.361816 0.351562 0.0888672 0.175781 
