0 0.90918 0.980469 0.0488281 0.0390625 
0 0.418945 0.577148 0.0625 0.0644531 
0 0.668945 0.0849609 0.0839844 0.0683594 
0 0.693848 0.986816 0.0810547 0.0263672 
0 0.604492 0.548828 0.0664062 0.0625 
0 0.960938 0.0595703 0.0703125 0.0683594 
0 0.970703 0.985352 0.0585938 0.0292969 
0 0.314453 0.120117 0.0625 0.0957031 
0 0.272461 0.081543 0.0488281 0.0556641 
0 0.976562 0.768555 0.046875 0.0820312 
0 0.685547 0.478516 0.09375 0.0625 
0 0.688477 0.138672 0.0722656 0.0820312 
0 0.803711 0.255859 0.0996094 0.0664062 
0 0.740234 0.726074 0.0605469 0.100586 
0 0.506836 0.620117 0.0839844 0.0644531 
0 0.660156 0.544922 0.0703125 0.0703125 
0 0.277832 0.157715 0.0732422 0.0673828 
0 0.11084 0.976562 0.0751953 0.046875 
0 0.453125 0.0927734 0.0976562 0.0683594 
0 0.127441 0.640625 0.0615234 0.0585938 
0 0.764648 0.983887 0.0644531 0.0322266 
0 0.529297 0.0712891 0.0625 0.0683594 
0 0.565918 0.43457 0.0673828 0.0644531 
0 0.706055 0.229004 0.0957031 0.0712891 
0 0.746094 0.129395 0.0703125 0.0791016 
0 0.0820312 0.0336914 0.0683594 0.0576172 
0 0.795898 0.321289 0.0800781 0.0761719 
0 0.97168 0.38623 0.0566406 0.0986328 
0 0.870117 0.323242 0.0878906 0.0800781 
0 0.826172 0.0249023 0.0585938 0.0498047 
0 0.64209 0.775391 0.0693359 0.078125 
0 0.453125 0.65332 0.101562 0.0683594 
0 0.0263672 0.218262 0.0527344 0.0810547 
0 0.733398 0.880859 0.0898438 0.0800781 
0 0.0976562 0.581055 0.078125 0.0761719 
0 0.481934 0.910645 0.0673828 0.0751953 
0 0.881836 0.636719 0.0761719 0.078125 
0 0.249512 0.487793 0.0751953 0.0654297 
0 0.375977 0.537109 0.0683594 0.0761719 
0 0.92627 0.588379 0.0869141 0.0654297 
0 0.606445 0.878906 0.0917969 0.0761719 
0 0.480469 0.35791 0.078125 0.0732422 
0 0.851562 0.945312 0.109375 0.078125 
0 0.186035 0.64502 0.0654297 0.0908203 
0 0.563965 0.494629 0.0712891 0.0732422 
0 0.656738 0.324707 0.0810547 0.0673828 
0 0.180664 0.17334 0.0742188 0.0673828 
0 0.303223 0.463867 0.0634766 0.078125 
0 0.90918 0.489258 0.0957031 0.0898438 
0 0.67041 0.618164 0.118164 0.0878906 
0 0.244141 0.739258 0.0722656 0.0878906 
0 0.916016 0.180664 0.0917969 0.0683594 
0 0.803223 0.646484 0.0908203 0.0859375 
0 0.0351562 0.759766 0.0703125 0.0742188 
0 0.768555 0.499023 0.0722656 0.126953 
0 0.302734 0.299316 0.0820312 0.0791016 
0 0.833984 0.189941 0.0859375 0.0869141 
0 0.518066 0.147461 0.108398 0.0683594 
0 0.146484 0.100586 0.103516 0.117188 
