0 0.090332 0.0205078 0.0810547 0.0410156 
0 0.438965 0.376953 0.125977 0.0898438 
0 0.869141 0.267578 0.109375 0.0742188 
0 0.41748 0.632812 0.0810547 0.0546875 
0 0.681641 0.250488 0.09375 0.0517578 
0 0.216309 0.45166 0.0810547 0.0888672 
0 0.378906 0.549805 0.128906 0.0917969 
0 0.236816 0.242188 0.133789 0.078125 
0 0.0791016 0.310059 0.0585938 0.0634766 
0 0.677734 0.297852 0.0859375 0.0683594 
0 0.441895 0.295898 0.110352 0.0605469 
0 0.630859 0.60498 0.160156 0.0673828 
0 0.178711 0.0258789 0.0625 0.0517578 
0 0.798828 0.449219 0.136719 0.0859375 
0 0.162598 0.154785 0.0830078 0.0615234 
0 0.078125 0.0805664 0.0683594 0.0986328 
0 0.285645 0.637695 0.0986328 0.107422 
0 0.465332 0.238281 0.170898 0.0859375 
0 0.39209 0.0380859 0.108398 0.0761719 
0 0.735352 0.0883789 0.0859375 0.0810547 
0 0.848633 0.0537109 0.111328 0.107422 
