0 0.37793 0.38916 0.0449219 0.0517578 
0 0.294922 0.97168 0.0703125 0.0566406 
0 0.0830078 0.931641 0.0625 0.0683594 
0 0.0219727 0.32959 0.0439453 0.0693359 
0 0.445801 0.320312 0.0673828 0.0488281 
0 0.728027 0.558594 0.0673828 0.0761719 
0 0.640625 0.976562 0.105469 0.046875 
0 0.890625 0.354492 0.0546875 0.0488281 
0 0.378418 0.614258 0.0771484 0.0566406 
0 0.875977 0.786133 0.0839844 0.103516 
0 0.116211 0.208008 0.0605469 0.0507812 
0 0.269531 0.14502 0.0703125 0.0654297 
0 0.978516 0.691406 0.0429688 0.101562 
0 0.222168 0.344727 0.0595703 0.0566406 
0 0.75293 0.933105 0.0722656 0.0712891 
0 0.0893555 0.787109 0.0693359 0.0703125 
0 0.764648 0.978516 0.0996094 0.0429688 
0 0.027832 0.907227 0.0556641 0.0800781 
0 0.408691 0.0639648 0.0595703 0.0654297 
0 0.207031 0.515137 0.0859375 0.0556641 
0 0.544922 0.87207 0.0625 0.0683594 
0 0.823242 0.739258 0.0683594 0.0683594 
0 0.520508 0.342285 0.0683594 0.0517578 
0 0.101562 0.109863 0.0644531 0.0595703 
0 0.245117 0.584473 0.0917969 0.0615234 
0 0.966797 0.962891 0.0664062 0.0742188 
0 0.240234 0.945312 0.0683594 0.0605469 
0 0.431152 0.37207 0.0927734 0.0625 
0 0.28125 0.473145 0.0546875 0.0595703 
0 0.166016 0.406738 0.0664062 0.0732422 
0 0.334473 0.754395 0.12793 0.0810547 
0 0.212402 0.439941 0.0576172 0.0888672 
0 0.880859 0.925781 0.0625 0.0566406 
0 0.46582 0.839844 0.0703125 0.0742188 
0 0.685059 0.422852 0.0771484 0.0605469 
0 0.635254 0.48584 0.0654297 0.0849609 
0 0.506836 0.455078 0.126953 0.09375 
0 0.702148 0.310547 0.0566406 0.0566406 
0 0.647949 0.207031 0.0634766 0.0703125 
0 0.601074 0.890625 0.108398 0.0703125 
0 0.398438 0.527832 0.15625 0.0595703 
0 0.167969 0.333008 0.0644531 0.0820312 
0 0.764648 0.0307617 0.0761719 0.0615234 
0 0.303223 0.900391 0.0849609 0.0625 
0 0.339355 0.371582 0.0556641 0.0673828 
0 0.368164 0.81543 0.152344 0.0644531 
0 0.956055 0.529297 0.0527344 0.0546875 
0 0.810547 0.901855 0.0625 0.0908203 
0 0.336426 0.144531 0.0771484 0.0820312 
0 0.958008 0.363281 0.0683594 0.0625 
0 0.907227 0.861816 0.0800781 0.0673828 
0 0.859375 0.546875 0.0585938 0.0664062 
0 0.900391 0.399414 0.0820312 0.0566406 
0 0.438965 0.621094 0.0771484 0.0761719 
0 0.272949 0.414551 0.0791016 0.0966797 
0 0.112793 0.0561523 0.112305 0.0654297 
0 0.0625 0.575195 0.0976562 0.0878906 
0 0.661621 0.731445 0.0556641 0.0722656 
0 0.724121 0.855469 0.0791016 0.09375 
0 0.200684 0.868652 0.0673828 0.0791016 
0 0.605957 0.583008 0.0849609 0.0683594 
0 0.796875 0.213379 0.0625 0.0654297 
