0 0.129395 0.133301 0.172852 0.112305 
0 0.151855 0.0224609 0.0791016 0.0449219 
0 0.356934 0.430176 0.0986328 0.147461 
0 0.927734 0.618164 0.0898438 0.208984 
0 0.443359 0.946289 0.0859375 0.107422 
0 0.772461 0.405273 0.103516 0.173828 
0 0.958008 0.135742 0.0839844 0.130859 
0 0.856445 0.209473 0.0566406 0.135742 
0 0.394043 0.831055 0.106445 0.212891 
0 0.225586 0.355469 0.0839844 0.25 
0 0.579102 0.504883 0.101562 0.181641 
0 0.487793 0.357422 0.0634766 0.101562 
0 0.625 0.198242 0.101562 0.134766 
0 0.958984 0.442383 0.0820312 0.0722656 
0 0.644531 0.0678711 0.103516 0.135742 
0 0.455078 0.429199 0.128906 0.133789 
