0 0.0322266 0.79541 0.0644531 0.0732422 
0 0.537598 0.285645 0.129883 0.0791016 
0 0.545898 0.0341797 0.0683594 0.0683594 
0 0.502441 0.474121 0.0693359 0.0634766 
0 0.89502 0.946289 0.202148 0.107422 
0 0.954102 0.374023 0.0917969 0.0703125 
0 0.223145 0.827148 0.0693359 0.0683594 
0 0.47168 0.0405273 0.0917969 0.0810547 
0 0.0478516 0.922852 0.0683594 0.111328 
0 0.164551 0.920898 0.139648 0.0546875 
0 0.193848 0.657227 0.166992 0.169922 
0 0.942383 0.504883 0.115234 0.0761719 
0 0.0634766 0.482422 0.126953 0.0585938 
0 0.034668 0.661133 0.0693359 0.0761719 
0 0.516113 0.742188 0.0908203 0.0859375 
0 0.799805 0.842285 0.150391 0.100586 
0 0.0644531 0.385254 0.126953 0.124023 
0 0.14502 0.851562 0.0947266 0.119141 
0 0.724609 0.432617 0.191406 0.0996094 
0 0.220215 0.23584 0.124023 0.0947266 
0 0.883789 0.251953 0.154297 0.203125 
0 0.62793 0.290039 0.138672 0.119141 
0 0.53125 0.552734 0.078125 0.144531 
0 0.158691 0.574219 0.124023 0.121094 
0 0.90918 0.0546875 0.138672 0.109375 
0 0.323242 0.147461 0.216797 0.142578 
0 0.363281 0.370605 0.195312 0.145508 
