0 0.257324 0.0488281 0.0517578 0.0800781 
0 0.309082 0.478027 0.0576172 0.0869141 
0 0.0629883 0.311035 0.0810547 0.0537109 
0 0.0112305 0.638672 0.0224609 0.0507812 
0 0.0400391 0.767578 0.0605469 0.0605469 
0 0.6875 0.012207 0.0527344 0.0244141 
0 0.0297852 0.869141 0.0595703 0.0742188 
0 0.299316 0.529297 0.0673828 0.0507812 
0 0.0483398 0.503906 0.0556641 0.046875 
0 0.26123 0.479492 0.0751953 0.0878906 
0 0.0258789 0.801758 0.0517578 0.0742188 
0 0.230469 0.287109 0.0996094 0.0996094 
0 0.119141 0.116699 0.09375 0.0810547 
0 0.190918 0.0927734 0.0751953 0.0644531 
0 0.657715 0.496582 0.0908203 0.0927734 
0 0.0541992 0.140625 0.0556641 0.0820312 
0 0.0532227 0.0610352 0.106445 0.0576172 
0 0.76416 0.540527 0.116211 0.125977 
0 0.505859 0.798828 0.0546875 0.0703125 
0 0.832031 0.13623 0.0605469 0.0791016 
0 0.745605 0.798828 0.0615234 0.0507812 
0 0.537109 0.169434 0.0820312 0.0537109 
0 0.588867 0.582031 0.0605469 0.0566406 
0 0.792969 0.0458984 0.0585938 0.0859375 
0 0.633301 0.394531 0.0654297 0.078125 
0 0.31543 0.0581055 0.0605469 0.116211 
0 0.335938 0.778809 0.0644531 0.0751953 
0 0.10791 0.952148 0.120117 0.0644531 
0 0.109375 0.84668 0.0664062 0.0605469 
0 0.392578 0.514648 0.0664062 0.0644531 
0 0.290039 0.402344 0.0800781 0.078125 
0 0.367676 0.71875 0.0947266 0.0976562 
0 0.358887 0.640625 0.104492 0.078125 
0 0.830078 0.607422 0.078125 0.0976562 
0 0.845215 0.773438 0.106445 0.0898438 
0 0.798828 0.238281 0.0664062 0.0703125 
0 0.603516 0.447754 0.0820312 0.0986328 
0 0.397461 0.142578 0.0976562 0.0917969 
0 0.391602 0.430176 0.0996094 0.108398 
0 0.685059 0.117676 0.0615234 0.0751953 
0 0.668945 0.177734 0.0859375 0.0664062 
0 0.268555 0.740234 0.0683594 0.0703125 
0 0.863281 0.707031 0.119141 0.0722656 
0 0.429199 0.230469 0.0908203 0.0742188 
0 0.172363 0.711914 0.0673828 0.0957031 
0 0.610352 0.719727 0.0878906 0.0878906 
