0 0.607422 0.433105 0.0859375 0.0751953 
0 0.344238 0.414551 0.129883 0.0966797 
0 0.511719 0.823242 0.134766 0.107422 
0 0.138672 0.711426 0.0683594 0.100586 
0 0.797363 0.0546875 0.114258 0.0957031 
0 0.879883 0.0786133 0.0820312 0.155273 
0 0.353027 0.33252 0.102539 0.0693359 
0 0.637695 0.585938 0.0644531 0.128906 
0 0.890137 0.879883 0.151367 0.0761719 
0 0.152832 0.391113 0.0673828 0.168945 
0 0.0512695 0.539062 0.0888672 0.109375 
0 0.860352 0.652344 0.107422 0.0878906 
0 0.789062 0.381836 0.0878906 0.140625 
0 0.0410156 0.799805 0.0820312 0.115234 
0 0.227051 0.667969 0.0771484 0.191406 
0 0.513184 0.71582 0.120117 0.123047 
0 0.575195 0.0859375 0.158203 0.169922 
