0 0.704102 0.0917969 0.078125 0.0546875 
0 0.663086 0.254883 0.0566406 0.0605469 
0 0.723633 0.26709 0.0878906 0.0732422 
0 0.606445 0.856445 0.0839844 0.0449219 
0 0.791992 0.74707 0.0605469 0.0800781 
0 0.0322266 0.161133 0.0644531 0.0585938 
0 0.868164 0.249023 0.128906 0.0585938 
0 0.438477 0.32959 0.0722656 0.0615234 
0 0.174316 0.629395 0.0732422 0.0712891 
0 0.668945 0.895996 0.111328 0.0654297 
0 0.632812 0.105469 0.0839844 0.0898438 
0 0.925293 0.692383 0.114258 0.0761719 
0 0.569336 0.725098 0.0625 0.0439453 
0 0.127441 0.0908203 0.0849609 0.0644531 
0 0.121094 0.206055 0.0878906 0.0683594 
0 0.652344 0.200195 0.105469 0.0566406 
0 0.208496 0.225098 0.0947266 0.0693359 
0 0.714355 0.755371 0.0712891 0.0537109 
0 0.927734 0.783203 0.0625 0.0761719 
0 0.359863 0.755859 0.0927734 0.0820312 
0 0.542969 0.672852 0.0839844 0.0488281 
0 0.199707 0.141113 0.0791016 0.0986328 
0 0.119141 0.756836 0.0839844 0.0761719 
0 0.55957 0.324219 0.119141 0.078125 
0 0.763184 0.666992 0.0693359 0.0859375 
0 0.557617 0.598633 0.0625 0.0605469 
0 0.428711 0.620117 0.0644531 0.0800781 
0 0.771973 0.0795898 0.0654297 0.0849609 
0 0.0395508 0.626953 0.0791016 0.0625 
0 0.675293 0.647949 0.0830078 0.0849609 
0 0.274414 0.785156 0.0839844 0.0976562 
