0 0.467773 0.019043 0.0683594 0.0380859 
0 0.505371 0.124023 0.0693359 0.0839844 
0 0.544922 0.857422 0.0859375 0.0859375 
0 0.114258 0.939453 0.103516 0.0683594 
0 0.431641 0.901855 0.109375 0.100586 
0 0.79248 0.860352 0.0830078 0.0722656 
0 0.0356445 0.851074 0.0712891 0.0693359 
0 0.301758 0.532227 0.0761719 0.0683594 
0 0.279297 0.418945 0.0820312 0.0839844 
0 0.411621 0.281738 0.0751953 0.0732422 
0 0.462891 0.347168 0.0898438 0.0693359 
0 0.921875 0.774414 0.0605469 0.0722656 
0 0.221191 0.463867 0.0771484 0.0761719 
0 0.12793 0.858398 0.0917969 0.0585938 
0 0.950684 0.187012 0.0791016 0.110352 
0 0.753418 0.378906 0.0908203 0.0820312 
0 0.0976562 0.504395 0.160156 0.0810547 
0 0.884766 0.29541 0.09375 0.0693359 
0 0.365234 0.550293 0.0878906 0.100586 
0 0.383301 0.027832 0.0791016 0.0556641 
0 0.709961 0.870117 0.0957031 0.0800781 
0 0.237305 0.0893555 0.0957031 0.0712891 
0 0.140137 0.422363 0.0888672 0.0771484 
0 0.422363 0.842773 0.133789 0.0839844 
0 0.214844 0.305176 0.148438 0.129883 
0 0.583008 0.791016 0.0878906 0.0898438 
0 0.151855 0.672852 0.125977 0.0742188 
0 0.0351562 0.0356445 0.0703125 0.0673828 
0 0.695312 0.755859 0.136719 0.0976562 
0 0.543945 0.340332 0.0820312 0.100586 
0 0.841797 0.103027 0.0742188 0.0986328 
0 0.576172 0.955078 0.117188 0.0839844 
0 0.117676 0.589355 0.12207 0.0673828 
0 0.324219 0.71875 0.0820312 0.132812 
0 0.543945 0.55957 0.0683594 0.0683594 
0 0.48584 0.191895 0.104492 0.135742 
0 0.133789 0.756348 0.109375 0.0986328 
