0 0.0117188 0.0449219 0.0234375 0.0664062 
0 0.508789 0.29248 0.0644531 0.0634766 
0 0.189941 0.441406 0.12793 0.0800781 
0 0.661621 0.015625 0.0732422 0.03125 
0 0.819336 0.96875 0.142578 0.0625 
0 0.456055 0.333008 0.130859 0.0703125 
0 0.956543 0.985352 0.0869141 0.0292969 
0 0.762695 0.879395 0.0527344 0.0537109 
0 0.844727 0.923828 0.101562 0.0742188 
0 0.34668 0.963867 0.111328 0.0722656 
0 0.445801 0.14209 0.0693359 0.0830078 
0 0.444824 0.912598 0.0810547 0.102539 
0 0.481445 0.381836 0.0644531 0.0800781 
0 0.402832 0.12207 0.0751953 0.0996094 
0 0.935547 0.935547 0.078125 0.0703125 
0 0.0668945 0.797852 0.0751953 0.0976562 
0 0.422852 0.845215 0.105469 0.0712891 
0 0.572266 0.0288086 0.111328 0.0576172 
0 0.688477 0.525391 0.0761719 0.109375 
0 0.682617 0.0644531 0.0917969 0.0800781 
0 0.8125 0.21582 0.105469 0.0859375 
0 0.0229492 0.240723 0.0458984 0.0673828 
0 0.695312 0.450195 0.0625 0.0839844 
0 0.640625 0.269531 0.128906 0.0683594 
0 0.0708008 0.0336914 0.0771484 0.0673828 
0 0.270996 0.32666 0.0615234 0.0908203 
0 0.107422 0.230957 0.0703125 0.0791016 
0 0.501953 0.738281 0.0664062 0.119141 
0 0.941406 0.341797 0.113281 0.0703125 
0 0.553223 0.0834961 0.137695 0.0634766 
0 0.125488 0.683594 0.0830078 0.113281 
0 0.0561523 0.918945 0.0849609 0.107422 
0 0.418457 0.447266 0.0732422 0.0878906 
0 0.446777 0.68457 0.0771484 0.078125 
0 0.928711 0.823242 0.115234 0.078125 
0 0.575195 0.612305 0.0644531 0.126953 
0 0.325195 0.779785 0.0703125 0.0654297 
0 0.132812 0.512695 0.136719 0.0996094 
0 0.682617 0.181641 0.0839844 0.0859375 
0 0.77832 0.709961 0.0957031 0.107422 
0 0.200684 0.717285 0.0771484 0.12793 
0 0.208984 0.165039 0.113281 0.0996094 
0 0.272461 0.0512695 0.0878906 0.0986328 
0 0.42627 0.243652 0.104492 0.0751953 
0 0.849609 0.458496 0.105469 0.149414 
