0 0.643066 0.937988 0.301758 0.118164 
0 0.587402 0.0834961 0.213867 0.166992 
0 0.970703 0.790039 0.0585938 0.0761719 
0 0.487305 0.22168 0.0800781 0.0839844 
0 0.901367 0.833496 0.0742188 0.0771484 
0 0.456055 0.137207 0.0742188 0.233398 
0 0.900391 0.767578 0.0703125 0.0976562 
0 0.809082 0.462891 0.0751953 0.171875 
0 0.571777 0.555176 0.0693359 0.0615234 
0 0.917969 0.376953 0.0507812 0.117188 
0 0.466797 0.464844 0.0820312 0.132812 
0 0.806641 0.262207 0.144531 0.28418 
0 0.499023 0.836914 0.0722656 0.126953 
0 0.223145 0.240234 0.0751953 0.0820312 
0 0.216309 0.478516 0.0693359 0.15625 
0 0.327148 0.527344 0.125 0.144531 
0 0.378418 0.764648 0.143555 0.107422 
0 0.0332031 0.0776367 0.0664062 0.155273 
0 0.745117 0.63623 0.0839844 0.110352 
