0 0.0234375 0.455566 0.046875 0.112305 
0 0.0791016 0.0273438 0.09375 0.0546875 
0 0.560547 0.40918 0.125 0.0917969 
0 0.0483398 0.240723 0.0966797 0.135742 
0 0.0556641 0.0722656 0.101562 0.132812 
0 0.158691 0.323242 0.0927734 0.0742188 
0 0.20166 0.12207 0.0634766 0.0839844 
0 0.552734 0.333008 0.0722656 0.0683594 
0 0.0556641 0.803711 0.105469 0.0957031 
0 0.394531 0.376465 0.238281 0.149414 
0 0.454102 0.123047 0.0996094 0.144531 
0 0.662598 0.196777 0.137695 0.198242 
0 0.0400391 0.945312 0.0800781 0.107422 
