0 0.617188 0.0375977 0.181641 0.0751953 
0 0.925781 0.964355 0.132812 0.0712891 
0 0.232422 0.405273 0.140625 0.111328 
0 0.751953 0.850098 0.125 0.129883 
0 0.946289 0.256348 0.0996094 0.0966797 
0 0.228516 0.518066 0.128906 0.0771484 
0 0.463379 0.794922 0.102539 0.0859375 
0 0.074707 0.276367 0.116211 0.232422 
0 0.134766 0.962891 0.132812 0.0742188 
0 0.416016 0.547852 0.101562 0.0996094 
0 0.723145 0.235352 0.155273 0.103516 
0 0.59082 0.356445 0.125 0.0859375 
0 0.802734 0.964844 0.109375 0.0703125 
0 0.146973 0.758789 0.116211 0.134766 
0 0.65918 0.731445 0.103516 0.0605469 
0 0.826172 0.362793 0.183594 0.174805 
0 0.102051 0.464844 0.114258 0.125 
0 0.57666 0.623047 0.0927734 0.136719 
