0 0.924805 0.382324 0.0449219 0.0849609 
0 0.560547 0.867676 0.113281 0.0712891 
0 0.469238 0.883789 0.0595703 0.0722656 
0 0.421387 0.602539 0.0869141 0.0859375 
0 0.630859 0.9375 0.109375 0.0820312 
0 0.408691 0.960938 0.0634766 0.0644531 
0 0.382324 0.664062 0.0732422 0.0585938 
0 0.378418 0.259766 0.0751953 0.078125 
0 0.541504 0.355469 0.0869141 0.0625 
0 0.269531 0.158203 0.078125 0.078125 
0 0.398438 0.505371 0.0703125 0.0654297 
0 0.566406 0.250488 0.0898438 0.0751953 
0 0.460938 0.115234 0.0625 0.0722656 
0 0.634277 0.143066 0.0947266 0.0810547 
0 0.453125 0.435547 0.0820312 0.078125 
0 0.62207 0.638672 0.078125 0.0800781 
0 0.428223 0.835938 0.0615234 0.078125 
0 0.495117 0.241211 0.0546875 0.115234 
0 0.167969 0.130371 0.0859375 0.104492 
0 0.939453 0.290527 0.121094 0.0751953 
0 0.541992 0.192871 0.0566406 0.0595703 
0 0.630859 0.540039 0.0664062 0.130859 
0 0.11084 0.385742 0.110352 0.0683594 
0 0.775391 0.953613 0.164062 0.0927734 
0 0.512695 0.0463867 0.0644531 0.0927734 
0 0.0717773 0.0859375 0.0869141 0.144531 
0 0.614746 0.446289 0.141602 0.123047 
