0 0.177734 0.979492 0.078125 0.0410156 
0 0.027832 0.400391 0.0556641 0.0625 
0 0.561523 0.101562 0.0996094 0.0742188 
0 0.875977 0.628906 0.0878906 0.0703125 
0 0.214355 0.565918 0.0712891 0.0576172 
0 0.259277 0.379883 0.0927734 0.107422 
0 0.274414 0.881836 0.158203 0.205078 
0 0.14209 0.443359 0.0595703 0.0585938 
0 0.787109 0.494629 0.113281 0.129883 
0 0.573242 0.507812 0.0839844 0.078125 
0 0.609863 0.663574 0.204102 0.112305 
0 0.388672 0.915039 0.0664062 0.0761719 
0 0.317871 0.629883 0.182617 0.0820312 
0 0.443848 0.696289 0.157227 0.0722656 
0 0.952148 0.957031 0.0917969 0.0839844 
0 0.954102 0.141113 0.0917969 0.0869141 
0 0.732422 0.165527 0.0820312 0.131836 
0 0.301758 0.0581055 0.0800781 0.0986328 
0 0.0517578 0.663086 0.0957031 0.205078 
0 0.394531 0.0800781 0.078125 0.0878906 
0 0.147949 0.0341797 0.0986328 0.0683594 
