0 0.501465 0.615723 0.0810547 0.0947266 
0 0.183105 0.311035 0.0673828 0.0751953 
0 0.0288086 0.975586 0.0576172 0.0488281 
0 0.821777 0.866211 0.0908203 0.0957031 
0 0.78125 0.147461 0.0820312 0.123047 
0 0.633789 0.231445 0.0761719 0.0957031 
0 0.814453 0.0830078 0.0898438 0.0820312 
0 0.55957 0.300293 0.111328 0.0947266 
0 0.666992 0.775391 0.107422 0.111328 
0 0.901367 0.407715 0.0683594 0.0947266 
0 0.652832 0.960449 0.0966797 0.0791016 
0 0.677734 0.647461 0.101562 0.140625 
0 0.115723 0.850586 0.0908203 0.0957031 
0 0.8125 0.356445 0.121094 0.111328 
0 0.149902 0.0878906 0.120117 0.162109 
0 0.0981445 0.52002 0.118164 0.0908203 
0 0.829102 0.745117 0.0976562 0.0996094 
0 0.0825195 0.745605 0.135742 0.0947266 
