0 0.614258 0.0209961 0.132812 0.0419922 
0 0.0698242 0.501953 0.0771484 0.0722656 
0 0.121094 0.314941 0.0664062 0.0693359 
0 0.870117 0.818359 0.0878906 0.0664062 
0 0.599609 0.157715 0.0664062 0.0654297 
0 0.401855 0.090332 0.0830078 0.0927734 
0 0.441406 0.440918 0.121094 0.0927734 
0 0.680664 0.782227 0.0527344 0.0605469 
0 0.84375 0.886719 0.078125 0.0625 
0 0.0595703 0.175293 0.103516 0.0947266 
0 0.0751953 0.807617 0.144531 0.0957031 
0 0.861328 0.236328 0.0996094 0.0664062 
0 0.818359 0.963867 0.09375 0.0644531 
0 0.548828 0.672363 0.0898438 0.0712891 
0 0.226562 0.249023 0.0878906 0.0722656 
0 0.972656 0.0966797 0.0546875 0.0761719 
0 0.95459 0.587891 0.0830078 0.0820312 
0 0.81543 0.460449 0.0839844 0.0693359 
0 0.507812 0.528809 0.117188 0.0810547 
0 0.295898 0.896484 0.111328 0.113281 
0 0.441895 0.729492 0.0849609 0.0644531 
0 0.612305 0.313965 0.0742188 0.0712891 
0 0.71582 0.598145 0.126953 0.143555 
0 0.69043 0.207031 0.111328 0.0644531 
0 0.464355 0.0517578 0.116211 0.0996094 
