0 0.0410156 0.143066 0.0800781 0.0654297 
0 0.970703 0.904297 0.0585938 0.125 
0 0.389648 0.281738 0.128906 0.0615234 
0 0.462402 0.725098 0.0830078 0.0810547 
0 0.592285 0.347168 0.0888672 0.0634766 
0 0.211914 0.945312 0.0839844 0.0703125 
0 0.325195 0.947266 0.0644531 0.0664062 
0 0.883789 0.950195 0.0996094 0.0644531 
0 0.753906 0.288574 0.0761719 0.0791016 
0 0.0336914 0.739746 0.0673828 0.0634766 
0 0.433594 0.165527 0.0664062 0.0712891 
0 0.11084 0.199707 0.0869141 0.0888672 
0 0.271973 0.324219 0.0908203 0.0820312 
0 0.236816 0.8125 0.0732422 0.078125 
0 0.631348 0.201172 0.0888672 0.0839844 
0 0.915039 0.742188 0.0683594 0.0859375 
0 0.429199 0.493652 0.217773 0.116211 
0 0.886719 0.0527344 0.0917969 0.105469 
0 0.397461 0.889648 0.119141 0.115234 
0 0.558105 0.806641 0.141602 0.078125 
0 0.739258 0.412598 0.0878906 0.0830078 
0 0.62793 0.453613 0.119141 0.116211 
0 0.750977 0.519531 0.130859 0.134766 
0 0.449219 0.0371094 0.0800781 0.0742188 
