0 0.424805 0.856445 0.0957031 0.0820312 
0 0.583984 0.366699 0.0664062 0.0693359 
0 0.0883789 0.34375 0.176758 0.109375 
0 0.958008 0.762695 0.0839844 0.134766 
0 0.893555 0.960938 0.1875 0.078125 
0 0.359375 0.321777 0.078125 0.133789 
0 0.406738 0.27002 0.0791016 0.116211 
0 0.750977 0.856934 0.193359 0.145508 
0 0.927734 0.696289 0.144531 0.132812 
0 0.668945 0.708984 0.0839844 0.117188 
0 0.292969 0.870605 0.126953 0.100586 
0 0.0898438 0.425781 0.179688 0.09375 
0 0.19873 0.246582 0.217773 0.149414 
0 0.169922 0.51709 0.183594 0.0888672 
0 0.300293 0.375 0.168945 0.115234 
0 0.231445 0.760742 0.333984 0.160156 
0 0.918945 0.140625 0.160156 0.160156 
