0 0.283691 0.327148 0.0947266 0.125 
0 0.421875 0.887695 0.136719 0.103516 
0 0.0209961 0.292969 0.0419922 0.111328 
0 0.721191 0.223145 0.170898 0.135742 
0 0.756836 0.164062 0.0566406 0.0859375 
0 0.741211 0.329102 0.0820312 0.0644531 
0 0.110352 0.589844 0.0976562 0.0820312 
0 0.339844 0.850586 0.0820312 0.0742188 
0 0.392578 0.713867 0.0703125 0.0703125 
0 0.361816 0.0727539 0.0712891 0.0927734 
0 0.977539 0.639648 0.0449219 0.111328 
0 0.506836 0.0532227 0.0996094 0.0654297 
0 0.043457 0.915039 0.0732422 0.0839844 
0 0.886719 0.442871 0.0722656 0.0908203 
0 0.611328 0.416992 0.0878906 0.0644531 
0 0.77002 0.0336914 0.0654297 0.0673828 
0 0.438965 0.426758 0.0634766 0.0644531 
0 0.478516 0.694824 0.0703125 0.176758 
0 0.806641 0.648926 0.0898438 0.0732422 
0 0.113281 0.730469 0.0800781 0.107422 
0 0.891113 0.673828 0.0830078 0.123047 
0 0.153809 0.046875 0.0732422 0.09375 
