0 0.310059 0.746582 0.0712891 0.0927734 
0 0.217285 0.0234375 0.104492 0.046875 
0 0.382812 0.970703 0.0742188 0.0585938 
0 0.584961 0.241699 0.0722656 0.0712891 
0 0.723145 0.148438 0.0751953 0.128906 
0 0.694336 0.953125 0.0722656 0.0644531 
0 0.606445 0.730469 0.0839844 0.0703125 
0 0.253418 0.101562 0.0751953 0.0683594 
0 0.840332 0.112305 0.0830078 0.0683594 
0 0.563965 0.333008 0.0869141 0.0839844 
0 0.797852 0.916992 0.0761719 0.0761719 
0 0.769531 0.71582 0.105469 0.0839844 
0 0.773926 0.224121 0.0751953 0.0791016 
0 0.976562 0.386719 0.046875 0.0878906 
0 0.588379 0.152344 0.0673828 0.0722656 
0 0.647461 0.483887 0.0761719 0.131836 
0 0.717773 0.606445 0.0800781 0.0839844 
0 0.790039 0.602051 0.0761719 0.0888672 
0 0.472656 0.151855 0.0742188 0.108398 
0 0.832031 0.507812 0.078125 0.0976562 
0 0.106445 0.228516 0.0800781 0.0800781 
0 0.808105 0.341797 0.0869141 0.113281 
0 0.476562 0.971191 0.0761719 0.0576172 
0 0.453125 0.540527 0.0761719 0.106445 
0 0.919922 0.177246 0.09375 0.0712891 
0 0.32666 0.10498 0.0849609 0.102539 
0 0.266602 0.782227 0.0878906 0.09375 
0 0.928223 0.0361328 0.0576172 0.0722656 
0 0.411621 0.225586 0.0751953 0.132812 
0 0.299805 0.495605 0.0839844 0.114258 
0 0.0717773 0.959961 0.139648 0.0800781 
0 0.23584 0.592773 0.118164 0.0761719 
0 0.0541992 0.811523 0.108398 0.0683594 
0 0.0708008 0.551758 0.0908203 0.103516 
0 0.960449 0.0898438 0.0791016 0.105469 
0 0.100098 0.410645 0.131836 0.110352 
