0 0.69043 0.766113 0.146484 0.125977 
0 0.902832 0.0717773 0.0791016 0.102539 
0 0.966797 0.5 0.0507812 0.0878906 
0 0.791992 0.163086 0.0683594 0.0917969 
0 0.831055 0.961914 0.0585938 0.0585938 
0 0.368164 0.327148 0.0996094 0.0996094 
0 0.0878906 0.931641 0.101562 0.101562 
0 0.84668 0.555176 0.0839844 0.104492 
0 0.17041 0.39502 0.0966797 0.166992 
0 0.043457 0.680664 0.0869141 0.146484 
0 0.717773 0.356445 0.0839844 0.138672 
0 0.149414 0.214844 0.0917969 0.134766 
0 0.928223 0.744141 0.137695 0.105469 
0 0.957031 0.924805 0.0859375 0.119141 
0 0.0805664 0.448242 0.0888672 0.171875 
0 0.941406 0.28418 0.0859375 0.181641 
0 0.69873 0.939453 0.125977 0.117188 
