0 0.543945 0.682129 0.107422 0.0537109 
0 0.308105 0.966797 0.0791016 0.0664062 
0 0.0180664 0.147949 0.0361328 0.0830078 
0 0.0131836 0.745117 0.0263672 0.0996094 
0 0.866699 0.878906 0.0869141 0.0488281 
0 0.933105 0.619629 0.0673828 0.0498047 
0 0.148926 0.0180664 0.0576172 0.0361328 
0 0.698242 0.0166016 0.0839844 0.0332031 
0 0.475586 0.0859375 0.0527344 0.0585938 
0 0.59375 0.795898 0.046875 0.0683594 
0 0.375 0.939941 0.0585938 0.0556641 
0 0.313477 0.927734 0.078125 0.0625 
0 0.93457 0.440918 0.0722656 0.0537109 
0 0.603516 0.733398 0.0644531 0.0839844 
0 0.620117 0.378906 0.0605469 0.0859375 
0 0.657715 0.546387 0.0615234 0.0751953 
0 0.941406 0.221191 0.078125 0.0634766 
0 0.0214844 0.36377 0.0429688 0.0654297 
0 0.805176 0.196777 0.0712891 0.0712891 
0 0.82959 0.594238 0.0771484 0.0595703 
0 0.0185547 0.263672 0.0371094 0.046875 
0 0.504883 0.859863 0.0449219 0.12793 
0 0.749023 0.84082 0.0917969 0.0742188 
0 0.833496 0.675293 0.0615234 0.0771484 
0 0.900879 0.209961 0.0693359 0.128906 
0 0.506836 0.750977 0.126953 0.0605469 
0 0.785156 0.708008 0.0859375 0.0566406 
0 0.558594 0.183594 0.0898438 0.0878906 
0 0.461914 0.308594 0.0527344 0.117188 
0 0.491699 0.0341797 0.0693359 0.0683594 
0 0.105469 0.857422 0.0664062 0.0800781 
0 0.251465 0.597656 0.0634766 0.136719 
0 0.390625 0.0244141 0.0585938 0.0488281 
0 0.760254 0.0595703 0.0732422 0.117188 
0 0.0302734 0.461914 0.0605469 0.0683594 
0 0.821289 0.0942383 0.0566406 0.0673828 
0 0.0585938 0.880859 0.0703125 0.0898438 
0 0.860352 0.831055 0.0820312 0.0683594 
0 0.640137 0.912109 0.0595703 0.0585938 
0 0.145508 0.320801 0.0722656 0.0634766 
0 0.766602 0.134766 0.0742188 0.101562 
0 0.141113 0.387207 0.0654297 0.0791016 
0 0.401367 0.315918 0.0683594 0.0634766 
0 0.841797 0.26709 0.078125 0.196289 
0 0.195312 0.0478516 0.0683594 0.0957031 
0 0.930176 0.0585938 0.0673828 0.109375 
0 0.720703 0.92627 0.0820312 0.100586 
0 0.170898 0.507812 0.0917969 0.0585938 
0 0.688965 0.383789 0.0927734 0.150391 
0 0.404785 0.535645 0.0791016 0.0966797 
0 0.359863 0.693848 0.0751953 0.102539 
0 0.567383 0.412598 0.105469 0.0693359 
0 0.670898 0.15918 0.0722656 0.0957031 
0 0.0673828 0.135742 0.0996094 0.0878906 
0 0.896484 0.663086 0.078125 0.111328 
0 0.163086 0.921875 0.109375 0.09375 
0 0.111328 0.722656 0.0722656 0.0722656 
0 0.458984 0.436523 0.0878906 0.0742188 
0 0.0585938 0.64502 0.0625 0.0947266 
0 0.530273 0.539062 0.101562 0.107422 
0 0.242676 0.15332 0.0869141 0.078125 
0 0.233887 0.70752 0.12793 0.104492 
