0 0.157227 0.982422 0.177734 0.0351562 
0 0.526367 0.273438 0.0878906 0.0429688 
0 0.516602 0.17041 0.162109 0.0439453 
0 0.748047 0.772461 0.0683594 0.03125 
0 0.424805 0.318848 0.0566406 0.108398 
0 0.742676 0.882812 0.0400391 0.09375 
0 0.97168 0.419434 0.0566406 0.0302734 
0 0.0322266 0.679688 0.0644531 0.046875 
0 0.37207 0.428223 0.111328 0.0322266 
0 0.311523 0.285645 0.103516 0.0498047 
0 0.950195 0.274902 0.0527344 0.0341797 
0 0.988281 0.963867 0.0234375 0.0566406 
0 0.0800781 0.0361328 0.0546875 0.0722656 
0 0.970215 0.466309 0.0595703 0.0458984 
0 0.955566 0.895508 0.0888672 0.0332031 
0 0.913574 0.243652 0.0966797 0.0283203 
0 0.896484 0.0478516 0.117188 0.0292969 
0 0.177734 0.768555 0.166016 0.0585938 
0 0.670898 0.356934 0.144531 0.0576172 
0 0.285645 0.977051 0.108398 0.0458984 
0 0.213379 0.52832 0.0732422 0.0351562 
0 0.126953 0.645996 0.105469 0.0380859 
0 0.96582 0.15918 0.0683594 0.0390625 
0 0.637695 0.123535 0.121094 0.0361328 
0 0.26123 0.0273438 0.125977 0.0546875 
0 0.119629 0.4375 0.102539 0.0351562 
0 0.342773 0.524414 0.162109 0.0371094 
0 0.887207 0.591797 0.0947266 0.03125 
0 0.90918 0.019043 0.0996094 0.0380859 
0 0.0473633 0.604492 0.0908203 0.046875 
0 0.575195 0.976074 0.0351562 0.0478516 
0 0.332031 0.856445 0.136719 0.0449219 
0 0.497559 0.608398 0.120117 0.0371094 
0 0.640625 0.68457 0.0683594 0.046875 
0 0.547852 0.759277 0.0644531 0.135742 
0 0.829102 0.0776367 0.0839844 0.0439453 
0 0.591797 0.211426 0.0625 0.0615234 
0 0.712402 0.841797 0.0478516 0.0722656 
0 0.786133 0.643066 0.0410156 0.102539 
0 0.149414 0.078125 0.146484 0.0390625 
0 0.0390625 0.517578 0.078125 0.0820312 
0 0.856445 0.854492 0.144531 0.119141 
0 0.514648 0.757324 0.0605469 0.0947266 
0 0.392578 0.558105 0.0742188 0.0419922 
0 0.795898 0.166992 0.119141 0.0546875 
0 0.106934 0.128418 0.104492 0.0439453 
0 0.336914 0.685547 0.0683594 0.0585938 
0 0.216797 0.648438 0.0742188 0.0449219 
0 0.667969 0.728516 0.152344 0.0664062 
0 0.374512 0.390137 0.180664 0.0771484 
0 0.666992 0.0332031 0.0644531 0.0664062 
0 0.241211 0.481445 0.0878906 0.0527344 
0 0.753418 0.116211 0.114258 0.0566406 
0 0.852539 0.29248 0.177734 0.0537109 
0 0.501465 0.859375 0.151367 0.078125 
0 0.974609 0.374023 0.0507812 0.0957031 
0 0.0463867 0.446289 0.0927734 0.111328 
0 0.61377 0.277344 0.129883 0.0820312 
0 0.742676 0.427734 0.100586 0.0957031 
0 0.815918 0.458008 0.12207 0.103516 
0 0.666992 0.189941 0.09375 0.0986328 
0 0.945312 0.748047 0.105469 0.0683594 
