0 0.171387 0.719238 0.118164 0.0869141 
0 0.177734 0.0986328 0.0957031 0.107422 
0 0.112793 0.647949 0.133789 0.0849609 
0 0.716797 0.61084 0.0859375 0.0771484 
0 0.293945 0.54248 0.107422 0.0732422 
0 0.0585938 0.0288086 0.117188 0.0576172 
0 0.837402 0.977051 0.108398 0.0458984 
0 0.823242 0.673828 0.0878906 0.0761719 
0 0.0415039 0.206543 0.0830078 0.139648 
0 0.602539 0.857422 0.115234 0.0859375 
0 0.354004 0.0463867 0.15918 0.0927734 
0 0.976562 0.355957 0.046875 0.12207 
0 0.333496 0.383301 0.15918 0.157227 
0 0.170898 0.229004 0.0800781 0.102539 
0 0.819336 0.805176 0.0800781 0.129883 
0 0.477051 0.955078 0.0810547 0.0898438 
0 0.958008 0.0952148 0.0839844 0.19043 
