0 0.753906 0.964844 0.0761719 0.0703125 
0 0.275391 0.473633 0.125 0.0957031 
0 0.0400391 0.974609 0.0800781 0.0507812 
0 0.741211 0.0512695 0.0722656 0.0791016 
0 0.228516 0.661133 0.0820312 0.0839844 
0 0.818359 0.175781 0.078125 0.0820312 
0 0.114258 0.596191 0.0859375 0.0869141 
0 0.823242 0.611328 0.0722656 0.0742188 
0 0.713867 0.231445 0.0878906 0.0839844 
0 0.857422 0.977539 0.0898438 0.0449219 
0 0.850098 0.715332 0.0947266 0.108398 
0 0.0537109 0.716797 0.0722656 0.0820312 
0 0.120117 0.188477 0.0625 0.0898438 
0 0.224609 0.125 0.0820312 0.0976562 
0 0.101562 0.478516 0.111328 0.0859375 
