0 0.196289 0.6875 0.0820312 0.078125 
0 0.0600586 0.197754 0.0634766 0.0576172 
0 0.943359 0.982422 0.0703125 0.0351562 
0 0.807617 0.686035 0.169922 0.0849609 
0 0.773438 0.101074 0.0683594 0.0634766 
0 0.171387 0.462402 0.100586 0.0947266 
0 0.268066 0.156738 0.0712891 0.0751953 
0 0.382324 0.62793 0.104492 0.0761719 
0 0.785645 0.816406 0.110352 0.0859375 
0 0.150391 0.834961 0.0703125 0.0917969 
0 0.632324 0.498535 0.108398 0.0751953 
0 0.03125 0.256836 0.0625 0.0703125 
0 0.32666 0.822266 0.161133 0.0976562 
0 0.854004 0.441406 0.0810547 0.101562 
0 0.451172 0.11377 0.078125 0.0732422 
0 0.180664 0.178711 0.0722656 0.0742188 
0 0.0244141 0.103027 0.0488281 0.0634766 
0 0.688477 0.0419922 0.111328 0.0820312 
0 0.922852 0.0444336 0.0957031 0.0791016 
0 0.188965 0.299805 0.0888672 0.0839844 
