0 0.401367 0.904297 0.0546875 0.046875 
0 0.662109 0.368652 0.0664062 0.0517578 
0 0.950195 0.648926 0.0546875 0.0791016 
0 0.217773 0.668945 0.0800781 0.0488281 
0 0.827637 0.446289 0.0556641 0.0605469 
0 0.111816 0.487793 0.0576172 0.0771484 
0 0.791992 0.618164 0.0488281 0.0527344 
0 0.558594 0.20752 0.0742188 0.0673828 
0 0.749023 0.705078 0.0527344 0.0585938 
0 0.621582 0.401367 0.0498047 0.0507812 
0 0.487305 0.464844 0.0449219 0.0546875 
0 0.749512 0.915039 0.0595703 0.0800781 
0 0.290039 0.665527 0.0585938 0.0498047 
0 0.536133 0.109375 0.0722656 0.0664062 
0 0.676758 0.422363 0.0527344 0.0556641 
0 0.211426 0.623047 0.0595703 0.0644531 
0 0.496094 0.754883 0.0722656 0.0585938 
0 0.524414 0.394531 0.0644531 0.0625 
0 0.844238 0.898438 0.0751953 0.0898438 
0 0.637695 0.561523 0.0566406 0.0449219 
0 0.78418 0.536133 0.0507812 0.0566406 
0 0.0546875 0.523926 0.107422 0.0576172 
0 0.733398 0.525391 0.0488281 0.0585938 
0 0.833984 0.145508 0.0703125 0.0644531 
0 0.0996094 0.740234 0.0644531 0.0546875 
0 0.383789 0.0253906 0.0839844 0.0507812 
0 0.34375 0.808594 0.0742188 0.0898438 
0 0.893555 0.638672 0.0683594 0.0605469 
0 0.305664 0.584473 0.078125 0.0673828 
0 0.617188 0.768555 0.0683594 0.0566406 
0 0.736328 0.608398 0.0605469 0.0625 
0 0.276367 0.973633 0.0859375 0.0527344 
0 0.227539 0.44043 0.0878906 0.0585938 
0 0.495117 0.672852 0.0644531 0.0605469 
0 0.104004 0.856934 0.0654297 0.0537109 
0 0.920898 0.976562 0.0683594 0.046875 
0 0.609375 0.454102 0.0664062 0.0683594 
0 0.979492 0.0703125 0.0410156 0.0566406 
0 0.630859 0.910645 0.0703125 0.0693359 
0 0.0996094 0.921387 0.0820312 0.0771484 
0 0.426758 0.293945 0.078125 0.0742188 
0 0.554688 0.73584 0.0625 0.0712891 
0 0.749023 0.166016 0.0703125 0.0683594 
0 0.15625 0.980957 0.0976562 0.0380859 
0 0.324707 0.5 0.0830078 0.0742188 
0 0.19043 0.928711 0.0703125 0.0644531 
0 0.336914 0.430176 0.0683594 0.0791016 
0 0.140137 0.583496 0.0712891 0.100586 
0 0.425781 0.413574 0.0820312 0.120117 
0 0.81543 0.0517578 0.0722656 0.103516 
0 0.894531 0.555664 0.0625 0.0683594 
0 0.0576172 0.0708008 0.107422 0.0712891 
0 0.248535 0.290039 0.0791016 0.0878906 
0 0.0395508 0.976562 0.0732422 0.046875 
0 0.916992 0.0649414 0.0605469 0.0810547 
0 0.192871 0.338867 0.0908203 0.0917969 
