0 0.262695 0.344238 0.134766 0.0732422 
0 0.103027 0.19043 0.0732422 0.0839844 
0 0.790039 0.85791 0.0449219 0.0458984 
0 0.490234 0.538574 0.0683594 0.0791016 
0 0.943359 0.362305 0.0703125 0.0957031 
0 0.0585938 0.287109 0.105469 0.0976562 
0 0.318359 0.483398 0.132812 0.0839844 
0 0.0415039 0.939453 0.0830078 0.0566406 
0 0.237305 0.257812 0.0683594 0.0859375 
0 0.186523 0.304688 0.0644531 0.09375 
0 0.0307617 0.0805664 0.0615234 0.0908203 
0 0.783691 0.385254 0.0751953 0.0673828 
0 0.245117 0.566406 0.130859 0.0585938 
0 0.597656 0.591797 0.185547 0.0585938 
0 0.977051 0.445801 0.0458984 0.0771484 
0 0.928223 0.464355 0.0927734 0.0673828 
0 0.625977 0.324219 0.0683594 0.0742188 
0 0.0249023 0.510254 0.0498047 0.0830078 
0 0.981445 0.550781 0.0371094 0.078125 
0 0.0302734 0.384277 0.0605469 0.0869141 
0 0.293945 0.180664 0.0722656 0.0996094 
0 0.476074 0.37793 0.0693359 0.0878906 
0 0.166504 0.170898 0.0576172 0.105469 
0 0.876953 0.495117 0.109375 0.0917969 
0 0.600586 0.376465 0.0722656 0.106445 
0 0.338867 0.593262 0.115234 0.0693359 
0 0.528809 0.977539 0.0537109 0.0449219 
0 0.970215 0.969727 0.0595703 0.0605469 
0 0.125488 0.964844 0.0634766 0.0664062 
0 0.321289 0.385742 0.0957031 0.0664062 
0 0.978516 0.17041 0.0429688 0.112305 
0 0.027832 0.887207 0.0556641 0.0654297 
0 0.401367 0.903809 0.107422 0.0810547 
0 0.729004 0.22998 0.0712891 0.0751953 
0 0.751953 0.617188 0.0839844 0.0820312 
0 0.635742 0.239258 0.0722656 0.078125 
0 0.297852 0.907227 0.0625 0.0722656 
0 0.526855 0.771484 0.0986328 0.0664062 
0 0.316406 0.678711 0.0664062 0.0722656 
0 0.499023 0.446289 0.0878906 0.0644531 
0 0.305176 0.27832 0.0927734 0.0839844 
0 0.628906 0.898438 0.0859375 0.0664062 
0 0.680176 0.338867 0.0712891 0.103516 
0 0.387695 0.412109 0.0625 0.0703125 
0 0.551758 0.412598 0.0800781 0.0751953 
0 0.10498 0.469727 0.0869141 0.0703125 
0 0.724609 0.939453 0.0625 0.0664062 
0 0.671875 0.477051 0.0703125 0.0732422 
0 0.148926 0.876465 0.0693359 0.0732422 
0 0.196289 0.480469 0.0996094 0.078125 
0 0.884766 0.788574 0.0644531 0.0927734 
0 0.958008 0.651367 0.0683594 0.130859 
0 0.761719 0.901367 0.0585938 0.0644531 
0 0.681641 0.809082 0.101562 0.0947266 
0 0.429199 0.271973 0.0927734 0.100586 
