0 0.710938 0.155762 0.0820312 0.149414 
0 0.563477 0.954102 0.107422 0.0917969 
0 0.749023 0.68457 0.09375 0.130859 
0 0.469238 0.150391 0.0830078 0.140625 
0 0.0546875 0.427734 0.109375 0.140625 
0 0.708008 0.975098 0.0761719 0.0498047 
0 0.155273 0.934082 0.109375 0.131836 
0 0.63916 0.123535 0.129883 0.172852 
0 0.259277 0.964355 0.12793 0.0712891 
0 0.495117 0.598633 0.119141 0.236328 
0 0.827148 0.158203 0.0917969 0.115234 
0 0.708008 0.587402 0.0839844 0.0693359 
0 0.807617 0.391113 0.0957031 0.145508 
0 0.583984 0.0766602 0.136719 0.15332 
0 0.317871 0.268066 0.129883 0.202148 
0 0.958984 0.566406 0.0820312 0.119141 
0 0.439941 0.947266 0.149414 0.101562 
0 0.699219 0.291504 0.132812 0.161133 
0 0.424805 0.464355 0.126953 0.256836 
0 0.14502 0.291016 0.149414 0.195312 
0 0.665039 0.464844 0.152344 0.175781 
