0 0.98584 0.665527 0.0283203 0.0595703 
0 0.977539 0.991211 0.0449219 0.0175781 
0 0.391602 0.983887 0.0585938 0.0322266 
0 0.842773 0.984375 0.0761719 0.03125 
0 0.615234 0.0683594 0.0625 0.0683594 
0 0.0229492 0.638672 0.0458984 0.101562 
0 0.652344 0.105469 0.0820312 0.078125 
0 0.708008 0.0263672 0.0800781 0.0527344 
0 0.424316 0.667969 0.0810547 0.0605469 
0 0.667969 0.695312 0.132812 0.0839844 
0 0.55957 0.105469 0.0800781 0.0742188 
0 0.224121 0.265625 0.0712891 0.0664062 
0 0.148438 0.187988 0.0722656 0.0771484 
0 0.741699 0.373047 0.12207 0.09375 
0 0.977539 0.869629 0.0449219 0.0654297 
0 0.336426 0.947266 0.100586 0.0742188 
0 0.824707 0.801758 0.147461 0.0800781 
0 0.53125 0.473633 0.0742188 0.0878906 
0 0.12207 0.755859 0.0800781 0.0820312 
0 0.611816 0.181152 0.0888672 0.0634766 
0 0.231445 0.479004 0.0898438 0.155273 
0 0.92041 0.188965 0.157227 0.0693359 
0 0.338867 0.209961 0.0761719 0.0761719 
0 0.0615234 0.931641 0.0839844 0.113281 
0 0.443359 0.865723 0.113281 0.0908203 
0 0.852539 0.291992 0.111328 0.0703125 
0 0.433105 0.173828 0.0830078 0.140625 
0 0.789062 0.591797 0.0976562 0.148438 
0 0.958496 0.437988 0.0830078 0.12207 
