0 0.0209961 0.960938 0.0419922 0.078125 
0 0.638184 0.831055 0.0478516 0.0566406 
0 0.962891 0.694336 0.0742188 0.0761719 
0 0.933594 0.321289 0.0566406 0.09375 
0 0.421875 0.359375 0.046875 0.0605469 
0 0.748047 0.694824 0.0546875 0.0615234 
0 0.324219 0.272461 0.0546875 0.126953 
0 0.49707 0.791016 0.0566406 0.0625 
0 0.0166016 0.507324 0.0332031 0.0693359 
0 0.37793 0.21582 0.0449219 0.0761719 
0 0.594238 0.244141 0.0615234 0.111328 
0 0.551758 0.862305 0.0585938 0.0527344 
0 0.966309 0.487793 0.0654297 0.0791016 
0 0.257324 0.59375 0.0556641 0.0703125 
0 0.0649414 0.576172 0.0439453 0.0644531 
0 0.898438 0.0605469 0.0898438 0.113281 
0 0.554199 0.0292969 0.0380859 0.0585938 
0 0.675781 0.105957 0.0488281 0.0498047 
0 0.417969 0.275879 0.0742188 0.104492 
0 0.39209 0.112305 0.0810547 0.0976562 
0 0.454102 0.52832 0.0644531 0.0917969 
0 0.715332 0.336914 0.100586 0.0917969 
0 0.803711 0.608398 0.0644531 0.0839844 
0 0.508301 0.685547 0.0712891 0.078125 
0 0.71875 0.639648 0.0761719 0.0996094 
0 0.891602 0.23877 0.0683594 0.116211 
0 0.705078 0.468262 0.0585938 0.0712891 
0 0.77002 0.140137 0.0791016 0.161133 
0 0.302246 0.791992 0.0693359 0.0996094 
0 0.970703 0.179688 0.0585938 0.117188 
0 0.925781 0.814453 0.0722656 0.0625 
0 0.621094 0.331055 0.0839844 0.0839844 
0 0.306641 0.0888672 0.103516 0.115234 
0 0.842773 0.763672 0.0644531 0.0625 
0 0.57666 0.770508 0.0771484 0.0722656 
0 0.113281 0.862305 0.0976562 0.0761719 
0 0.429199 0.667969 0.0693359 0.214844 
0 0.0297852 0.135254 0.0595703 0.0615234 
0 0.827148 0.891602 0.0761719 0.0761719 
