0 0.0786133 0.978027 0.0849609 0.0439453 
0 0.902344 0.694336 0.0878906 0.0722656 
0 0.0649414 0.494141 0.125977 0.0820312 
0 0.508789 0.979004 0.0957031 0.0419922 
0 0.259277 0.540527 0.116211 0.0693359 
0 0.686523 0.305664 0.0664062 0.0683594 
0 0.814453 0.723145 0.105469 0.129883 
0 0.550781 0.842773 0.0703125 0.0839844 
0 0.252441 0.275391 0.114258 0.0742188 
0 0.0351562 0.897461 0.0703125 0.111328 
0 0.0893555 0.416016 0.0849609 0.0800781 
0 0.810059 0.884766 0.0654297 0.046875 
0 0.79834 0.430664 0.0615234 0.0683594 
0 0.395996 0.486328 0.0537109 0.0625 
0 0.64209 0.967773 0.0966797 0.0644531 
0 0.202637 0.874512 0.114258 0.0712891 
0 0.699707 0.673828 0.108398 0.109375 
0 0.333008 0.697266 0.0800781 0.0703125 
0 0.87207 0.416016 0.109375 0.0625 
0 0.916016 0.925781 0.121094 0.0664062 
0 0.771484 0.078125 0.0859375 0.0976562 
0 0.911133 0.820801 0.0761719 0.104492 
0 0.408203 0.950684 0.0664062 0.0693359 
0 0.975586 0.508789 0.0488281 0.0917969 
0 0.706055 0.11084 0.0644531 0.116211 
0 0.963867 0.605469 0.0527344 0.0976562 
0 0.633789 0.242188 0.0605469 0.123047 
0 0.893555 0.183594 0.0761719 0.09375 
