0 0.779297 0.546875 0.0410156 0.0683594 
0 0.0341797 0.986328 0.0683594 0.0273438 
0 0.34668 0.0791016 0.0800781 0.0449219 
0 0.748535 0.973145 0.0986328 0.0498047 
0 0.542969 0.130371 0.0820312 0.0322266 
0 0.368164 0.671387 0.0800781 0.0361328 
0 0.953613 0.334961 0.0693359 0.0390625 
0 0.0244141 0.829102 0.0488281 0.0722656 
0 0.835449 0.262695 0.0693359 0.0566406 
0 0.825195 0.638672 0.0644531 0.0703125 
0 0.600586 0.952148 0.0644531 0.0566406 
0 0.512695 0.0986328 0.0605469 0.0371094 
0 0.664062 0.977539 0.0507812 0.0449219 
0 0.0644531 0.894531 0.125 0.0664062 
0 0.947266 0.97998 0.0585938 0.0400391 
0 0.980469 0.608398 0.0390625 0.0761719 
0 0.320801 0.947266 0.108398 0.0429688 
0 0.813965 0.288086 0.0986328 0.0410156 
0 0.0717773 0.643066 0.143555 0.0556641 
0 0.208008 0.713867 0.142578 0.0449219 
0 0.777344 0.211426 0.0703125 0.12207 
0 0.0268555 0.46875 0.0537109 0.0703125 
0 0.967773 0.532715 0.0644531 0.0712891 
0 0.571777 0.690918 0.0849609 0.0634766 
0 0.840332 0.855469 0.0634766 0.0488281 
0 0.0419922 0.182129 0.078125 0.0380859 
0 0.820801 0.880371 0.0869141 0.0419922 
0 0.23291 0.0327148 0.141602 0.0654297 
0 0.303223 0.915039 0.112305 0.0488281 
0 0.065918 0.358398 0.129883 0.0449219 
0 0.817383 0.608887 0.0976562 0.0615234 
0 0.195312 0.950195 0.0917969 0.0449219 
0 0.974609 0.0283203 0.0507812 0.0566406 
0 0.746094 0.313477 0.078125 0.0917969 
0 0.160156 0.882812 0.0800781 0.0546875 
0 0.256348 0.689941 0.0810547 0.0380859 
0 0.291016 0.261719 0.105469 0.0546875 
0 0.193848 0.233887 0.106445 0.0517578 
0 0.277832 0.65625 0.0947266 0.0507812 
0 0.399414 0.863281 0.0917969 0.0429688 
0 0.39502 0.779785 0.125977 0.0830078 
0 0.976562 0.220703 0.046875 0.0644531 
0 0.610352 0.337891 0.0683594 0.046875 
0 0.960938 0.37793 0.0546875 0.0585938 
0 0.469727 0.613281 0.0859375 0.0664062 
0 0.677734 0.554199 0.09375 0.0654297 
0 0.131836 0.52832 0.0957031 0.0644531 
0 0.343262 0.352539 0.104492 0.0488281 
0 0.123535 0.487305 0.0693359 0.0644531 
0 0.046875 0.276855 0.0917969 0.0556641 
0 0.911621 0.549316 0.0478516 0.0849609 
0 0.435547 0.677734 0.125 0.0859375 
0 0.143066 0.158691 0.106445 0.0654297 
0 0.552734 0.9375 0.0976562 0.113281 
0 0.791992 0.337891 0.0683594 0.0976562 
0 0.235352 0.416992 0.101562 0.0703125 
0 0.240723 0.359375 0.0732422 0.0585938 
0 0.785156 0.516113 0.0625 0.108398 
0 0.217773 0.548828 0.0996094 0.0839844 
0 0.475098 0.506348 0.0751953 0.0751953 
0 0.522949 0.612793 0.0869141 0.0791016 
0 0.262207 0.19873 0.102539 0.0810547 
0 0.612305 0.518555 0.0722656 0.103516 
0 0.102051 0.231445 0.0732422 0.0800781 
0 0.116699 0.28418 0.0908203 0.0761719 
0 0.360352 0.269531 0.0683594 0.09375 
