0 0.0708008 0.388672 0.0869141 0.0742188 
0 0.0639648 0.678711 0.0908203 0.0761719 
0 0.770508 0.578613 0.0957031 0.0810547 
0 0.0805664 0.893066 0.110352 0.0869141 
0 0.416992 0.851562 0.126953 0.0859375 
0 0.546875 0.52832 0.0703125 0.0683594 
0 0.880859 0.45459 0.105469 0.0634766 
0 0.975586 0.371582 0.0488281 0.0712891 
0 0.286621 0.200195 0.0771484 0.0722656 
0 0.18457 0.276367 0.105469 0.123047 
0 0.431641 0.32959 0.0820312 0.0888672 
0 0.618164 0.341309 0.0917969 0.0693359 
0 0.458008 0.486328 0.126953 0.078125 
0 0.0283203 0.0395508 0.0566406 0.0791016 
0 0.461426 0.713379 0.0927734 0.0673828 
0 0.506348 0.776367 0.147461 0.0703125 
0 0.898926 0.780273 0.0869141 0.123047 
0 0.228516 0.963867 0.128906 0.0722656 
0 0.668457 0.431641 0.0908203 0.078125 
0 0.854492 0.927246 0.0957031 0.0888672 
0 0.951172 0.169922 0.0898438 0.078125 
0 0.573242 0.65332 0.146484 0.0996094 
0 0.78125 0.173828 0.0898438 0.0839844 
0 0.594238 0.200195 0.0791016 0.0976562 
