0 0.647461 0.0649414 0.123047 0.0712891 
0 0.595703 0.591309 0.0664062 0.0673828 
0 0.294434 0.585938 0.100586 0.0996094 
0 0.87793 0.850586 0.0878906 0.0761719 
0 0.48877 0.0458984 0.0888672 0.0917969 
0 0.893066 0.973633 0.0732422 0.0527344 
0 0.534668 0.424805 0.0830078 0.0644531 
0 0.510742 0.124512 0.0664062 0.0634766 
0 0.121582 0.433594 0.0751953 0.121094 
0 0.397949 0.743164 0.0732422 0.0761719 
0 0.497559 0.503906 0.0947266 0.0683594 
0 0.0463867 0.875977 0.0869141 0.111328 
0 0.36377 0.980957 0.104492 0.0380859 
0 0.669922 0.689941 0.0722656 0.0615234 
0 0.272949 0.1875 0.0751953 0.078125 
0 0.0634766 0.763672 0.0742188 0.0644531 
0 0.367676 0.384277 0.0771484 0.118164 
0 0.955078 0.20166 0.0898438 0.0927734 
0 0.274414 0.6875 0.0859375 0.0839844 
0 0.41748 0.845215 0.0615234 0.0634766 
0 0.682617 0.544922 0.0839844 0.0703125 
0 0.257812 0.958008 0.0703125 0.0683594 
0 0.24707 0.358398 0.105469 0.142578 
0 0.59375 0.484375 0.0703125 0.0664062 
0 0.799316 0.0297852 0.102539 0.0595703 
0 0.891602 0.123535 0.111328 0.0751953 
0 0.24707 0.823242 0.0644531 0.0722656 
0 0.826172 0.758301 0.105469 0.0869141 
0 0.0947266 0.636719 0.0839844 0.09375 
0 0.166992 0.666992 0.0761719 0.0800781 
0 0.0932617 0.947266 0.114258 0.0898438 
0 0.770996 0.453613 0.163086 0.100586 
0 0.708496 0.967285 0.176758 0.0654297 
