0 0.955078 0.576172 0.0898438 0.101562 
0 0.962402 0.975586 0.0751953 0.0488281 
0 0.955078 0.345215 0.0898438 0.0771484 
0 0.0991211 0.156738 0.0732422 0.0712891 
0 0.717773 0.911133 0.126953 0.130859 
0 0.103027 0.672852 0.0732422 0.078125 
0 0.407715 0.481934 0.0634766 0.0615234 
0 0.769043 0.171387 0.0830078 0.0634766 
0 0.0595703 0.789551 0.111328 0.0751953 
0 0.231934 0.164062 0.0849609 0.0742188 
0 0.11084 0.0786133 0.0673828 0.0654297 
0 0.72998 0.328125 0.0732422 0.078125 
0 0.254883 0.266113 0.162109 0.0751953 
0 0.419922 0.952637 0.0820312 0.0791016 
0 0.227539 0.789551 0.0878906 0.0732422 
0 0.573242 0.536133 0.0878906 0.0800781 
0 0.552734 0.227539 0.0742188 0.0976562 
0 0.0957031 0.514648 0.078125 0.0800781 
0 0.340332 0.67041 0.0830078 0.0908203 
0 0.646973 0.141113 0.108398 0.106445 
0 0.303223 0.955078 0.0888672 0.0820312 
0 0.945801 0.165039 0.106445 0.101562 
0 0.263184 0.45166 0.0751953 0.112305 
0 0.506836 0.432617 0.0820312 0.103516 
