0 0.496094 0.801758 0.103516 0.103516 
0 0.679688 0.29541 0.0839844 0.0673828 
0 0.979492 0.72168 0.0410156 0.144531 
0 0.554688 0.643555 0.0820312 0.0644531 
0 0.371094 0.597168 0.121094 0.0693359 
0 0.358398 0.19043 0.0839844 0.0585938 
0 0.959473 0.0688477 0.0556641 0.0556641 
0 0.177734 0.420898 0.0996094 0.0722656 
0 0.417969 0.349609 0.101562 0.0859375 
0 0.665039 0.748047 0.107422 0.0761719 
0 0.834961 0.294434 0.0800781 0.0791016 
0 0.774902 0.130371 0.0712891 0.0634766 
0 0.516113 0.177734 0.0751953 0.0664062 
0 0.923828 0.310547 0.0703125 0.0625 
0 0.333008 0.0849609 0.0878906 0.0644531 
0 0.878906 0.51709 0.0898438 0.0791016 
0 0.904297 0.769531 0.0820312 0.183594 
0 0.857422 0.065918 0.0996094 0.0986328 
0 0.798828 0.425781 0.0839844 0.0703125 
0 0.645508 0.978516 0.0878906 0.0429688 
0 0.0361328 0.482422 0.0722656 0.0820312 
0 0.492188 0.0273438 0.105469 0.0546875 
0 0.824219 0.213867 0.0820312 0.0644531 
0 0.45459 0.446777 0.0712891 0.0751953 
0 0.0410156 0.558594 0.0820312 0.0859375 
0 0.345215 0.960449 0.0771484 0.0771484 
0 0.605957 0.0366211 0.0751953 0.0732422 
0 0.131348 0.834961 0.141602 0.130859 
