0 0.484375 0.331543 0.0722656 0.0732422 
0 0.369141 0.0170898 0.0898438 0.0341797 
0 0.476562 0.854492 0.0703125 0.132812 
0 0.694336 0.564453 0.0957031 0.078125 
0 0.827148 0.855469 0.0917969 0.0703125 
0 0.387695 0.737305 0.0605469 0.0878906 
0 0.555664 0.215332 0.0996094 0.100586 
0 0.518555 0.670898 0.0761719 0.0800781 
0 0.794922 0.343262 0.0898438 0.0888672 
0 0.424805 0.28125 0.0800781 0.0742188 
0 0.549805 0.552734 0.078125 0.09375 
0 0.35498 0.971191 0.0771484 0.0576172 
0 0.730957 0.299805 0.0810547 0.109375 
0 0.90918 0.0576172 0.101562 0.0878906 
0 0.777344 0.078125 0.105469 0.0664062 
