0 0.0576172 0.847168 0.078125 0.0732422 
0 0.0546875 0.975098 0.109375 0.0498047 
0 0.515625 0.313477 0.113281 0.0722656 
0 0.645996 0.148438 0.100586 0.0800781 
0 0.65918 0.483887 0.128906 0.0927734 
0 0.196289 0.549805 0.121094 0.0996094 
0 0.878906 0.883301 0.0957031 0.0771484 
0 0.93457 0.524414 0.103516 0.121094 
0 0.958008 0.963867 0.0820312 0.0722656 
0 0.575195 0.409668 0.130859 0.0712891 
0 0.0263672 0.266113 0.0527344 0.0927734 
0 0.927734 0.407227 0.0820312 0.0878906 
0 0.726074 0.519043 0.0966797 0.141602 
0 0.0244141 0.658203 0.0488281 0.109375 
0 0.714355 0.0463867 0.0888672 0.0849609 
0 0.381348 0.92627 0.112305 0.0771484 
0 0.705566 0.904297 0.0712891 0.0742188 
0 0.739258 0.209473 0.0917969 0.12207 
