0 0.193848 0.953613 0.0869141 0.0732422 
0 0.220703 0.762207 0.0625 0.0615234 
0 0.331543 0.642578 0.12207 0.0957031 
0 0.859863 0.28418 0.114258 0.107422 
0 0.043457 0.923828 0.0791016 0.0644531 
0 0.755859 0.220703 0.101562 0.0800781 
0 0.17334 0.516113 0.0634766 0.0634766 
0 0.599609 0.387207 0.123047 0.104492 
0 0.306152 0.261719 0.100586 0.078125 
0 0.519531 0.896973 0.0742188 0.0732422 
0 0.978516 0.380371 0.0429688 0.0908203 
0 0.974609 0.108398 0.0507812 0.0839844 
0 0.350098 0.526367 0.0986328 0.0683594 
0 0.0703125 0.464844 0.136719 0.0898438 
0 0.172363 0.84082 0.0751953 0.0644531 
0 0.333496 0.330078 0.0966797 0.0703125 
0 0.958984 0.822754 0.078125 0.0732422 
0 0.272949 0.955078 0.112305 0.0859375 
0 0.209473 0.306152 0.0751953 0.0712891 
0 0.36377 0.179688 0.149414 0.078125 
0 0.746094 0.129883 0.078125 0.0996094 
0 0.831055 0.905273 0.138672 0.0800781 
0 0.717773 0.921875 0.134766 0.126953 
