0 0.556641 0.953125 0.0546875 0.0332031 
0 0.19873 0.96875 0.0947266 0.0625 
0 0.121582 0.576172 0.0830078 0.046875 
0 0.873047 0.964844 0.078125 0.0429688 
0 0.0717773 0.587891 0.0791016 0.0839844 
0 0.463867 0.414062 0.103516 0.0703125 
0 0.140137 0.629395 0.139648 0.0673828 
0 0.802734 0.583008 0.121094 0.0449219 
0 0.0522461 0.890137 0.104492 0.0595703 
0 0.371094 0.666016 0.0585938 0.0546875 
0 0.0258789 0.668945 0.0517578 0.0625 
0 0.94873 0.529785 0.0615234 0.0498047 
0 0.629395 0.942383 0.0869141 0.0527344 
0 0.962402 0.915039 0.0732422 0.0429688 
0 0.46582 0.444824 0.103516 0.0986328 
0 0.84375 0.569336 0.0585938 0.0683594 
0 0.59375 0.489746 0.101562 0.0478516 
0 0.348633 0.458984 0.115234 0.105469 
0 0.557617 0.259277 0.0488281 0.0556641 
0 0.427246 0.62207 0.102539 0.0566406 
0 0.334961 0.71875 0.0878906 0.117188 
0 0.655273 0.193848 0.0585938 0.0947266 
0 0.153809 0.174805 0.102539 0.09375 
0 0.77832 0.535645 0.0527344 0.0712891 
0 0.0932617 0.164062 0.0791016 0.113281 
0 0.796387 0.864746 0.137695 0.0693359 
0 0.763672 0.816406 0.0488281 0.078125 
0 0.108887 0.222656 0.0791016 0.0625 
0 0.0976562 0.690918 0.0957031 0.0537109 
0 0.413086 0.540039 0.113281 0.0878906 
0 0.856445 0.705078 0.109375 0.0546875 
0 0.0541992 0.728516 0.108398 0.09375 
0 0.654297 0.0439453 0.0664062 0.0878906 
0 0.834961 0.180664 0.0527344 0.134766 
0 0.964355 0.506836 0.0712891 0.0703125 
0 0.234863 0.167969 0.0771484 0.0703125 
0 0.671387 0.462891 0.0771484 0.113281 
0 0.648438 0.145508 0.0742188 0.0957031 
0 0.280273 0.0571289 0.0644531 0.0712891 
0 0.322266 0.849609 0.0996094 0.0722656 
0 0.560547 0.148926 0.09375 0.0849609 
0 0.426758 0.445312 0.0820312 0.0742188 
0 0.160645 0.132812 0.0869141 0.105469 
0 0.368164 0.713867 0.0898438 0.0839844 
0 0.38623 0.945312 0.0869141 0.0605469 
0 0.874023 0.0854492 0.0800781 0.137695 
0 0.57959 0.588867 0.112305 0.132812 
0 0.39502 0.0698242 0.0712891 0.118164 
0 0.958984 0.347168 0.0820312 0.0869141 
