0 0.432617 0.951172 0.0800781 0.0546875 
0 0.622559 0.600586 0.0556641 0.0332031 
0 0.253418 0.897461 0.145508 0.0625 
0 0.851562 0.926758 0.0585938 0.0332031 
0 0.129395 0.927734 0.104492 0.0429688 
0 0.195801 0.921875 0.102539 0.0449219 
0 0.313965 0.539551 0.0927734 0.0419922 
0 0.0405273 0.630371 0.0791016 0.0439453 
0 0.972656 0.400879 0.0546875 0.0986328 
0 0.0795898 0.801758 0.0712891 0.0527344 
0 0.938477 0.630859 0.103516 0.0507812 
0 0.670898 0.805664 0.0644531 0.0371094 
0 0.433594 0.527344 0.046875 0.0429688 
0 0.159668 0.865234 0.0712891 0.0410156 
0 0.46875 0.412598 0.0742188 0.0908203 
0 0.445801 0.297363 0.0810547 0.0498047 
0 0.0751953 0.864258 0.0664062 0.0410156 
0 0.0439453 0.524902 0.078125 0.0458984 
0 0.0200195 0.399414 0.0400391 0.0761719 
0 0.350586 0.291992 0.0957031 0.046875 
0 0.209473 0.20752 0.0888672 0.0595703 
0 0.400391 0.663086 0.0878906 0.046875 
0 0.0390625 0.871582 0.078125 0.0712891 
0 0.89502 0.791992 0.0341797 0.0644531 
0 0.300781 0.588379 0.0546875 0.0400391 
0 0.789062 0.672363 0.0859375 0.0615234 
0 0.75 0.825684 0.0683594 0.0439453 
0 0.136719 0.735352 0.121094 0.0917969 
0 0.94873 0.465332 0.0986328 0.0537109 
0 0.742188 0.871582 0.125 0.0498047 
0 0.34375 0.17041 0.105469 0.0478516 
0 0.686523 0.131836 0.0410156 0.0800781 
0 0.23877 0.779297 0.0712891 0.0507812 
0 0.090332 0.42627 0.0869141 0.0537109 
0 0.36084 0.444824 0.0595703 0.0537109 
0 0.176758 0.553711 0.115234 0.0644531 
0 0.192383 0.256348 0.0761719 0.0478516 
0 0.842773 0.41748 0.0644531 0.0830078 
0 0.25 0.433594 0.103516 0.117188 
0 0.861816 0.165527 0.0478516 0.0576172 
0 0.833008 0.460938 0.0605469 0.0703125 
0 0.855469 0.284668 0.0644531 0.157227 
0 0.806641 0.164062 0.0820312 0.0839844 
0 0.520508 0.166016 0.0664062 0.0703125 
0 0.162109 0.50293 0.0820312 0.0683594 
0 0.688477 0.296875 0.134766 0.119141 
