0 0.655762 0.394043 0.0830078 0.110352 
0 0.220215 0.977539 0.0751953 0.0449219 
0 0.065918 0.0214844 0.0888672 0.0429688 
0 0.849609 0.0908203 0.103516 0.169922 
0 0.711914 0.704102 0.103516 0.0898438 
0 0.331055 0.655273 0.0761719 0.09375 
0 0.171875 0.688477 0.0585938 0.0722656 
0 0.931641 0.437988 0.0820312 0.0869141 
0 0.751465 0.666016 0.0634766 0.0878906 
0 0.580078 0.662109 0.0585938 0.0546875 
0 0.960938 0.303223 0.0703125 0.0751953 
0 0.0385742 0.975586 0.0771484 0.0488281 
0 0.15625 0.0385742 0.103516 0.0771484 
0 0.0395508 0.616699 0.0791016 0.106445 
0 0.401855 0.946777 0.0673828 0.0673828 
0 0.489746 0.970703 0.100586 0.0585938 
0 0.939941 0.65625 0.0791016 0.0898438 
0 0.750977 0.20752 0.0839844 0.112305 
0 0.455566 0.0410156 0.0947266 0.0820312 
0 0.599121 0.592773 0.0791016 0.0683594 
0 0.59375 0.461426 0.0742188 0.104492 
0 0.938477 0.207031 0.0625 0.0898438 
0 0.403809 0.801758 0.102539 0.0996094 
0 0.389648 0.474609 0.0800781 0.078125 
0 0.140625 0.124023 0.119141 0.103516 
0 0.753418 0.0444336 0.0751953 0.0830078 
0 0.0712891 0.531738 0.0957031 0.0849609 
0 0.492188 0.779785 0.101562 0.125977 
0 0.973145 0.065918 0.0537109 0.129883 
0 0.0952148 0.864258 0.157227 0.107422 
0 0.271484 0.472656 0.134766 0.125 
0 0.524902 0.217773 0.0830078 0.0800781 
0 0.881836 0.405273 0.0761719 0.119141 
0 0.264648 0.911621 0.0722656 0.0947266 
0 0.744141 0.494141 0.0703125 0.0703125 
0 0.583008 0.275879 0.0761719 0.0830078 
0 0.345703 0.335938 0.0839844 0.107422 
0 0.254883 0.323242 0.119141 0.111328 
0 0.0922852 0.204102 0.165039 0.181641 
0 0.733398 0.8125 0.103516 0.125 
0 0.142578 0.613281 0.0957031 0.109375 
0 0.853516 0.671387 0.101562 0.135742 
0 0.477539 0.333008 0.0878906 0.0839844 
0 0.908691 0.524902 0.0634766 0.0654297 
