0 0.979492 0.637207 0.0410156 0.0576172 
0 0.429199 0.019043 0.0615234 0.0380859 
0 0.339844 0.862793 0.0644531 0.0556641 
0 0.87793 0.42627 0.0644531 0.0556641 
0 0.518066 0.764648 0.0654297 0.0605469 
0 0.381836 0.445801 0.0566406 0.0517578 
0 0.0219727 0.977539 0.0439453 0.0449219 
0 0.975586 0.435059 0.0488281 0.0595703 
0 0.32666 0.408203 0.0908203 0.0683594 
0 0.552734 0.569824 0.0625 0.0537109 
0 0.731934 0.200684 0.0810547 0.0654297 
0 0.375488 0.119629 0.0927734 0.0712891 
0 0.649414 0.764648 0.0839844 0.0527344 
0 0.308105 0.0874023 0.0654297 0.0634766 
0 0.474121 0.110352 0.0732422 0.078125 
0 0.923828 0.67627 0.0703125 0.0732422 
0 0.327148 0.686523 0.111328 0.0703125 
0 0.78125 0.491211 0.0703125 0.0625 
0 0.388672 0.51416 0.0644531 0.0576172 
0 0.0317383 0.866211 0.0634766 0.0820312 
0 0.0302734 0.149902 0.0605469 0.0615234 
0 0.0454102 0.594727 0.0595703 0.0566406 
0 0.661621 0.28418 0.112305 0.0546875 
0 0.791992 0.892578 0.0957031 0.0585938 
0 0.438965 0.394531 0.0791016 0.0664062 
0 0.394531 0.613281 0.0664062 0.0644531 
0 0.328613 0.787109 0.0712891 0.0703125 
0 0.732422 0.0517578 0.0761719 0.0722656 
0 0.52832 0.270996 0.0839844 0.0673828 
0 0.209473 0.65625 0.0751953 0.0820312 
0 0.695312 0.140137 0.117188 0.0634766 
0 0.725586 0.805664 0.0839844 0.0605469 
0 0.0244141 0.516113 0.0488281 0.0537109 
0 0.611328 0.83252 0.0742188 0.0732422 
0 0.716797 0.634766 0.0859375 0.0976562 
0 0.131836 0.627441 0.0703125 0.0732422 
0 0.034668 0.382812 0.0654297 0.0820312 
0 0.522461 0.410156 0.0644531 0.0625 
0 0.624023 0.353516 0.0878906 0.0839844 
0 0.606445 0.974609 0.0800781 0.0507812 
0 0.969238 0.575195 0.0615234 0.0644531 
0 0.108398 0.51709 0.0722656 0.0654297 
0 0.94043 0.819824 0.117188 0.0712891 
0 0.930664 0.287109 0.119141 0.0820312 
0 0.0200195 0.0361328 0.0400391 0.0722656 
