0 0.745117 0.655762 0.109375 0.0888672 
0 0.553711 0.282715 0.126953 0.0732422 
0 0.699219 0.226562 0.0898438 0.0703125 
0 0.35791 0.155762 0.0634766 0.0615234 
0 0.531738 0.691406 0.0810547 0.128906 
0 0.0205078 0.365723 0.0410156 0.108398 
0 0.431152 0.0830078 0.0908203 0.0722656 
0 0.746582 0.0585938 0.137695 0.115234 
0 0.844238 0.237305 0.0830078 0.0644531 
0 0.688477 0.58252 0.078125 0.100586 
0 0.269531 0.313477 0.0820312 0.0839844 
0 0.919922 0.60498 0.136719 0.0888672 
0 0.308594 0.489746 0.0800781 0.0869141 
0 0.533203 0.866211 0.105469 0.0976562 
0 0.0693359 0.249512 0.0917969 0.0810547 
0 0.960938 0.930176 0.078125 0.0634766 
0 0.610352 0.822754 0.0839844 0.112305 
0 0.765625 0.461426 0.119141 0.0751953 
0 0.639648 0.373535 0.126953 0.0712891 
0 0.361816 0.713867 0.0830078 0.0996094 
0 0.953125 0.385742 0.0859375 0.0957031 
0 0.825195 0.820312 0.0722656 0.134766 
0 0.463379 0.42627 0.0810547 0.112305 
