0 0.572266 0.32666 0.0585938 0.0556641 
0 0.893555 0.749023 0.0527344 0.0683594 
0 0.961426 0.728027 0.0771484 0.0693359 
0 0.129395 0.0488281 0.0634766 0.0625 
0 0.523438 0.821289 0.0546875 0.0566406 
0 0.475098 0.783203 0.0615234 0.0703125 
0 0.695312 0.875488 0.0664062 0.0517578 
0 0.476074 0.717773 0.0439453 0.046875 
0 0.160645 0.375488 0.0478516 0.0458984 
0 0.802734 0.295898 0.0585938 0.0410156 
0 0.0703125 0.0410156 0.0449219 0.0488281 
0 0.178711 0.669922 0.0429688 0.0664062 
0 0.691406 0.740234 0.0507812 0.0546875 
0 0.893555 0.848633 0.0703125 0.0683594 
0 0.410156 0.711914 0.0546875 0.0605469 
0 0.543457 0.262207 0.0517578 0.0654297 
0 0.666992 0.926758 0.0488281 0.0488281 
0 0.152832 0.862305 0.0634766 0.0664062 
0 0.753906 0.407715 0.0507812 0.0458984 
0 0.0805664 0.286133 0.0751953 0.0839844 
0 0.267578 0.716797 0.0585938 0.0507812 
0 0.891602 0.430664 0.0527344 0.0449219 
0 0.929688 0.228516 0.046875 0.0488281 
0 0.666016 0.824219 0.0761719 0.0664062 
0 0.973145 0.334473 0.0537109 0.0771484 
0 0.627441 0.297852 0.0556641 0.0683594 
0 0.666504 0.692383 0.0810547 0.0898438 
0 0.808594 0.246582 0.0566406 0.0576172 
0 0.792969 0.489258 0.0742188 0.0527344 
0 0.395996 0.380859 0.0517578 0.0449219 
0 0.503906 0.635254 0.0683594 0.0615234 
0 0.326172 0.0322266 0.0742188 0.0546875 
0 0.0195312 0.707031 0.0390625 0.0507812 
0 0.563477 0.863281 0.0644531 0.0703125 
0 0.665527 0.450195 0.0517578 0.0566406 
0 0.228027 0.914551 0.0595703 0.0458984 
0 0.137695 0.125488 0.0742188 0.116211 
0 0.573242 0.41748 0.0566406 0.0595703 
0 0.330078 0.78125 0.0546875 0.0507812 
0 0.0288086 0.828125 0.0576172 0.0585938 
0 0.339355 0.321777 0.0478516 0.0712891 
0 0.105957 0.633789 0.0556641 0.0761719 
0 0.0512695 0.683594 0.0517578 0.0859375 
0 0.624023 0.361816 0.0839844 0.0615234 
0 0.790039 0.77002 0.111328 0.0771484 
0 0.351562 0.690918 0.0585938 0.0693359 
0 0.181641 0.793945 0.0742188 0.0644531 
0 0.0727539 0.155273 0.0654297 0.113281 
0 0.477051 0.293457 0.0634766 0.0712891 
0 0.805176 0.340332 0.100586 0.0634766 
