0 0.592773 0.104492 0.0761719 0.0683594 
0 0.632812 0.607422 0.0625 0.0800781 
0 0.575195 0.390625 0.0722656 0.0625 
0 0.236816 0.625977 0.0849609 0.107422 
0 0.900391 0.0239258 0.0859375 0.0478516 
0 0.676758 0.464355 0.09375 0.0751953 
0 0.466797 0.972656 0.0859375 0.0546875 
0 0.681641 0.873047 0.0742188 0.0742188 
0 0.82959 0.065918 0.0791016 0.0810547 
0 0.814453 0.749023 0.0820312 0.0859375 
0 0.637695 0.922852 0.0683594 0.0703125 
0 0.129883 0.151855 0.0683594 0.0634766 
0 0.693359 0.750977 0.0898438 0.0683594 
0 0.657227 0.260254 0.0605469 0.0654297 
0 0.883789 0.180176 0.0683594 0.0732422 
0 0.742188 0.365723 0.0898438 0.110352 
0 0.797852 0.581543 0.0800781 0.0732422 
