0 0.954102 0.212402 0.0546875 0.0517578 
0 0.611328 0.190918 0.0742188 0.157227 
0 0.689941 0.253418 0.0673828 0.102539 
0 0.583008 0.262695 0.0664062 0.0566406 
0 0.225586 0.308105 0.0839844 0.0673828 
0 0.745117 0.679688 0.0722656 0.125 
0 0.848633 0.495117 0.0957031 0.0644531 
0 0.234863 0.246582 0.104492 0.0751953 
0 0.708984 0.325195 0.0820312 0.078125 
0 0.358887 0.97998 0.104492 0.0400391 
0 0.59082 0.332031 0.0703125 0.0703125 
0 0.468262 0.0566406 0.0732422 0.103516 
0 0.972656 0.495605 0.0546875 0.129883 
0 0.904297 0.648438 0.0761719 0.0820312 
