0 0.513672 0.799805 0.121094 0.0488281 
0 0.111328 0.286133 0.0390625 0.0449219 
0 0.519531 0.286133 0.0507812 0.0449219 
0 0.919922 0.767578 0.0839844 0.046875 
0 0.981934 0.0537109 0.0361328 0.0722656 
0 0.214355 0.932617 0.116211 0.0566406 
0 0.142578 0.733398 0.0683594 0.0527344 
0 0.47998 0.673828 0.0986328 0.0507812 
0 0.563477 0.956055 0.0566406 0.046875 
0 0.422363 0.161133 0.0888672 0.0644531 
0 0.580566 0.173828 0.0693359 0.0761719 
0 0.180176 0.330078 0.0732422 0.0410156 
0 0.0922852 0.776367 0.0810547 0.0644531 
0 0.982422 0.818359 0.0351562 0.0429688 
0 0.810547 0.660156 0.0703125 0.046875 
0 0.567383 0.135254 0.0683594 0.0908203 
0 0.641602 0.953125 0.0527344 0.046875 
0 0.51416 0.754883 0.0791016 0.0449219 
0 0.770508 0.981445 0.0878906 0.0371094 
0 0.480957 0.0878906 0.0654297 0.0644531 
0 0.184082 0.878906 0.0654297 0.09375 
0 0.15625 0.668457 0.0585938 0.0517578 
0 0.495605 0.615234 0.0595703 0.0664062 
0 0.143555 0.102539 0.0585938 0.078125 
0 0.669434 0.296387 0.0771484 0.0673828 
0 0.618652 0.917969 0.0517578 0.0664062 
0 0.0429688 0.829102 0.0625 0.0390625 
0 0.973145 0.303711 0.0537109 0.0800781 
0 0.238281 0.783691 0.0742188 0.0791016 
0 0.255859 0.849609 0.09375 0.0546875 
0 0.636719 0.329102 0.113281 0.0527344 
0 0.790039 0.34668 0.0996094 0.0625 
0 0.124512 0.169922 0.0634766 0.0625 
0 0.288574 0.880859 0.0654297 0.046875 
0 0.631348 0.790039 0.0771484 0.0449219 
0 0.128906 0.0449219 0.0585938 0.0898438 
0 0.521973 0.874023 0.0517578 0.0488281 
0 0.288086 0.371582 0.0683594 0.0615234 
0 0.736816 0.501953 0.102539 0.0703125 
0 0.82666 0.0185547 0.110352 0.0371094 
0 0.919922 0.413574 0.0585938 0.0517578 
0 0.027832 0.569336 0.0556641 0.0839844 
0 0.430664 0.774414 0.0566406 0.0800781 
0 0.64209 0.379883 0.0849609 0.0683594 
0 0.950195 0.514648 0.0996094 0.0703125 
0 0.89502 0.516602 0.100586 0.0820312 
0 0.563477 0.262207 0.0566406 0.0927734 
0 0.132812 0.835938 0.0605469 0.0527344 
0 0.36377 0.182617 0.0654297 0.0996094 
0 0.0415039 0.654297 0.0830078 0.0644531 
0 0.799805 0.920898 0.134766 0.0605469 
0 0.368164 0.77832 0.0839844 0.0488281 
0 0.714355 0.792969 0.120117 0.0527344 
0 0.420898 0.32959 0.111328 0.0576172 
0 0.40918 0.882812 0.0957031 0.0898438 
0 0.956055 0.701172 0.0878906 0.0507812 
0 0.0683594 0.869629 0.0605469 0.0615234 
0 0.411133 0.407715 0.0644531 0.124023 
0 0.971191 0.949219 0.0556641 0.0625 
0 0.019043 0.958008 0.0380859 0.0839844 
0 0.910156 0.887695 0.0859375 0.0585938 
0 0.944336 0.180176 0.109375 0.0849609 
0 0.327637 0.96875 0.108398 0.0625 
0 0.933594 0.633301 0.0898438 0.0732422 
