0 0.973633 0.382812 0.0527344 0.0761719 
0 0.42041 0.769043 0.145508 0.118164 
0 0.875 0.855469 0.0722656 0.109375 
0 0.950195 0.78418 0.0976562 0.107422 
0 0.395508 0.466309 0.138672 0.0771484 
0 0.682129 0.129395 0.0810547 0.0634766 
0 0.914062 0.453613 0.0703125 0.0888672 
0 0.254883 0.0888672 0.111328 0.175781 
0 0.545898 0.948242 0.138672 0.103516 
0 0.50293 0.0512695 0.126953 0.0986328 
0 0.459961 0.588867 0.130859 0.0644531 
0 0.625977 0.557617 0.0683594 0.136719 
0 0.459961 0.874023 0.0722656 0.0839844 
0 0.775391 0.619629 0.0664062 0.147461 
0 0.963867 0.701172 0.0722656 0.0722656 
0 0.847656 0.329102 0.0800781 0.0722656 
0 0.549805 0.29834 0.0644531 0.0927734 
0 0.175781 0.607422 0.0957031 0.0742188 
0 0.0327148 0.957031 0.0654297 0.078125 
0 0.112793 0.902344 0.0673828 0.121094 
0 0.700195 0.500488 0.0722656 0.182617 
0 0.200195 0.958984 0.0917969 0.0820312 
0 0.356934 0.950195 0.0712891 0.0996094 
