0 0.78369140625 0.576171875 0.0751953125 0.099609375
0 0.912109375 0.43017578125 0.0859375 0.1123046875
0 0.9365234375 0.0673828125 0.080078125 0.07421875
0 0.50927734375 0.20068359375 0.0732421875 0.0771484375
0 0.09716796875 0.76318359375 0.0615234375 0.0810546875
0 0.44091796875 0.93994140625 0.0673828125 0.0947265625
0 0.65869140625 0.08544921875 0.0947265625 0.0595703125
0 0.20263671875 0.63671875 0.0869140625 0.0859375
0 0.0263671875 0.26123046875 0.052734375 0.0947265625
0 0.51025390625 0.7734375 0.0537109375 0.115234375
0 0.0693359375 0.90380859375 0.08984375 0.0615234375
0 0.3447265625 0.48046875 0.0859375 0.076171875
0 0.5751953125 0.353515625 0.080078125 0.11328125
0 0.4775390625 0.4248046875 0.119140625 0.048828125
0 0.01123046875 0.54541015625 0.0224609375 0.0654296875
0 0.75830078125 0.74658203125 0.0771484375 0.0693359375
0 0.21728515625 0.0576171875 0.0791015625 0.111328125
0 0.01318359375 0.470703125 0.0263671875 0.0703125
0 0.1376953125 0.11376953125 0.060546875 0.0654296875
0 0.6455078125 0.154296875 0.083984375 0.09375
0 0.11767578125 0.23095703125 0.0888671875 0.0419921875
0 0.6064453125 0.7939453125 0.111328125 0.0625
0 0.2841796875 0.10546875 0.033203125 0.076171875
0 0.66015625 0.37255859375 0.048828125 0.0654296875
0 0.79736328125 0.4921875 0.0576171875 0.064453125
0 0.27099609375 0.35205078125 0.0947265625 0.0595703125
0 0.2861328125 0.39697265625 0.1015625 0.0634765625
0 0.046875 0.71875 0.09375 0.044921875
0 0.2275390625 0.4814453125 0.04296875 0.0625
0 0.09521484375 0.5576171875 0.0908203125 0.03125
0 0.71484375 0.060546875 0.060546875 0.087890625
0 0.984375 0.42919921875 0.03125 0.0693359375
0 0.2255859375 0.12939453125 0.0859375 0.0361328125
0 0.912109375 0.275390625 0.146484375 0.078125
0 0.66748046875 0.517578125 0.0693359375 0.046875
0 0.75341796875 0.2783203125 0.1083984375 0.111328125
0 0.1923828125 0.814453125 0.076171875 0.033203125
0 0.1484375 0.91650390625 0.0703125 0.0869140625
0 0.22607421875 0.92431640625 0.0908203125 0.1376953125
0 0.271484375 0.87109375 0.072265625 0.05859375
0 0.4248046875 0.8525390625 0.150390625 0.0546875
0 0.94287109375 0.2265625 0.0732421875 0.033203125
0 0.611328125 0.9794921875 0.064453125 0.03515625
0 0.0791015625 0.8017578125 0.076171875 0.05078125
0 0.111328125 0.4580078125 0.04296875 0.06640625
0 0.4755859375 0.982421875 0.029296875 0.03515625
0 0.75 0.15478515625 0.037109375 0.0576171875
0 0.57080078125 0.5234375 0.0810546875 0.037109375
0 0.3349609375 0.28857421875 0.12109375 0.0419921875
0 0.140625 0.8486328125 0.146484375 0.0546875
0 0.0322265625 0.17724609375 0.064453125 0.0380859375
0 0.974609375 0.60888671875 0.05078125 0.0341796875
0 0.6025390625 0.23046875 0.0625 0.04296875
0 0.96826171875 0.93017578125 0.0634765625 0.0400390625
0 0.0224609375 0.7646484375 0.044921875 0.03125
0 0.861328125 0.6943359375 0.060546875 0.04296875
0 0.3642578125 0.62353515625 0.0703125 0.0244140625
0 0.78955078125 0.08251953125 0.0458984375 0.0693359375
0 0.3857421875 0.400390625 0.05859375 0.029296875
0 0.37939453125 0.81689453125 0.0615234375 0.0419921875
0 0.35107421875 0.1611328125 0.0810546875 0.029296875
0 0.86767578125 0.89794921875 0.0478515625 0.0400390625
0 0.033203125 0.46240234375 0.06640625 0.0400390625
0 0.01318359375 0.98974609375 0.0263671875 0.0205078125
0 0.74951171875 0.2294921875 0.0673828125 0.03125
0 0.626953125 0.9521484375 0.048828125 0.0625
0 0.88037109375 0.8095703125 0.0380859375 0.03125
0 0.65380859375 0.0283203125 0.0478515625 0.0546875
0 0.2724609375 0.015625 0.041015625 0.03125
0 0.60302734375 0.017578125 0.0439453125 0.033203125
0 0.033203125 0.4501953125 0.06640625 0.03515625
0 0.2255859375 0.59619140625 0.060546875 0.0283203125
0 0.2978515625 0.869140625 0.0546875 0.046875
0 0.9072265625 0.88916015625 0.037109375 0.0361328125
0 0.98974609375 0.7734375 0.0205078125 0.08203125
0 0.2509765625 0.5546875 0.126953125 0.04296875
0 0.42138671875 0.07861328125 0.0732421875 0.0595703125
0 0.78369140625 0.576171875 0.0751953125 0.099609375
0 0.912109375 0.43017578125 0.0859375 0.1123046875
0 0.9365234375 0.0673828125 0.080078125 0.07421875
0 0.50927734375 0.20068359375 0.0732421875 0.0771484375
0 0.09716796875 0.76318359375 0.0615234375 0.0810546875
0 0.44091796875 0.93994140625 0.0673828125 0.0947265625
0 0.65869140625 0.08544921875 0.0947265625 0.0595703125
0 0.20263671875 0.63671875 0.0869140625 0.0859375
0 0.0263671875 0.26123046875 0.052734375 0.0947265625
0 0.51025390625 0.7734375 0.0537109375 0.115234375
0 0.0693359375 0.90380859375 0.08984375 0.0615234375
0 0.3447265625 0.48046875 0.0859375 0.076171875
0 0.5751953125 0.353515625 0.080078125 0.11328125
0 0.4775390625 0.4248046875 0.119140625 0.048828125
0 0.01123046875 0.54541015625 0.0224609375 0.0654296875
0 0.75830078125 0.74658203125 0.0771484375 0.0693359375
0 0.21728515625 0.0576171875 0.0791015625 0.111328125
0 0.01318359375 0.470703125 0.0263671875 0.0703125
0 0.1376953125 0.11376953125 0.060546875 0.0654296875
0 0.6455078125 0.154296875 0.083984375 0.09375
0 0.11767578125 0.23095703125 0.0888671875 0.0419921875
0 0.6064453125 0.7939453125 0.111328125 0.0625
0 0.2841796875 0.10546875 0.033203125 0.076171875
0 0.66015625 0.37255859375 0.048828125 0.0654296875
0 0.79736328125 0.4921875 0.0576171875 0.064453125
0 0.27099609375 0.35205078125 0.0947265625 0.0595703125
0 0.2861328125 0.39697265625 0.1015625 0.0634765625
0 0.046875 0.71875 0.09375 0.044921875
0 0.2275390625 0.4814453125 0.04296875 0.0625
0 0.09521484375 0.5576171875 0.0908203125 0.03125
0 0.71484375 0.060546875 0.060546875 0.087890625
0 0.984375 0.42919921875 0.03125 0.0693359375
0 0.2255859375 0.12939453125 0.0859375 0.0361328125
0 0.912109375 0.275390625 0.146484375 0.078125
0 0.66748046875 0.517578125 0.0693359375 0.046875
0 0.75341796875 0.2783203125 0.1083984375 0.111328125
0 0.1923828125 0.814453125 0.076171875 0.033203125
0 0.1484375 0.91650390625 0.0703125 0.0869140625
0 0.22607421875 0.92431640625 0.0908203125 0.1376953125
0 0.271484375 0.87109375 0.072265625 0.05859375
0 0.4248046875 0.8525390625 0.150390625 0.0546875
0 0.94287109375 0.2265625 0.0732421875 0.033203125
0 0.611328125 0.9794921875 0.064453125 0.03515625
0 0.0791015625 0.8017578125 0.076171875 0.05078125
0 0.111328125 0.4580078125 0.04296875 0.06640625
0 0.4755859375 0.982421875 0.029296875 0.03515625
0 0.75 0.15478515625 0.037109375 0.0576171875
0 0.57080078125 0.5234375 0.0810546875 0.037109375
0 0.3349609375 0.28857421875 0.12109375 0.0419921875
0 0.140625 0.8486328125 0.146484375 0.0546875
0 0.0322265625 0.17724609375 0.064453125 0.0380859375
0 0.974609375 0.60888671875 0.05078125 0.0341796875
0 0.6025390625 0.23046875 0.0625 0.04296875
0 0.96826171875 0.93017578125 0.0634765625 0.0400390625
0 0.0224609375 0.7646484375 0.044921875 0.03125
0 0.861328125 0.6943359375 0.060546875 0.04296875
0 0.3642578125 0.62353515625 0.0703125 0.0244140625
0 0.78955078125 0.08251953125 0.0458984375 0.0693359375
0 0.3857421875 0.400390625 0.05859375 0.029296875
0 0.37939453125 0.81689453125 0.0615234375 0.0419921875
0 0.35107421875 0.1611328125 0.0810546875 0.029296875
0 0.86767578125 0.89794921875 0.0478515625 0.0400390625
0 0.033203125 0.46240234375 0.06640625 0.0400390625
0 0.01318359375 0.98974609375 0.0263671875 0.0205078125
0 0.74951171875 0.2294921875 0.0673828125 0.03125
0 0.626953125 0.9521484375 0.048828125 0.0625
0 0.88037109375 0.8095703125 0.0380859375 0.03125
0 0.65380859375 0.0283203125 0.0478515625 0.0546875
0 0.2724609375 0.015625 0.041015625 0.03125
0 0.60302734375 0.017578125 0.0439453125 0.033203125
0 0.033203125 0.4501953125 0.06640625 0.03515625
0 0.2255859375 0.59619140625 0.060546875 0.0283203125
0 0.2978515625 0.869140625 0.0546875 0.046875
0 0.9072265625 0.88916015625 0.037109375 0.0361328125
0 0.98974609375 0.7734375 0.0205078125 0.08203125
0 0.2509765625 0.5546875 0.126953125 0.04296875
0 0.42138671875 0.07861328125 0.0732421875 0.0595703125
0 0.78369140625 0.576171875 0.0751953125 0.099609375
0 0.912109375 0.43017578125 0.0859375 0.1123046875
0 0.9365234375 0.0673828125 0.080078125 0.07421875
0 0.50927734375 0.20068359375 0.0732421875 0.0771484375
0 0.09716796875 0.76318359375 0.0615234375 0.0810546875
0 0.44091796875 0.93994140625 0.0673828125 0.0947265625
0 0.65869140625 0.08544921875 0.0947265625 0.0595703125
0 0.20263671875 0.63671875 0.0869140625 0.0859375
0 0.0263671875 0.26123046875 0.052734375 0.0947265625
0 0.51025390625 0.7734375 0.0537109375 0.115234375
0 0.0693359375 0.90380859375 0.08984375 0.0615234375
0 0.3447265625 0.48046875 0.0859375 0.076171875
0 0.5751953125 0.353515625 0.080078125 0.11328125
0 0.4775390625 0.4248046875 0.119140625 0.048828125
0 0.01123046875 0.54541015625 0.0224609375 0.0654296875
0 0.75830078125 0.74658203125 0.0771484375 0.0693359375
0 0.21728515625 0.0576171875 0.0791015625 0.111328125
0 0.01318359375 0.470703125 0.0263671875 0.0703125
0 0.1376953125 0.11376953125 0.060546875 0.0654296875
0 0.6455078125 0.154296875 0.083984375 0.09375
0 0.11767578125 0.23095703125 0.0888671875 0.0419921875
0 0.6064453125 0.7939453125 0.111328125 0.0625
0 0.2841796875 0.10546875 0.033203125 0.076171875
0 0.66015625 0.37255859375 0.048828125 0.0654296875
0 0.79736328125 0.4921875 0.0576171875 0.064453125
0 0.27099609375 0.35205078125 0.0947265625 0.0595703125
0 0.2861328125 0.39697265625 0.1015625 0.0634765625
0 0.046875 0.71875 0.09375 0.044921875
0 0.2275390625 0.4814453125 0.04296875 0.0625
0 0.09521484375 0.5576171875 0.0908203125 0.03125
0 0.71484375 0.060546875 0.060546875 0.087890625
0 0.984375 0.42919921875 0.03125 0.0693359375
0 0.2255859375 0.12939453125 0.0859375 0.0361328125
0 0.912109375 0.275390625 0.146484375 0.078125
0 0.66748046875 0.517578125 0.0693359375 0.046875
0 0.75341796875 0.2783203125 0.1083984375 0.111328125
0 0.1923828125 0.814453125 0.076171875 0.033203125
0 0.1484375 0.91650390625 0.0703125 0.0869140625
0 0.22607421875 0.92431640625 0.0908203125 0.1376953125
0 0.271484375 0.87109375 0.072265625 0.05859375
0 0.4248046875 0.8525390625 0.150390625 0.0546875
0 0.94287109375 0.2265625 0.0732421875 0.033203125
0 0.611328125 0.9794921875 0.064453125 0.03515625
0 0.0791015625 0.8017578125 0.076171875 0.05078125
0 0.111328125 0.4580078125 0.04296875 0.06640625
0 0.4755859375 0.982421875 0.029296875 0.03515625
0 0.75 0.15478515625 0.037109375 0.0576171875
0 0.57080078125 0.5234375 0.0810546875 0.037109375
0 0.3349609375 0.28857421875 0.12109375 0.0419921875
0 0.140625 0.8486328125 0.146484375 0.0546875
0 0.0322265625 0.17724609375 0.064453125 0.0380859375
0 0.974609375 0.60888671875 0.05078125 0.0341796875
0 0.6025390625 0.23046875 0.0625 0.04296875
0 0.96826171875 0.93017578125 0.0634765625 0.0400390625
0 0.0224609375 0.7646484375 0.044921875 0.03125
0 0.861328125 0.6943359375 0.060546875 0.04296875
0 0.3642578125 0.62353515625 0.0703125 0.0244140625
0 0.78955078125 0.08251953125 0.0458984375 0.0693359375
0 0.3857421875 0.400390625 0.05859375 0.029296875
0 0.37939453125 0.81689453125 0.0615234375 0.0419921875
0 0.35107421875 0.1611328125 0.0810546875 0.029296875
0 0.86767578125 0.89794921875 0.0478515625 0.0400390625
0 0.033203125 0.46240234375 0.06640625 0.0400390625
0 0.01318359375 0.98974609375 0.0263671875 0.0205078125
0 0.74951171875 0.2294921875 0.0673828125 0.03125
0 0.626953125 0.9521484375 0.048828125 0.0625
0 0.88037109375 0.8095703125 0.0380859375 0.03125
0 0.65380859375 0.0283203125 0.0478515625 0.0546875
0 0.2724609375 0.015625 0.041015625 0.03125
0 0.60302734375 0.017578125 0.0439453125 0.033203125
0 0.033203125 0.4501953125 0.06640625 0.03515625
0 0.2255859375 0.59619140625 0.060546875 0.0283203125
0 0.2978515625 0.869140625 0.0546875 0.046875
0 0.9072265625 0.88916015625 0.037109375 0.0361328125
0 0.98974609375 0.7734375 0.0205078125 0.08203125
0 0.2509765625 0.5546875 0.126953125 0.04296875
0 0.42138671875 0.07861328125 0.0732421875 0.0595703125
