0 0.4765625 0.330078125 0.0625 0.08203125
0 0.3828125 0.5419921875 0.07421875 0.083984375
0 0.30029296875 0.50390625 0.0517578125 0.087890625
0 0.40234375 0.80224609375 0.06640625 0.0712890625
0 0.2607421875 0.046875 0.04296875 0.07421875
0 0.6044921875 0.16552734375 0.087890625 0.0732421875
0 0.3505859375 0.24267578125 0.05078125 0.0888671875
0 0.34228515625 0.57666015625 0.0830078125 0.0673828125
0 0.80078125 0.376953125 0.080078125 0.08203125
0 0.52587890625 0.443359375 0.0478515625 0.08203125
0 0.08740234375 0.826171875 0.0771484375 0.052734375
0 0.96923828125 0.541015625 0.0556640625 0.064453125
0 0.93701171875 0.474609375 0.0478515625 0.076171875
0 0.08984375 0.25634765625 0.05859375 0.0576171875
0 0.83544921875 0.13720703125 0.0400390625 0.0693359375
0 0.83203125 0.28515625 0.033203125 0.06640625
0 0.75537109375 0.4638671875 0.0419921875 0.087890625
0 0.7724609375 0.853515625 0.05078125 0.064453125
0 0.8701171875 0.03662109375 0.05078125 0.0732421875
0 0.63232421875 0.85400390625 0.0478515625 0.0927734375
0 0.216796875 0.0615234375 0.060546875 0.0703125
0 0.908203125 0.0185546875 0.033203125 0.037109375
0 0.0439453125 0.02490234375 0.0859375 0.0498046875
0 0.44287109375 0.97900390625 0.0556640625 0.0380859375
0 0.62841796875 0.6455078125 0.0400390625 0.078125
0 0.74169921875 0.3095703125 0.0595703125 0.060546875
0 0.4130859375 0.09423828125 0.09375 0.0810546875
0 0.39794921875 0.1630859375 0.0810546875 0.11328125
0 0.81982421875 0.0546875 0.0673828125 0.08984375
0 0.525390625 0.681640625 0.0546875 0.048828125
0 0.08447265625 0.6337890625 0.0654296875 0.05859375
0 0.25341796875 0.27001953125 0.0498046875 0.0693359375
0 0.24951171875 0.734375 0.0517578125 0.0546875
0 0.72412109375 0.02783203125 0.0673828125 0.0556640625
0 0.037109375 0.9443359375 0.044921875 0.0546875
0 0.91552734375 0.599609375 0.0341796875 0.056640625
0 0.4697265625 0.4775390625 0.0546875 0.076171875
0 0.5029296875 0.59423828125 0.060546875 0.0654296875
0 0.54248046875 0.53515625 0.0673828125 0.080078125
0 0.21240234375 0.6630859375 0.0400390625 0.0625
0 0.79638671875 0.2783203125 0.0556640625 0.05859375
0 0.60400390625 0.56396484375 0.0439453125 0.0576171875
0 0.40576171875 0.6630859375 0.0439453125 0.05859375
0 0.40869140625 0.1923828125 0.0654296875 0.080078125
0 0.5556640625 0.31591796875 0.0703125 0.0595703125
0 0.21142578125 0.53662109375 0.0419921875 0.0830078125
0 0.3017578125 0.0400390625 0.046875 0.041015625
0 0.41943359375 0.33349609375 0.0458984375 0.0517578125
0 0.7158203125 0.7177734375 0.04296875 0.056640625
0 0.6728515625 0.72802734375 0.037109375 0.0419921875
0 0.7958984375 0.58544921875 0.041015625 0.0673828125
0 0.529296875 0.97509765625 0.041015625 0.0498046875
0 0.87841796875 0.390625 0.0380859375 0.05859375
0 0.59130859375 0.18701171875 0.0576171875 0.0849609375
0 0.05712890625 0.46630859375 0.0712890625 0.0498046875
0 0.8984375 0.115234375 0.044921875 0.04296875
0 0.9794921875 0.06787109375 0.041015625 0.0712890625
0 0.9833984375 0.609375 0.033203125 0.111328125
0 0.5078125 0.916015625 0.05859375 0.052734375
0 0.509765625 0.64697265625 0.078125 0.0693359375
0 0.4765625 0.330078125 0.0625 0.08203125
0 0.3828125 0.5419921875 0.07421875 0.083984375
0 0.30029296875 0.50390625 0.0517578125 0.087890625
0 0.40234375 0.80224609375 0.06640625 0.0712890625
0 0.2607421875 0.046875 0.04296875 0.07421875
0 0.6044921875 0.16552734375 0.087890625 0.0732421875
0 0.3505859375 0.24267578125 0.05078125 0.0888671875
0 0.34228515625 0.57666015625 0.0830078125 0.0673828125
0 0.80078125 0.376953125 0.080078125 0.08203125
0 0.52587890625 0.443359375 0.0478515625 0.08203125
0 0.08740234375 0.826171875 0.0771484375 0.052734375
0 0.96923828125 0.541015625 0.0556640625 0.064453125
0 0.93701171875 0.474609375 0.0478515625 0.076171875
0 0.08984375 0.25634765625 0.05859375 0.0576171875
0 0.83544921875 0.13720703125 0.0400390625 0.0693359375
0 0.83203125 0.28515625 0.033203125 0.06640625
0 0.75537109375 0.4638671875 0.0419921875 0.087890625
0 0.7724609375 0.853515625 0.05078125 0.064453125
0 0.8701171875 0.03662109375 0.05078125 0.0732421875
0 0.63232421875 0.85400390625 0.0478515625 0.0927734375
0 0.216796875 0.0615234375 0.060546875 0.0703125
0 0.908203125 0.0185546875 0.033203125 0.037109375
0 0.0439453125 0.02490234375 0.0859375 0.0498046875
0 0.44287109375 0.97900390625 0.0556640625 0.0380859375
0 0.62841796875 0.6455078125 0.0400390625 0.078125
0 0.74169921875 0.3095703125 0.0595703125 0.060546875
0 0.4130859375 0.09423828125 0.09375 0.0810546875
0 0.39794921875 0.1630859375 0.0810546875 0.11328125
0 0.81982421875 0.0546875 0.0673828125 0.08984375
0 0.525390625 0.681640625 0.0546875 0.048828125
0 0.08447265625 0.6337890625 0.0654296875 0.05859375
0 0.25341796875 0.27001953125 0.0498046875 0.0693359375
0 0.24951171875 0.734375 0.0517578125 0.0546875
0 0.72412109375 0.02783203125 0.0673828125 0.0556640625
0 0.037109375 0.9443359375 0.044921875 0.0546875
0 0.91552734375 0.599609375 0.0341796875 0.056640625
0 0.4697265625 0.4775390625 0.0546875 0.076171875
0 0.5029296875 0.59423828125 0.060546875 0.0654296875
0 0.54248046875 0.53515625 0.0673828125 0.080078125
0 0.21240234375 0.6630859375 0.0400390625 0.0625
0 0.79638671875 0.2783203125 0.0556640625 0.05859375
0 0.60400390625 0.56396484375 0.0439453125 0.0576171875
0 0.40576171875 0.6630859375 0.0439453125 0.05859375
0 0.40869140625 0.1923828125 0.0654296875 0.080078125
0 0.5556640625 0.31591796875 0.0703125 0.0595703125
0 0.21142578125 0.53662109375 0.0419921875 0.0830078125
0 0.3017578125 0.0400390625 0.046875 0.041015625
0 0.41943359375 0.33349609375 0.0458984375 0.0517578125
0 0.7158203125 0.7177734375 0.04296875 0.056640625
0 0.6728515625 0.72802734375 0.037109375 0.0419921875
0 0.7958984375 0.58544921875 0.041015625 0.0673828125
0 0.529296875 0.97509765625 0.041015625 0.0498046875
0 0.87841796875 0.390625 0.0380859375 0.05859375
0 0.59130859375 0.18701171875 0.0576171875 0.0849609375
0 0.05712890625 0.46630859375 0.0712890625 0.0498046875
0 0.8984375 0.115234375 0.044921875 0.04296875
0 0.9794921875 0.06787109375 0.041015625 0.0712890625
0 0.9833984375 0.609375 0.033203125 0.111328125
0 0.5078125 0.916015625 0.05859375 0.052734375
0 0.509765625 0.64697265625 0.078125 0.0693359375
0 0.4765625 0.330078125 0.0625 0.08203125
0 0.3828125 0.5419921875 0.07421875 0.083984375
0 0.30029296875 0.50390625 0.0517578125 0.087890625
0 0.40234375 0.80224609375 0.06640625 0.0712890625
0 0.2607421875 0.046875 0.04296875 0.07421875
0 0.6044921875 0.16552734375 0.087890625 0.0732421875
0 0.3505859375 0.24267578125 0.05078125 0.0888671875
0 0.34228515625 0.57666015625 0.0830078125 0.0673828125
0 0.80078125 0.376953125 0.080078125 0.08203125
0 0.52587890625 0.443359375 0.0478515625 0.08203125
0 0.08740234375 0.826171875 0.0771484375 0.052734375
0 0.96923828125 0.541015625 0.0556640625 0.064453125
0 0.93701171875 0.474609375 0.0478515625 0.076171875
0 0.08984375 0.25634765625 0.05859375 0.0576171875
0 0.83544921875 0.13720703125 0.0400390625 0.0693359375
0 0.83203125 0.28515625 0.033203125 0.06640625
0 0.75537109375 0.4638671875 0.0419921875 0.087890625
0 0.7724609375 0.853515625 0.05078125 0.064453125
0 0.8701171875 0.03662109375 0.05078125 0.0732421875
0 0.63232421875 0.85400390625 0.0478515625 0.0927734375
0 0.216796875 0.0615234375 0.060546875 0.0703125
0 0.908203125 0.0185546875 0.033203125 0.037109375
0 0.0439453125 0.02490234375 0.0859375 0.0498046875
0 0.44287109375 0.97900390625 0.0556640625 0.0380859375
0 0.62841796875 0.6455078125 0.0400390625 0.078125
0 0.74169921875 0.3095703125 0.0595703125 0.060546875
0 0.4130859375 0.09423828125 0.09375 0.0810546875
0 0.39794921875 0.1630859375 0.0810546875 0.11328125
0 0.81982421875 0.0546875 0.0673828125 0.08984375
0 0.525390625 0.681640625 0.0546875 0.048828125
0 0.08447265625 0.6337890625 0.0654296875 0.05859375
0 0.25341796875 0.27001953125 0.0498046875 0.0693359375
0 0.24951171875 0.734375 0.0517578125 0.0546875
0 0.72412109375 0.02783203125 0.0673828125 0.0556640625
0 0.037109375 0.9443359375 0.044921875 0.0546875
0 0.91552734375 0.599609375 0.0341796875 0.056640625
0 0.4697265625 0.4775390625 0.0546875 0.076171875
0 0.5029296875 0.59423828125 0.060546875 0.0654296875
0 0.54248046875 0.53515625 0.0673828125 0.080078125
0 0.21240234375 0.6630859375 0.0400390625 0.0625
0 0.79638671875 0.2783203125 0.0556640625 0.05859375
0 0.60400390625 0.56396484375 0.0439453125 0.0576171875
0 0.40576171875 0.6630859375 0.0439453125 0.05859375
0 0.40869140625 0.1923828125 0.0654296875 0.080078125
0 0.5556640625 0.31591796875 0.0703125 0.0595703125
0 0.21142578125 0.53662109375 0.0419921875 0.0830078125
0 0.3017578125 0.0400390625 0.046875 0.041015625
0 0.41943359375 0.33349609375 0.0458984375 0.0517578125
0 0.7158203125 0.7177734375 0.04296875 0.056640625
0 0.6728515625 0.72802734375 0.037109375 0.0419921875
0 0.7958984375 0.58544921875 0.041015625 0.0673828125
0 0.529296875 0.97509765625 0.041015625 0.0498046875
0 0.87841796875 0.390625 0.0380859375 0.05859375
0 0.59130859375 0.18701171875 0.0576171875 0.0849609375
0 0.05712890625 0.46630859375 0.0712890625 0.0498046875
0 0.8984375 0.115234375 0.044921875 0.04296875
0 0.9794921875 0.06787109375 0.041015625 0.0712890625
0 0.9833984375 0.609375 0.033203125 0.111328125
0 0.5078125 0.916015625 0.05859375 0.052734375
0 0.509765625 0.64697265625 0.078125 0.0693359375
