0 0.85546875 0.3388671875 0.0859375 0.09765625
0 0.89404296875 0.05419921875 0.1123046875 0.0927734375
0 0.19873046875 0.19580078125 0.1240234375 0.1123046875
0 0.5390625 0.07080078125 0.08984375 0.0654296875
0 0.23388671875 0.03076171875 0.0908203125 0.0576171875
0 0.728515625 0.39990234375 0.111328125 0.0634765625
0 0.06103515625 0.9775390625 0.1220703125 0.044921875
0 0.4306640625 0.125 0.107421875 0.052734375
0 0.64453125 0.1865234375 0.091796875 0.05078125
0 0.09619140625 0.53173828125 0.1044921875 0.0615234375
0 0.60888671875 0.2529296875 0.1005859375 0.060546875
0 0.03955078125 0.6474609375 0.0771484375 0.05859375
0 0.78955078125 0.7705078125 0.1259765625 0.0546875
0 0.9453125 0.7626953125 0.09765625 0.068359375
0 0.95703125 0.3974609375 0.0859375 0.0625
0 0.62744140625 0.84619140625 0.1181640625 0.0537109375
0 0.3046875 0.78955078125 0.1015625 0.0419921875
0 0.4228515625 0.47021484375 0.08203125 0.0634765625
0 0.10888671875 0.44091796875 0.1357421875 0.0556640625
0 0.5615234375 0.16552734375 0.091796875 0.0498046875
0 0.03466796875 0.02880859375 0.0673828125 0.0458984375
0 0.0595703125 0.30078125 0.119140625 0.0859375
0 0.0869140625 0.7919921875 0.173828125 0.048828125
0 0.9140625 0.3466796875 0.064453125 0.068359375
0 0.2978515625 0.9169921875 0.126953125 0.048828125
0 0.40771484375 0.677734375 0.1767578125 0.0625
0 0.96240234375 0.44091796875 0.0751953125 0.0322265625
0 0.21484375 0.38818359375 0.134765625 0.0302734375
0 0.607421875 0.0302734375 0.072265625 0.056640625
0 0.185546875 0.35009765625 0.11328125 0.0419921875
0 0.9375 0.046875 0.076171875 0.056640625
0 0.74365234375 0.69580078125 0.1162109375 0.0517578125
0 0.52783203125 0.08251953125 0.0908203125 0.0576171875
0 0.4228515625 0.822265625 0.09765625 0.0546875
0 0.35009765625 0.42431640625 0.1181640625 0.0615234375
0 0.98876953125 0.75732421875 0.0224609375 0.0283203125
0 0.19287109375 0.7470703125 0.1787109375 0.041015625
0 0.62255859375 0.02783203125 0.0654296875 0.0517578125
0 0.78564453125 0.01025390625 0.0712890625 0.0205078125
0 0.05908203125 0.32275390625 0.1162109375 0.0595703125
0 0.30224609375 0.8291015625 0.1435546875 0.033203125
0 0.1416015625 0.41943359375 0.154296875 0.0322265625
0 0.853515625 0.74267578125 0.126953125 0.0712890625
0 0.89453125 0.4111328125 0.11328125 0.0390625
0 0.57080078125 0.44189453125 0.0966796875 0.0556640625
0 0.84130859375 0.82421875 0.0869140625 0.04296875
0 0.9091796875 0.81103515625 0.16796875 0.0380859375
0 0.291015625 0.33447265625 0.1875 0.0439453125
0 0.43212890625 0.3994140625 0.1748046875 0.044921875
0 0.4560546875 0.380859375 0.13671875 0.033203125
0 0.7763671875 0.736328125 0.107421875 0.056640625
0 0.03369140625 0.087890625 0.0595703125 0.033203125
0 0.01904296875 0.82275390625 0.0380859375 0.0380859375
0 0.47509765625 0.44091796875 0.1083984375 0.0654296875
0 0.16552734375 0.72607421875 0.1064453125 0.0458984375
0 0.07275390625 0.71337890625 0.1220703125 0.0400390625
0 0.5146484375 0.96142578125 0.16796875 0.0615234375
0 0.07568359375 0.5166015625 0.1318359375 0.0390625
0 0.16259765625 0.49755859375 0.0966796875 0.0419921875
0 0.85546875 0.3388671875 0.0859375 0.09765625
0 0.89404296875 0.05419921875 0.1123046875 0.0927734375
0 0.19873046875 0.19580078125 0.1240234375 0.1123046875
0 0.5390625 0.07080078125 0.08984375 0.0654296875
0 0.23388671875 0.03076171875 0.0908203125 0.0576171875
0 0.728515625 0.39990234375 0.111328125 0.0634765625
0 0.06103515625 0.9775390625 0.1220703125 0.044921875
0 0.4306640625 0.125 0.107421875 0.052734375
0 0.64453125 0.1865234375 0.091796875 0.05078125
0 0.09619140625 0.53173828125 0.1044921875 0.0615234375
0 0.60888671875 0.2529296875 0.1005859375 0.060546875
0 0.03955078125 0.6474609375 0.0771484375 0.05859375
0 0.78955078125 0.7705078125 0.1259765625 0.0546875
0 0.9453125 0.7626953125 0.09765625 0.068359375
0 0.95703125 0.3974609375 0.0859375 0.0625
0 0.62744140625 0.84619140625 0.1181640625 0.0537109375
0 0.3046875 0.78955078125 0.1015625 0.0419921875
0 0.4228515625 0.47021484375 0.08203125 0.0634765625
0 0.10888671875 0.44091796875 0.1357421875 0.0556640625
0 0.5615234375 0.16552734375 0.091796875 0.0498046875
0 0.03466796875 0.02880859375 0.0673828125 0.0458984375
0 0.0595703125 0.30078125 0.119140625 0.0859375
0 0.0869140625 0.7919921875 0.173828125 0.048828125
0 0.9140625 0.3466796875 0.064453125 0.068359375
0 0.2978515625 0.9169921875 0.126953125 0.048828125
0 0.40771484375 0.677734375 0.1767578125 0.0625
0 0.96240234375 0.44091796875 0.0751953125 0.0322265625
0 0.21484375 0.38818359375 0.134765625 0.0302734375
0 0.607421875 0.0302734375 0.072265625 0.056640625
0 0.185546875 0.35009765625 0.11328125 0.0419921875
0 0.9375 0.046875 0.076171875 0.056640625
0 0.74365234375 0.69580078125 0.1162109375 0.0517578125
0 0.52783203125 0.08251953125 0.0908203125 0.0576171875
0 0.4228515625 0.822265625 0.09765625 0.0546875
0 0.35009765625 0.42431640625 0.1181640625 0.0615234375
0 0.98876953125 0.75732421875 0.0224609375 0.0283203125
0 0.19287109375 0.7470703125 0.1787109375 0.041015625
0 0.62255859375 0.02783203125 0.0654296875 0.0517578125
0 0.78564453125 0.01025390625 0.0712890625 0.0205078125
0 0.05908203125 0.32275390625 0.1162109375 0.0595703125
0 0.30224609375 0.8291015625 0.1435546875 0.033203125
0 0.1416015625 0.41943359375 0.154296875 0.0322265625
0 0.853515625 0.74267578125 0.126953125 0.0712890625
0 0.89453125 0.4111328125 0.11328125 0.0390625
0 0.57080078125 0.44189453125 0.0966796875 0.0556640625
0 0.84130859375 0.82421875 0.0869140625 0.04296875
0 0.9091796875 0.81103515625 0.16796875 0.0380859375
0 0.291015625 0.33447265625 0.1875 0.0439453125
0 0.43212890625 0.3994140625 0.1748046875 0.044921875
0 0.4560546875 0.380859375 0.13671875 0.033203125
0 0.7763671875 0.736328125 0.107421875 0.056640625
0 0.03369140625 0.087890625 0.0595703125 0.033203125
0 0.01904296875 0.82275390625 0.0380859375 0.0380859375
0 0.47509765625 0.44091796875 0.1083984375 0.0654296875
0 0.16552734375 0.72607421875 0.1064453125 0.0458984375
0 0.07275390625 0.71337890625 0.1220703125 0.0400390625
0 0.5146484375 0.96142578125 0.16796875 0.0615234375
0 0.07568359375 0.5166015625 0.1318359375 0.0390625
0 0.16259765625 0.49755859375 0.0966796875 0.0419921875
0 0.85546875 0.3388671875 0.0859375 0.09765625
0 0.89404296875 0.05419921875 0.1123046875 0.0927734375
0 0.19873046875 0.19580078125 0.1240234375 0.1123046875
0 0.5390625 0.07080078125 0.08984375 0.0654296875
0 0.23388671875 0.03076171875 0.0908203125 0.0576171875
0 0.728515625 0.39990234375 0.111328125 0.0634765625
0 0.06103515625 0.9775390625 0.1220703125 0.044921875
0 0.4306640625 0.125 0.107421875 0.052734375
0 0.64453125 0.1865234375 0.091796875 0.05078125
0 0.09619140625 0.53173828125 0.1044921875 0.0615234375
0 0.60888671875 0.2529296875 0.1005859375 0.060546875
0 0.03955078125 0.6474609375 0.0771484375 0.05859375
0 0.78955078125 0.7705078125 0.1259765625 0.0546875
0 0.9453125 0.7626953125 0.09765625 0.068359375
0 0.95703125 0.3974609375 0.0859375 0.0625
0 0.62744140625 0.84619140625 0.1181640625 0.0537109375
0 0.3046875 0.78955078125 0.1015625 0.0419921875
0 0.4228515625 0.47021484375 0.08203125 0.0634765625
0 0.10888671875 0.44091796875 0.1357421875 0.0556640625
0 0.5615234375 0.16552734375 0.091796875 0.0498046875
0 0.03466796875 0.02880859375 0.0673828125 0.0458984375
0 0.0595703125 0.30078125 0.119140625 0.0859375
0 0.0869140625 0.7919921875 0.173828125 0.048828125
0 0.9140625 0.3466796875 0.064453125 0.068359375
0 0.2978515625 0.9169921875 0.126953125 0.048828125
0 0.40771484375 0.677734375 0.1767578125 0.0625
0 0.96240234375 0.44091796875 0.0751953125 0.0322265625
0 0.21484375 0.38818359375 0.134765625 0.0302734375
0 0.607421875 0.0302734375 0.072265625 0.056640625
0 0.185546875 0.35009765625 0.11328125 0.0419921875
0 0.9375 0.046875 0.076171875 0.056640625
0 0.74365234375 0.69580078125 0.1162109375 0.0517578125
0 0.52783203125 0.08251953125 0.0908203125 0.0576171875
0 0.4228515625 0.822265625 0.09765625 0.0546875
0 0.35009765625 0.42431640625 0.1181640625 0.0615234375
0 0.98876953125 0.75732421875 0.0224609375 0.0283203125
0 0.19287109375 0.7470703125 0.1787109375 0.041015625
0 0.62255859375 0.02783203125 0.0654296875 0.0517578125
0 0.78564453125 0.01025390625 0.0712890625 0.0205078125
0 0.05908203125 0.32275390625 0.1162109375 0.0595703125
0 0.30224609375 0.8291015625 0.1435546875 0.033203125
0 0.1416015625 0.41943359375 0.154296875 0.0322265625
0 0.853515625 0.74267578125 0.126953125 0.0712890625
0 0.89453125 0.4111328125 0.11328125 0.0390625
0 0.57080078125 0.44189453125 0.0966796875 0.0556640625
0 0.84130859375 0.82421875 0.0869140625 0.04296875
0 0.9091796875 0.81103515625 0.16796875 0.0380859375
0 0.291015625 0.33447265625 0.1875 0.0439453125
0 0.43212890625 0.3994140625 0.1748046875 0.044921875
0 0.4560546875 0.380859375 0.13671875 0.033203125
0 0.7763671875 0.736328125 0.107421875 0.056640625
0 0.03369140625 0.087890625 0.0595703125 0.033203125
0 0.01904296875 0.82275390625 0.0380859375 0.0380859375
0 0.47509765625 0.44091796875 0.1083984375 0.0654296875
0 0.16552734375 0.72607421875 0.1064453125 0.0458984375
0 0.07275390625 0.71337890625 0.1220703125 0.0400390625
0 0.5146484375 0.96142578125 0.16796875 0.0615234375
0 0.07568359375 0.5166015625 0.1318359375 0.0390625
0 0.16259765625 0.49755859375 0.0966796875 0.0419921875
