0 0.46533203125 0.36376953125 0.1298828125 0.0556640625
0 0.9033203125 0.71875 0.056640625 0.11328125
0 0.23046875 0.134765625 0.05859375 0.08984375
0 0.1328125 0.81689453125 0.103515625 0.0537109375
0 0.38818359375 0.517578125 0.1025390625 0.08203125
0 0.22607421875 0.91748046875 0.1142578125 0.0927734375
0 0.14453125 0.22802734375 0.080078125 0.0888671875
0 0.3876953125 0.2333984375 0.109375 0.111328125
0 0.60546875 0.0576171875 0.103515625 0.115234375
0 0.431640625 0.712890625 0.09375 0.05078125
0 0.82275390625 0.44970703125 0.0712890625 0.0517578125
0 0.76220703125 0.18212890625 0.0341796875 0.0888671875
0 0.22607421875 0.78125 0.0751953125 0.091796875
0 0.43212890625 0.64794921875 0.0751953125 0.0498046875
0 0.681640625 0.73876953125 0.10546875 0.0751953125
0 0.00732421875 0.47119140625 0.0146484375 0.0517578125
0 0.04248046875 0.1767578125 0.0849609375 0.06640625
0 0.91162109375 0.25830078125 0.0556640625 0.0693359375
0 0.33154296875 0.390625 0.1787109375 0.083984375
0 0.4794921875 0.5625 0.03515625 0.0703125
0 0.49560546875 0.66943359375 0.1181640625 0.0458984375
0 0.181640625 0.337890625 0.119140625 0.0546875
0 0.58349609375 0.29833984375 0.0849609375 0.1201171875
0 0.2041015625 0.30029296875 0.12890625 0.0595703125
0 0.50634765625 0.04638671875 0.1884765625 0.0927734375
0 0.798828125 0.474609375 0.0703125 0.05859375
0 0.017578125 0.6259765625 0.03515625 0.1953125
0 0.2939453125 0.177734375 0.083984375 0.041015625
0 0.5703125 0.42529296875 0.09765625 0.0654296875
0 0.08984375 0.05908203125 0.1328125 0.1083984375
0 0.63427734375 0.94287109375 0.0537109375 0.0576171875
0 0.29052734375 0.0224609375 0.0791015625 0.044921875
0 0.3916015625 0.7900390625 0.078125 0.046875
0 0.09228515625 0.89453125 0.1298828125 0.04296875
0 0.46435546875 0.076171875 0.1103515625 0.04296875
0 0.7216796875 0.66943359375 0.060546875 0.0947265625
0 0.29296875 0.57421875 0.05859375 0.03125
0 0.03271484375 0.97802734375 0.0654296875 0.0439453125
0 0.89501953125 0.9765625 0.0498046875 0.04296875
0 0.06494140625 0.8359375 0.0673828125 0.025390625
0 0.58642578125 0.9755859375 0.1005859375 0.021484375
0 0.662109375 0.29541015625 0.05078125 0.0478515625
0 0.90234375 0.98095703125 0.04296875 0.0341796875
0 0.73681640625 0.67138671875 0.0673828125 0.0986328125
0 0.21826171875 0.0263671875 0.0400390625 0.052734375
0 0.744140625 0.8212890625 0.107421875 0.046875
0 0.05322265625 0.03369140625 0.1064453125 0.0673828125
0 0.23388671875 0.2529296875 0.0439453125 0.037109375
0 0.390625 0.31494140625 0.048828125 0.0380859375
0 0.39990234375 0.86767578125 0.1005859375 0.0341796875
0 0.0546875 0.27587890625 0.052734375 0.0556640625
0 0.177734375 0.57177734375 0.119140625 0.0556640625
0 0.4697265625 0.9755859375 0.087890625 0.044921875
0 0.71484375 0.22119140625 0.12890625 0.2001953125
0 0.2529296875 0.97216796875 0.0859375 0.0556640625
0 0.1318359375 0.373046875 0.078125 0.0390625
0 0.68798828125 0.6162109375 0.1201171875 0.05859375
0 0.5302734375 0.234375 0.109375 0.0546875
0 0.7978515625 0.0087890625 0.068359375 0.017578125
0 0.59912109375 0.2880859375 0.0751953125 0.072265625
0 0.271484375 0.6259765625 0.056640625 0.09375
0 0.25537109375 0.5908203125 0.1025390625 0.08984375
0 0.26904296875 0.638671875 0.0869140625 0.068359375
0 0.01220703125 0.943359375 0.0244140625 0.0390625
0 0.46533203125 0.36376953125 0.1298828125 0.0556640625
0 0.9033203125 0.71875 0.056640625 0.11328125
0 0.23046875 0.134765625 0.05859375 0.08984375
0 0.1328125 0.81689453125 0.103515625 0.0537109375
0 0.38818359375 0.517578125 0.1025390625 0.08203125
0 0.22607421875 0.91748046875 0.1142578125 0.0927734375
0 0.14453125 0.22802734375 0.080078125 0.0888671875
0 0.3876953125 0.2333984375 0.109375 0.111328125
0 0.60546875 0.0576171875 0.103515625 0.115234375
0 0.431640625 0.712890625 0.09375 0.05078125
0 0.82275390625 0.44970703125 0.0712890625 0.0517578125
0 0.76220703125 0.18212890625 0.0341796875 0.0888671875
0 0.22607421875 0.78125 0.0751953125 0.091796875
0 0.43212890625 0.64794921875 0.0751953125 0.0498046875
0 0.681640625 0.73876953125 0.10546875 0.0751953125
0 0.00732421875 0.47119140625 0.0146484375 0.0517578125
0 0.04248046875 0.1767578125 0.0849609375 0.06640625
0 0.91162109375 0.25830078125 0.0556640625 0.0693359375
0 0.33154296875 0.390625 0.1787109375 0.083984375
0 0.4794921875 0.5625 0.03515625 0.0703125
0 0.49560546875 0.66943359375 0.1181640625 0.0458984375
0 0.181640625 0.337890625 0.119140625 0.0546875
0 0.58349609375 0.29833984375 0.0849609375 0.1201171875
0 0.2041015625 0.30029296875 0.12890625 0.0595703125
0 0.50634765625 0.04638671875 0.1884765625 0.0927734375
0 0.798828125 0.474609375 0.0703125 0.05859375
0 0.017578125 0.6259765625 0.03515625 0.1953125
0 0.2939453125 0.177734375 0.083984375 0.041015625
0 0.5703125 0.42529296875 0.09765625 0.0654296875
0 0.08984375 0.05908203125 0.1328125 0.1083984375
0 0.63427734375 0.94287109375 0.0537109375 0.0576171875
0 0.29052734375 0.0224609375 0.0791015625 0.044921875
0 0.3916015625 0.7900390625 0.078125 0.046875
0 0.09228515625 0.89453125 0.1298828125 0.04296875
0 0.46435546875 0.076171875 0.1103515625 0.04296875
0 0.7216796875 0.66943359375 0.060546875 0.0947265625
0 0.29296875 0.57421875 0.05859375 0.03125
0 0.03271484375 0.97802734375 0.0654296875 0.0439453125
0 0.89501953125 0.9765625 0.0498046875 0.04296875
0 0.06494140625 0.8359375 0.0673828125 0.025390625
0 0.58642578125 0.9755859375 0.1005859375 0.021484375
0 0.662109375 0.29541015625 0.05078125 0.0478515625
0 0.90234375 0.98095703125 0.04296875 0.0341796875
0 0.73681640625 0.67138671875 0.0673828125 0.0986328125
0 0.21826171875 0.0263671875 0.0400390625 0.052734375
0 0.744140625 0.8212890625 0.107421875 0.046875
0 0.05322265625 0.03369140625 0.1064453125 0.0673828125
0 0.23388671875 0.2529296875 0.0439453125 0.037109375
0 0.390625 0.31494140625 0.048828125 0.0380859375
0 0.39990234375 0.86767578125 0.1005859375 0.0341796875
0 0.0546875 0.27587890625 0.052734375 0.0556640625
0 0.177734375 0.57177734375 0.119140625 0.0556640625
0 0.4697265625 0.9755859375 0.087890625 0.044921875
0 0.71484375 0.22119140625 0.12890625 0.2001953125
0 0.2529296875 0.97216796875 0.0859375 0.0556640625
0 0.1318359375 0.373046875 0.078125 0.0390625
0 0.68798828125 0.6162109375 0.1201171875 0.05859375
0 0.5302734375 0.234375 0.109375 0.0546875
0 0.7978515625 0.0087890625 0.068359375 0.017578125
0 0.59912109375 0.2880859375 0.0751953125 0.072265625
0 0.271484375 0.6259765625 0.056640625 0.09375
0 0.25537109375 0.5908203125 0.1025390625 0.08984375
0 0.26904296875 0.638671875 0.0869140625 0.068359375
0 0.01220703125 0.943359375 0.0244140625 0.0390625
0 0.46533203125 0.36376953125 0.1298828125 0.0556640625
0 0.9033203125 0.71875 0.056640625 0.11328125
0 0.23046875 0.134765625 0.05859375 0.08984375
0 0.1328125 0.81689453125 0.103515625 0.0537109375
0 0.38818359375 0.517578125 0.1025390625 0.08203125
0 0.22607421875 0.91748046875 0.1142578125 0.0927734375
0 0.14453125 0.22802734375 0.080078125 0.0888671875
0 0.3876953125 0.2333984375 0.109375 0.111328125
0 0.60546875 0.0576171875 0.103515625 0.115234375
0 0.431640625 0.712890625 0.09375 0.05078125
0 0.82275390625 0.44970703125 0.0712890625 0.0517578125
0 0.76220703125 0.18212890625 0.0341796875 0.0888671875
0 0.22607421875 0.78125 0.0751953125 0.091796875
0 0.43212890625 0.64794921875 0.0751953125 0.0498046875
0 0.681640625 0.73876953125 0.10546875 0.0751953125
0 0.00732421875 0.47119140625 0.0146484375 0.0517578125
0 0.04248046875 0.1767578125 0.0849609375 0.06640625
0 0.91162109375 0.25830078125 0.0556640625 0.0693359375
0 0.33154296875 0.390625 0.1787109375 0.083984375
0 0.4794921875 0.5625 0.03515625 0.0703125
0 0.49560546875 0.66943359375 0.1181640625 0.0458984375
0 0.181640625 0.337890625 0.119140625 0.0546875
0 0.58349609375 0.29833984375 0.0849609375 0.1201171875
0 0.2041015625 0.30029296875 0.12890625 0.0595703125
0 0.50634765625 0.04638671875 0.1884765625 0.0927734375
0 0.798828125 0.474609375 0.0703125 0.05859375
0 0.017578125 0.6259765625 0.03515625 0.1953125
0 0.2939453125 0.177734375 0.083984375 0.041015625
0 0.5703125 0.42529296875 0.09765625 0.0654296875
0 0.08984375 0.05908203125 0.1328125 0.1083984375
0 0.63427734375 0.94287109375 0.0537109375 0.0576171875
0 0.29052734375 0.0224609375 0.0791015625 0.044921875
0 0.3916015625 0.7900390625 0.078125 0.046875
0 0.09228515625 0.89453125 0.1298828125 0.04296875
0 0.46435546875 0.076171875 0.1103515625 0.04296875
0 0.7216796875 0.66943359375 0.060546875 0.0947265625
0 0.29296875 0.57421875 0.05859375 0.03125
0 0.03271484375 0.97802734375 0.0654296875 0.0439453125
0 0.89501953125 0.9765625 0.0498046875 0.04296875
0 0.06494140625 0.8359375 0.0673828125 0.025390625
0 0.58642578125 0.9755859375 0.1005859375 0.021484375
0 0.662109375 0.29541015625 0.05078125 0.0478515625
0 0.90234375 0.98095703125 0.04296875 0.0341796875
0 0.73681640625 0.67138671875 0.0673828125 0.0986328125
0 0.21826171875 0.0263671875 0.0400390625 0.052734375
0 0.744140625 0.8212890625 0.107421875 0.046875
0 0.05322265625 0.03369140625 0.1064453125 0.0673828125
0 0.23388671875 0.2529296875 0.0439453125 0.037109375
0 0.390625 0.31494140625 0.048828125 0.0380859375
0 0.39990234375 0.86767578125 0.1005859375 0.0341796875
0 0.0546875 0.27587890625 0.052734375 0.0556640625
0 0.177734375 0.57177734375 0.119140625 0.0556640625
0 0.4697265625 0.9755859375 0.087890625 0.044921875
0 0.71484375 0.22119140625 0.12890625 0.2001953125
0 0.2529296875 0.97216796875 0.0859375 0.0556640625
0 0.1318359375 0.373046875 0.078125 0.0390625
0 0.68798828125 0.6162109375 0.1201171875 0.05859375
0 0.5302734375 0.234375 0.109375 0.0546875
0 0.7978515625 0.0087890625 0.068359375 0.017578125
0 0.59912109375 0.2880859375 0.0751953125 0.072265625
0 0.271484375 0.6259765625 0.056640625 0.09375
0 0.25537109375 0.5908203125 0.1025390625 0.08984375
0 0.26904296875 0.638671875 0.0869140625 0.068359375
0 0.01220703125 0.943359375 0.0244140625 0.0390625
