0 0.30712890625 0.28857421875 0.0576171875 0.0986328125
0 0.6396484375 0.8154296875 0.072265625 0.08203125
0 0.88037109375 0.56689453125 0.0576171875 0.1103515625
0 0.48046875 0.85205078125 0.05078125 0.1025390625
0 0.1259765625 0.30908203125 0.064453125 0.0615234375
0 0.10009765625 0.22998046875 0.1103515625 0.0634765625
0 0.58984375 0.6435546875 0.052734375 0.11328125
0 0.6298828125 0.31884765625 0.029296875 0.0888671875
0 0.82470703125 0.82861328125 0.0400390625 0.0830078125
0 0.85302734375 0.05810546875 0.0400390625 0.0908203125
0 0.5048828125 0.09228515625 0.04296875 0.0947265625
0 0.017578125 0.96240234375 0.03515625 0.0751953125
0 0.90478515625 0.3720703125 0.0380859375 0.0625
0 0.9326171875 0.92822265625 0.04296875 0.1162109375
0 0.42626953125 0.494140625 0.0322265625 0.107421875
0 0.8486328125 0.1904296875 0.025390625 0.087890625
0 0.89404296875 0.5185546875 0.0380859375 0.08203125
0 0.0751953125 0.6181640625 0.037109375 0.08984375
0 0.587890625 0.1474609375 0.046875 0.08984375
0 0.3115234375 0.513671875 0.08984375 0.1171875
0 0.9111328125 0.3291015625 0.029296875 0.087890625
0 0.9140625 0.11572265625 0.056640625 0.0693359375
0 0.71142578125 0.9716796875 0.0341796875 0.056640625
0 0.4228515625 0.72509765625 0.0625 0.0537109375
0 0.25341796875 0.9296875 0.0732421875 0.0390625
0 0.68212890625 0.62060546875 0.0673828125 0.1240234375
0 0.31884765625 0.7685546875 0.0634765625 0.046875
0 0.3486328125 0.97998046875 0.0546875 0.0361328125
0 0.3916015625 0.34521484375 0.02734375 0.0810546875
0 0.25634765625 0.328125 0.0869140625 0.103515625
0 0.74072265625 0.5986328125 0.0478515625 0.0703125
0 0.55029296875 0.07763671875 0.0419921875 0.0869140625
0 0.9130859375 0.5712890625 0.025390625 0.064453125
0 0.71630859375 0.55224609375 0.0283203125 0.0810546875
0 0.53759765625 0.53662109375 0.0751953125 0.0517578125
0 0.1201171875 0.67236328125 0.083984375 0.1005859375
0 0.5556640625 0.14111328125 0.033203125 0.0869140625
0 0.3955078125 0.5537109375 0.052734375 0.0390625
0 0.6044921875 0.25 0.029296875 0.05859375
0 0.2099609375 0.654296875 0.05859375 0.05859375
0 0.22705078125 0.0283203125 0.0576171875 0.0546875
0 0.90478515625 0.05029296875 0.0400390625 0.0634765625
0 0.7783203125 0.34912109375 0.1171875 0.0478515625
0 0.2392578125 0.71142578125 0.064453125 0.0400390625
0 0.4287109375 0.3271484375 0.056640625 0.1015625
0 0.9755859375 0.84619140625 0.02734375 0.0595703125
0 0.34814453125 0.7138671875 0.0458984375 0.06640625
0 0.5849609375 0.9736328125 0.03515625 0.052734375
0 0.9482421875 0.14013671875 0.02734375 0.0537109375
0 0.9560546875 0.8603515625 0.03125 0.078125
0 0.66552734375 0.23828125 0.0380859375 0.080078125
0 0.70703125 0.9033203125 0.033203125 0.044921875
0 0.1357421875 0.11376953125 0.0703125 0.0576171875
0 0.7958984375 0.7802734375 0.046875 0.0625
0 0.9697265625 0.85595703125 0.033203125 0.0693359375
0 0.0771484375 0.97412109375 0.033203125 0.0380859375
0 0.400390625 0.2138671875 0.064453125 0.0546875
0 0.7548828125 0.681640625 0.04296875 0.041015625
0 0.984375 0.70654296875 0.03125 0.0458984375
0 0.51708984375 0.68017578125 0.0751953125 0.0439453125
0 0.5224609375 0.61328125 0.041015625 0.0625
0 0.29736328125 0.5029296875 0.0673828125 0.1328125
0 0.30712890625 0.28857421875 0.0576171875 0.0986328125
0 0.6396484375 0.8154296875 0.072265625 0.08203125
0 0.88037109375 0.56689453125 0.0576171875 0.1103515625
0 0.48046875 0.85205078125 0.05078125 0.1025390625
0 0.1259765625 0.30908203125 0.064453125 0.0615234375
0 0.10009765625 0.22998046875 0.1103515625 0.0634765625
0 0.58984375 0.6435546875 0.052734375 0.11328125
0 0.6298828125 0.31884765625 0.029296875 0.0888671875
0 0.82470703125 0.82861328125 0.0400390625 0.0830078125
0 0.85302734375 0.05810546875 0.0400390625 0.0908203125
0 0.5048828125 0.09228515625 0.04296875 0.0947265625
0 0.017578125 0.96240234375 0.03515625 0.0751953125
0 0.90478515625 0.3720703125 0.0380859375 0.0625
0 0.9326171875 0.92822265625 0.04296875 0.1162109375
0 0.42626953125 0.494140625 0.0322265625 0.107421875
0 0.8486328125 0.1904296875 0.025390625 0.087890625
0 0.89404296875 0.5185546875 0.0380859375 0.08203125
0 0.0751953125 0.6181640625 0.037109375 0.08984375
0 0.587890625 0.1474609375 0.046875 0.08984375
0 0.3115234375 0.513671875 0.08984375 0.1171875
0 0.9111328125 0.3291015625 0.029296875 0.087890625
0 0.9140625 0.11572265625 0.056640625 0.0693359375
0 0.71142578125 0.9716796875 0.0341796875 0.056640625
0 0.4228515625 0.72509765625 0.0625 0.0537109375
0 0.25341796875 0.9296875 0.0732421875 0.0390625
0 0.68212890625 0.62060546875 0.0673828125 0.1240234375
0 0.31884765625 0.7685546875 0.0634765625 0.046875
0 0.3486328125 0.97998046875 0.0546875 0.0361328125
0 0.3916015625 0.34521484375 0.02734375 0.0810546875
0 0.25634765625 0.328125 0.0869140625 0.103515625
0 0.74072265625 0.5986328125 0.0478515625 0.0703125
0 0.55029296875 0.07763671875 0.0419921875 0.0869140625
0 0.9130859375 0.5712890625 0.025390625 0.064453125
0 0.71630859375 0.55224609375 0.0283203125 0.0810546875
0 0.53759765625 0.53662109375 0.0751953125 0.0517578125
0 0.1201171875 0.67236328125 0.083984375 0.1005859375
0 0.5556640625 0.14111328125 0.033203125 0.0869140625
0 0.3955078125 0.5537109375 0.052734375 0.0390625
0 0.6044921875 0.25 0.029296875 0.05859375
0 0.2099609375 0.654296875 0.05859375 0.05859375
0 0.22705078125 0.0283203125 0.0576171875 0.0546875
0 0.90478515625 0.05029296875 0.0400390625 0.0634765625
0 0.7783203125 0.34912109375 0.1171875 0.0478515625
0 0.2392578125 0.71142578125 0.064453125 0.0400390625
0 0.4287109375 0.3271484375 0.056640625 0.1015625
0 0.9755859375 0.84619140625 0.02734375 0.0595703125
0 0.34814453125 0.7138671875 0.0458984375 0.06640625
0 0.5849609375 0.9736328125 0.03515625 0.052734375
0 0.9482421875 0.14013671875 0.02734375 0.0537109375
0 0.9560546875 0.8603515625 0.03125 0.078125
0 0.66552734375 0.23828125 0.0380859375 0.080078125
0 0.70703125 0.9033203125 0.033203125 0.044921875
0 0.1357421875 0.11376953125 0.0703125 0.0576171875
0 0.7958984375 0.7802734375 0.046875 0.0625
0 0.9697265625 0.85595703125 0.033203125 0.0693359375
0 0.0771484375 0.97412109375 0.033203125 0.0380859375
0 0.400390625 0.2138671875 0.064453125 0.0546875
0 0.7548828125 0.681640625 0.04296875 0.041015625
0 0.984375 0.70654296875 0.03125 0.0458984375
0 0.51708984375 0.68017578125 0.0751953125 0.0439453125
0 0.5224609375 0.61328125 0.041015625 0.0625
0 0.29736328125 0.5029296875 0.0673828125 0.1328125
0 0.30712890625 0.28857421875 0.0576171875 0.0986328125
0 0.6396484375 0.8154296875 0.072265625 0.08203125
0 0.88037109375 0.56689453125 0.0576171875 0.1103515625
0 0.48046875 0.85205078125 0.05078125 0.1025390625
0 0.1259765625 0.30908203125 0.064453125 0.0615234375
0 0.10009765625 0.22998046875 0.1103515625 0.0634765625
0 0.58984375 0.6435546875 0.052734375 0.11328125
0 0.6298828125 0.31884765625 0.029296875 0.0888671875
0 0.82470703125 0.82861328125 0.0400390625 0.0830078125
0 0.85302734375 0.05810546875 0.0400390625 0.0908203125
0 0.5048828125 0.09228515625 0.04296875 0.0947265625
0 0.017578125 0.96240234375 0.03515625 0.0751953125
0 0.90478515625 0.3720703125 0.0380859375 0.0625
0 0.9326171875 0.92822265625 0.04296875 0.1162109375
0 0.42626953125 0.494140625 0.0322265625 0.107421875
0 0.8486328125 0.1904296875 0.025390625 0.087890625
0 0.89404296875 0.5185546875 0.0380859375 0.08203125
0 0.0751953125 0.6181640625 0.037109375 0.08984375
0 0.587890625 0.1474609375 0.046875 0.08984375
0 0.3115234375 0.513671875 0.08984375 0.1171875
0 0.9111328125 0.3291015625 0.029296875 0.087890625
0 0.9140625 0.11572265625 0.056640625 0.0693359375
0 0.71142578125 0.9716796875 0.0341796875 0.056640625
0 0.4228515625 0.72509765625 0.0625 0.0537109375
0 0.25341796875 0.9296875 0.0732421875 0.0390625
0 0.68212890625 0.62060546875 0.0673828125 0.1240234375
0 0.31884765625 0.7685546875 0.0634765625 0.046875
0 0.3486328125 0.97998046875 0.0546875 0.0361328125
0 0.3916015625 0.34521484375 0.02734375 0.0810546875
0 0.25634765625 0.328125 0.0869140625 0.103515625
0 0.74072265625 0.5986328125 0.0478515625 0.0703125
0 0.55029296875 0.07763671875 0.0419921875 0.0869140625
0 0.9130859375 0.5712890625 0.025390625 0.064453125
0 0.71630859375 0.55224609375 0.0283203125 0.0810546875
0 0.53759765625 0.53662109375 0.0751953125 0.0517578125
0 0.1201171875 0.67236328125 0.083984375 0.1005859375
0 0.5556640625 0.14111328125 0.033203125 0.0869140625
0 0.3955078125 0.5537109375 0.052734375 0.0390625
0 0.6044921875 0.25 0.029296875 0.05859375
0 0.2099609375 0.654296875 0.05859375 0.05859375
0 0.22705078125 0.0283203125 0.0576171875 0.0546875
0 0.90478515625 0.05029296875 0.0400390625 0.0634765625
0 0.7783203125 0.34912109375 0.1171875 0.0478515625
0 0.2392578125 0.71142578125 0.064453125 0.0400390625
0 0.4287109375 0.3271484375 0.056640625 0.1015625
0 0.9755859375 0.84619140625 0.02734375 0.0595703125
0 0.34814453125 0.7138671875 0.0458984375 0.06640625
0 0.5849609375 0.9736328125 0.03515625 0.052734375
0 0.9482421875 0.14013671875 0.02734375 0.0537109375
0 0.9560546875 0.8603515625 0.03125 0.078125
0 0.66552734375 0.23828125 0.0380859375 0.080078125
0 0.70703125 0.9033203125 0.033203125 0.044921875
0 0.1357421875 0.11376953125 0.0703125 0.0576171875
0 0.7958984375 0.7802734375 0.046875 0.0625
0 0.9697265625 0.85595703125 0.033203125 0.0693359375
0 0.0771484375 0.97412109375 0.033203125 0.0380859375
0 0.400390625 0.2138671875 0.064453125 0.0546875
0 0.7548828125 0.681640625 0.04296875 0.041015625
0 0.984375 0.70654296875 0.03125 0.0458984375
0 0.51708984375 0.68017578125 0.0751953125 0.0439453125
0 0.5224609375 0.61328125 0.041015625 0.0625
0 0.29736328125 0.5029296875 0.0673828125 0.1328125
