0 0.54931640625 0.41748046875 0.0732421875 0.0712890625
0 0.435546875 0.44775390625 0.048828125 0.0908203125
0 0.57275390625 0.72314453125 0.1044921875 0.0654296875
0 0.49609375 0.56494140625 0.0859375 0.0966796875
0 0.91357421875 0.42578125 0.0947265625 0.05078125
0 0.07080078125 0.1396484375 0.1240234375 0.103515625
0 0.51416015625 0.875 0.0419921875 0.091796875
0 0.93994140625 0.3779296875 0.1201171875 0.080078125
0 0.826171875 0.8359375 0.07421875 0.1640625
0 0.97900390625 0.49853515625 0.0419921875 0.0478515625
0 0.4365234375 0.71337890625 0.126953125 0.0673828125
0 0.82666015625 0.41357421875 0.1181640625 0.0732421875
0 0.48291015625 0.515625 0.1044921875 0.03515625
0 0.9658203125 0.81396484375 0.068359375 0.0634765625
0 0.74609375 0.91796875 0.1328125 0.06640625
0 0.892578125 0.58056640625 0.087890625 0.1318359375
0 0.5224609375 0.037109375 0.080078125 0.0546875
0 0.19921875 0.97509765625 0.033203125 0.0498046875
0 0.44970703125 0.0302734375 0.0791015625 0.060546875
0 0.15771484375 0.79541015625 0.0634765625 0.0771484375
0 0.40673828125 0.9775390625 0.0791015625 0.041015625
0 0.72412109375 0.89013671875 0.0419921875 0.0751953125
0 0.951171875 0.9169921875 0.05859375 0.03515625
0 0.6015625 0.53076171875 0.044921875 0.1669921875
0 0.41748046875 0.3017578125 0.1455078125 0.068359375
0 0.57177734375 0.97314453125 0.0537109375 0.0537109375
0 0.4189453125 0.7939453125 0.03515625 0.0703125
0 0.26904296875 0.98095703125 0.0263671875 0.0380859375
0 0.17724609375 0.3369140625 0.0517578125 0.087890625
0 0.751953125 0.7001953125 0.19921875 0.12890625
0 0.64306640625 0.1044921875 0.0888671875 0.017578125
0 0.03173828125 0.79638671875 0.0634765625 0.0732421875
0 0.19921875 0.0244140625 0.087890625 0.046875
0 0.537109375 0.93896484375 0.095703125 0.0380859375
0 0.6064453125 0.9765625 0.05078125 0.04296875
0 0.87109375 0.18408203125 0.166015625 0.0439453125
0 0.705078125 0.0322265625 0.119140625 0.064453125
0 0.06494140625 0.08837890625 0.0908203125 0.1025390625
0 0.95751953125 0.0283203125 0.0849609375 0.0546875
0 0.04248046875 0.8193359375 0.0556640625 0.072265625
0 0.08740234375 0.76611328125 0.0751953125 0.0419921875
0 0.0947265625 0.88427734375 0.18359375 0.0498046875
0 0.38037109375 0.25732421875 0.1669921875 0.0458984375
0 0.4833984375 0.978515625 0.056640625 0.04296875
0 0.0908203125 0.31689453125 0.08984375 0.0341796875
0 0.4501953125 0.939453125 0.115234375 0.046875
0 0.07861328125 0.865234375 0.1572265625 0.10546875
0 0.57373046875 0.47021484375 0.1083984375 0.0419921875
0 0.1220703125 0.74560546875 0.02734375 0.0751953125
0 0.83984375 0.04052734375 0.142578125 0.0224609375
0 0.62255859375 0.0419921875 0.0478515625 0.044921875
0 0.87255859375 0.7734375 0.0498046875 0.19140625
0 0.14794921875 0.98486328125 0.0400390625 0.0302734375
0 0.47021484375 0.0732421875 0.1806640625 0.041015625
0 0.228515625 0.05810546875 0.1171875 0.0927734375
0 0.37548828125 0.4013671875 0.2236328125 0.060546875
0 0.0751953125 0.67236328125 0.146484375 0.1025390625
0 0.078125 0.80029296875 0.060546875 0.0361328125
0 0.20556640625 0.7841796875 0.0634765625 0.037109375
0 0.0537109375 0.1923828125 0.107421875 0.060546875
0 0.65869140625 0.2578125 0.1923828125 0.1171875
0 0.53857421875 0.81396484375 0.0595703125 0.0458984375
0 0.18408203125 0.4091796875 0.2275390625 0.134765625
0 0.951171875 0.6357421875 0.072265625 0.091796875
0 0.45947265625 0.75537109375 0.1865234375 0.0654296875
0 0.0771484375 0.6103515625 0.09765625 0.173828125
0 0.05859375 0.7373046875 0.072265625 0.060546875
0 0.4765625 0.7841796875 0.05859375 0.04296875
0 0.37158203125 0.1396484375 0.2294921875 0.048828125
0 0.70849609375 0.07958984375 0.2294921875 0.0810546875
0 0.90673828125 0.07958984375 0.1376953125 0.1591796875
0 0.61669921875 0.9423828125 0.1826171875 0.115234375
0 0.76171875 0.02783203125 0.04296875 0.0556640625
0 0.54931640625 0.41748046875 0.0732421875 0.0712890625
0 0.435546875 0.44775390625 0.048828125 0.0908203125
0 0.57275390625 0.72314453125 0.1044921875 0.0654296875
0 0.49609375 0.56494140625 0.0859375 0.0966796875
0 0.91357421875 0.42578125 0.0947265625 0.05078125
0 0.07080078125 0.1396484375 0.1240234375 0.103515625
0 0.51416015625 0.875 0.0419921875 0.091796875
0 0.93994140625 0.3779296875 0.1201171875 0.080078125
0 0.826171875 0.8359375 0.07421875 0.1640625
0 0.97900390625 0.49853515625 0.0419921875 0.0478515625
0 0.4365234375 0.71337890625 0.126953125 0.0673828125
0 0.82666015625 0.41357421875 0.1181640625 0.0732421875
0 0.48291015625 0.515625 0.1044921875 0.03515625
0 0.9658203125 0.81396484375 0.068359375 0.0634765625
0 0.74609375 0.91796875 0.1328125 0.06640625
0 0.892578125 0.58056640625 0.087890625 0.1318359375
0 0.5224609375 0.037109375 0.080078125 0.0546875
0 0.19921875 0.97509765625 0.033203125 0.0498046875
0 0.44970703125 0.0302734375 0.0791015625 0.060546875
0 0.15771484375 0.79541015625 0.0634765625 0.0771484375
0 0.40673828125 0.9775390625 0.0791015625 0.041015625
0 0.72412109375 0.89013671875 0.0419921875 0.0751953125
0 0.951171875 0.9169921875 0.05859375 0.03515625
0 0.6015625 0.53076171875 0.044921875 0.1669921875
0 0.41748046875 0.3017578125 0.1455078125 0.068359375
0 0.57177734375 0.97314453125 0.0537109375 0.0537109375
0 0.4189453125 0.7939453125 0.03515625 0.0703125
0 0.26904296875 0.98095703125 0.0263671875 0.0380859375
0 0.17724609375 0.3369140625 0.0517578125 0.087890625
0 0.751953125 0.7001953125 0.19921875 0.12890625
0 0.64306640625 0.1044921875 0.0888671875 0.017578125
0 0.03173828125 0.79638671875 0.0634765625 0.0732421875
0 0.19921875 0.0244140625 0.087890625 0.046875
0 0.537109375 0.93896484375 0.095703125 0.0380859375
0 0.6064453125 0.9765625 0.05078125 0.04296875
0 0.87109375 0.18408203125 0.166015625 0.0439453125
0 0.705078125 0.0322265625 0.119140625 0.064453125
0 0.06494140625 0.08837890625 0.0908203125 0.1025390625
0 0.95751953125 0.0283203125 0.0849609375 0.0546875
0 0.04248046875 0.8193359375 0.0556640625 0.072265625
0 0.08740234375 0.76611328125 0.0751953125 0.0419921875
0 0.0947265625 0.88427734375 0.18359375 0.0498046875
0 0.38037109375 0.25732421875 0.1669921875 0.0458984375
0 0.4833984375 0.978515625 0.056640625 0.04296875
0 0.0908203125 0.31689453125 0.08984375 0.0341796875
0 0.4501953125 0.939453125 0.115234375 0.046875
0 0.07861328125 0.865234375 0.1572265625 0.10546875
0 0.57373046875 0.47021484375 0.1083984375 0.0419921875
0 0.1220703125 0.74560546875 0.02734375 0.0751953125
0 0.83984375 0.04052734375 0.142578125 0.0224609375
0 0.62255859375 0.0419921875 0.0478515625 0.044921875
0 0.87255859375 0.7734375 0.0498046875 0.19140625
0 0.14794921875 0.98486328125 0.0400390625 0.0302734375
0 0.47021484375 0.0732421875 0.1806640625 0.041015625
0 0.228515625 0.05810546875 0.1171875 0.0927734375
0 0.37548828125 0.4013671875 0.2236328125 0.060546875
0 0.0751953125 0.67236328125 0.146484375 0.1025390625
0 0.078125 0.80029296875 0.060546875 0.0361328125
0 0.20556640625 0.7841796875 0.0634765625 0.037109375
0 0.0537109375 0.1923828125 0.107421875 0.060546875
0 0.65869140625 0.2578125 0.1923828125 0.1171875
0 0.53857421875 0.81396484375 0.0595703125 0.0458984375
0 0.18408203125 0.4091796875 0.2275390625 0.134765625
0 0.951171875 0.6357421875 0.072265625 0.091796875
0 0.45947265625 0.75537109375 0.1865234375 0.0654296875
0 0.0771484375 0.6103515625 0.09765625 0.173828125
0 0.05859375 0.7373046875 0.072265625 0.060546875
0 0.4765625 0.7841796875 0.05859375 0.04296875
0 0.37158203125 0.1396484375 0.2294921875 0.048828125
0 0.70849609375 0.07958984375 0.2294921875 0.0810546875
0 0.90673828125 0.07958984375 0.1376953125 0.1591796875
0 0.61669921875 0.9423828125 0.1826171875 0.115234375
0 0.76171875 0.02783203125 0.04296875 0.0556640625
0 0.54931640625 0.41748046875 0.0732421875 0.0712890625
0 0.435546875 0.44775390625 0.048828125 0.0908203125
0 0.57275390625 0.72314453125 0.1044921875 0.0654296875
0 0.49609375 0.56494140625 0.0859375 0.0966796875
0 0.91357421875 0.42578125 0.0947265625 0.05078125
0 0.07080078125 0.1396484375 0.1240234375 0.103515625
0 0.51416015625 0.875 0.0419921875 0.091796875
0 0.93994140625 0.3779296875 0.1201171875 0.080078125
0 0.826171875 0.8359375 0.07421875 0.1640625
0 0.97900390625 0.49853515625 0.0419921875 0.0478515625
0 0.4365234375 0.71337890625 0.126953125 0.0673828125
0 0.82666015625 0.41357421875 0.1181640625 0.0732421875
0 0.48291015625 0.515625 0.1044921875 0.03515625
0 0.9658203125 0.81396484375 0.068359375 0.0634765625
0 0.74609375 0.91796875 0.1328125 0.06640625
0 0.892578125 0.58056640625 0.087890625 0.1318359375
0 0.5224609375 0.037109375 0.080078125 0.0546875
0 0.19921875 0.97509765625 0.033203125 0.0498046875
0 0.44970703125 0.0302734375 0.0791015625 0.060546875
0 0.15771484375 0.79541015625 0.0634765625 0.0771484375
0 0.40673828125 0.9775390625 0.0791015625 0.041015625
0 0.72412109375 0.89013671875 0.0419921875 0.0751953125
0 0.951171875 0.9169921875 0.05859375 0.03515625
0 0.6015625 0.53076171875 0.044921875 0.1669921875
0 0.41748046875 0.3017578125 0.1455078125 0.068359375
0 0.57177734375 0.97314453125 0.0537109375 0.0537109375
0 0.4189453125 0.7939453125 0.03515625 0.0703125
0 0.26904296875 0.98095703125 0.0263671875 0.0380859375
0 0.17724609375 0.3369140625 0.0517578125 0.087890625
0 0.751953125 0.7001953125 0.19921875 0.12890625
0 0.64306640625 0.1044921875 0.0888671875 0.017578125
0 0.03173828125 0.79638671875 0.0634765625 0.0732421875
0 0.19921875 0.0244140625 0.087890625 0.046875
0 0.537109375 0.93896484375 0.095703125 0.0380859375
0 0.6064453125 0.9765625 0.05078125 0.04296875
0 0.87109375 0.18408203125 0.166015625 0.0439453125
0 0.705078125 0.0322265625 0.119140625 0.064453125
0 0.06494140625 0.08837890625 0.0908203125 0.1025390625
0 0.95751953125 0.0283203125 0.0849609375 0.0546875
0 0.04248046875 0.8193359375 0.0556640625 0.072265625
0 0.08740234375 0.76611328125 0.0751953125 0.0419921875
0 0.0947265625 0.88427734375 0.18359375 0.0498046875
0 0.38037109375 0.25732421875 0.1669921875 0.0458984375
0 0.4833984375 0.978515625 0.056640625 0.04296875
0 0.0908203125 0.31689453125 0.08984375 0.0341796875
0 0.4501953125 0.939453125 0.115234375 0.046875
0 0.07861328125 0.865234375 0.1572265625 0.10546875
0 0.57373046875 0.47021484375 0.1083984375 0.0419921875
0 0.1220703125 0.74560546875 0.02734375 0.0751953125
0 0.83984375 0.04052734375 0.142578125 0.0224609375
0 0.62255859375 0.0419921875 0.0478515625 0.044921875
0 0.87255859375 0.7734375 0.0498046875 0.19140625
0 0.14794921875 0.98486328125 0.0400390625 0.0302734375
0 0.47021484375 0.0732421875 0.1806640625 0.041015625
0 0.228515625 0.05810546875 0.1171875 0.0927734375
0 0.37548828125 0.4013671875 0.2236328125 0.060546875
0 0.0751953125 0.67236328125 0.146484375 0.1025390625
0 0.078125 0.80029296875 0.060546875 0.0361328125
0 0.20556640625 0.7841796875 0.0634765625 0.037109375
0 0.0537109375 0.1923828125 0.107421875 0.060546875
0 0.65869140625 0.2578125 0.1923828125 0.1171875
0 0.53857421875 0.81396484375 0.0595703125 0.0458984375
0 0.18408203125 0.4091796875 0.2275390625 0.134765625
0 0.951171875 0.6357421875 0.072265625 0.091796875
0 0.45947265625 0.75537109375 0.1865234375 0.0654296875
0 0.0771484375 0.6103515625 0.09765625 0.173828125
0 0.05859375 0.7373046875 0.072265625 0.060546875
0 0.4765625 0.7841796875 0.05859375 0.04296875
0 0.37158203125 0.1396484375 0.2294921875 0.048828125
0 0.70849609375 0.07958984375 0.2294921875 0.0810546875
0 0.90673828125 0.07958984375 0.1376953125 0.1591796875
0 0.61669921875 0.9423828125 0.1826171875 0.115234375
0 0.76171875 0.02783203125 0.04296875 0.0556640625
