0 0.85302734375 0.83056640625 0.0771484375 0.1025390625
0 0.71240234375 0.15966796875 0.0869140625 0.0693359375
0 0.92626953125 0.40478515625 0.0458984375 0.0849609375
0 0.4921875 0.64111328125 0.09375 0.0654296875
0 0.41845703125 0.396484375 0.1416015625 0.083984375
0 0.3505859375 0.62451171875 0.076171875 0.0576171875
0 0.3017578125 0.7939453125 0.0703125 0.0546875
0 0.130859375 0.55419921875 0.07421875 0.0712890625
0 0.58154296875 0.2548828125 0.1044921875 0.060546875
0 0.31787109375 0.4365234375 0.0830078125 0.0546875
0 0.29736328125 0.32763671875 0.0712890625 0.0556640625
0 0.6552734375 0.07373046875 0.072265625 0.0595703125
0 0.13037109375 0.896484375 0.0771484375 0.0546875
0 0.7080078125 0.64306640625 0.078125 0.0498046875
0 0.52587890625 0.501953125 0.0908203125 0.072265625
0 0.5439453125 0.205078125 0.091796875 0.044921875
0 0.72509765625 0.23291015625 0.0849609375 0.0908203125
0 0.509765625 0.14892578125 0.068359375 0.0458984375
0 0.66455078125 0.38818359375 0.0693359375 0.0517578125
0 0.9072265625 0.59228515625 0.080078125 0.0419921875
0 0.9072265625 0.294921875 0.146484375 0.041015625
0 0.486328125 0.078125 0.1015625 0.04296875
0 0.85693359375 0.9833984375 0.0986328125 0.029296875
0 0.7421875 0.572265625 0.08984375 0.02734375
0 0.0595703125 0.267578125 0.07421875 0.03515625
0 0.2509765625 0.6044921875 0.08984375 0.041015625
0 0.0244140625 0.017578125 0.048828125 0.033203125
0 0.95751953125 0.69482421875 0.0849609375 0.0361328125
0 0.2568359375 0.87646484375 0.06640625 0.0400390625
0 0.7392578125 0.69677734375 0.033203125 0.0830078125
0 0.37646484375 0.08642578125 0.0693359375 0.0244140625
0 0.8603515625 0.4462890625 0.0703125 0.07421875
0 0.3486328125 0.8955078125 0.06640625 0.03125
0 0.298828125 0.04248046875 0.078125 0.0263671875
0 0.52099609375 0.46630859375 0.0849609375 0.0322265625
0 0.15380859375 0.65869140625 0.0869140625 0.0302734375
0 0.4921875 0.01513671875 0.064453125 0.0302734375
0 0.64208984375 0.93896484375 0.0751953125 0.0380859375
0 0.44921875 0.5634765625 0.068359375 0.03125
0 0.0283203125 0.20556640625 0.0546875 0.0458984375
0 0.0947265625 0.20068359375 0.119140625 0.1123046875
0 0.5751953125 0.18017578125 0.076171875 0.0283203125
0 0.97802734375 0.42138671875 0.0439453125 0.0810546875
0 0.14013671875 0.44189453125 0.0791015625 0.0263671875
0 0.81005859375 0.46484375 0.0986328125 0.03515625
0 0.4111328125 0.91357421875 0.0703125 0.0224609375
0 0.60595703125 0.88818359375 0.0849609375 0.0283203125
0 0.42236328125 0.94970703125 0.0849609375 0.0283203125
0 0.80322265625 0.61572265625 0.0849609375 0.0283203125
0 0.51171875 0.69287109375 0.09375 0.0205078125
0 0.9658203125 0.328125 0.068359375 0.0234375
0 0.78271484375 0.29296875 0.1611328125 0.05859375
0 0.2783203125 0.982421875 0.103515625 0.03515625
0 0.2041015625 0.97802734375 0.0625 0.0341796875
0 0.0595703125 0.7490234375 0.115234375 0.03515625
0 0.0654296875 0.95361328125 0.130859375 0.0634765625
0 0.033203125 0.390625 0.06640625 0.025390625
0 0.65576171875 0.97607421875 0.0556640625 0.0439453125
0 0.03515625 0.8798828125 0.0703125 0.033203125
0 0.9619140625 0.7646484375 0.0546875 0.03125
0 0.55078125 0.5517578125 0.11328125 0.029296875
0 0.02294921875 0.24609375 0.0439453125 0.044921875
0 0.39013671875 0.5966796875 0.0498046875 0.021484375
0 0.08837890625 0.11474609375 0.0498046875 0.0283203125
0 0.48486328125 0.9306640625 0.0771484375 0.01953125
0 0.37548828125 0.74755859375 0.0693359375 0.0263671875
0 0.05908203125 0.7734375 0.0888671875 0.01953125
0 0.931640625 0.01708984375 0.04296875 0.0322265625
0 0.87646484375 0.48095703125 0.0771484375 0.0693359375
0 0.076171875 0.173828125 0.09375 0.072265625
0 0.56689453125 0.95751953125 0.0634765625 0.0166015625
0 0.03369140625 0.169921875 0.0654296875 0.05859375
0 0.0322265625 0.36572265625 0.064453125 0.0224609375
0 0.2041015625 0.77294921875 0.078125 0.0322265625
0 0.52294921875 0.013671875 0.0361328125 0.02734375
0 0.158203125 0.93701171875 0.0703125 0.0322265625
0 0.35595703125 0.744140625 0.0751953125 0.068359375
0 0.85302734375 0.83056640625 0.0771484375 0.1025390625
0 0.71240234375 0.15966796875 0.0869140625 0.0693359375
0 0.92626953125 0.40478515625 0.0458984375 0.0849609375
0 0.4921875 0.64111328125 0.09375 0.0654296875
0 0.41845703125 0.396484375 0.1416015625 0.083984375
0 0.3505859375 0.62451171875 0.076171875 0.0576171875
0 0.3017578125 0.7939453125 0.0703125 0.0546875
0 0.130859375 0.55419921875 0.07421875 0.0712890625
0 0.58154296875 0.2548828125 0.1044921875 0.060546875
0 0.31787109375 0.4365234375 0.0830078125 0.0546875
0 0.29736328125 0.32763671875 0.0712890625 0.0556640625
0 0.6552734375 0.07373046875 0.072265625 0.0595703125
0 0.13037109375 0.896484375 0.0771484375 0.0546875
0 0.7080078125 0.64306640625 0.078125 0.0498046875
0 0.52587890625 0.501953125 0.0908203125 0.072265625
0 0.5439453125 0.205078125 0.091796875 0.044921875
0 0.72509765625 0.23291015625 0.0849609375 0.0908203125
0 0.509765625 0.14892578125 0.068359375 0.0458984375
0 0.66455078125 0.38818359375 0.0693359375 0.0517578125
0 0.9072265625 0.59228515625 0.080078125 0.0419921875
0 0.9072265625 0.294921875 0.146484375 0.041015625
0 0.486328125 0.078125 0.1015625 0.04296875
0 0.85693359375 0.9833984375 0.0986328125 0.029296875
0 0.7421875 0.572265625 0.08984375 0.02734375
0 0.0595703125 0.267578125 0.07421875 0.03515625
0 0.2509765625 0.6044921875 0.08984375 0.041015625
0 0.0244140625 0.017578125 0.048828125 0.033203125
0 0.95751953125 0.69482421875 0.0849609375 0.0361328125
0 0.2568359375 0.87646484375 0.06640625 0.0400390625
0 0.7392578125 0.69677734375 0.033203125 0.0830078125
0 0.37646484375 0.08642578125 0.0693359375 0.0244140625
0 0.8603515625 0.4462890625 0.0703125 0.07421875
0 0.3486328125 0.8955078125 0.06640625 0.03125
0 0.298828125 0.04248046875 0.078125 0.0263671875
0 0.52099609375 0.46630859375 0.0849609375 0.0322265625
0 0.15380859375 0.65869140625 0.0869140625 0.0302734375
0 0.4921875 0.01513671875 0.064453125 0.0302734375
0 0.64208984375 0.93896484375 0.0751953125 0.0380859375
0 0.44921875 0.5634765625 0.068359375 0.03125
0 0.0283203125 0.20556640625 0.0546875 0.0458984375
0 0.0947265625 0.20068359375 0.119140625 0.1123046875
0 0.5751953125 0.18017578125 0.076171875 0.0283203125
0 0.97802734375 0.42138671875 0.0439453125 0.0810546875
0 0.14013671875 0.44189453125 0.0791015625 0.0263671875
0 0.81005859375 0.46484375 0.0986328125 0.03515625
0 0.4111328125 0.91357421875 0.0703125 0.0224609375
0 0.60595703125 0.88818359375 0.0849609375 0.0283203125
0 0.42236328125 0.94970703125 0.0849609375 0.0283203125
0 0.80322265625 0.61572265625 0.0849609375 0.0283203125
0 0.51171875 0.69287109375 0.09375 0.0205078125
0 0.9658203125 0.328125 0.068359375 0.0234375
0 0.78271484375 0.29296875 0.1611328125 0.05859375
0 0.2783203125 0.982421875 0.103515625 0.03515625
0 0.2041015625 0.97802734375 0.0625 0.0341796875
0 0.0595703125 0.7490234375 0.115234375 0.03515625
0 0.0654296875 0.95361328125 0.130859375 0.0634765625
0 0.033203125 0.390625 0.06640625 0.025390625
0 0.65576171875 0.97607421875 0.0556640625 0.0439453125
0 0.03515625 0.8798828125 0.0703125 0.033203125
0 0.9619140625 0.7646484375 0.0546875 0.03125
0 0.55078125 0.5517578125 0.11328125 0.029296875
0 0.02294921875 0.24609375 0.0439453125 0.044921875
0 0.39013671875 0.5966796875 0.0498046875 0.021484375
0 0.08837890625 0.11474609375 0.0498046875 0.0283203125
0 0.48486328125 0.9306640625 0.0771484375 0.01953125
0 0.37548828125 0.74755859375 0.0693359375 0.0263671875
0 0.05908203125 0.7734375 0.0888671875 0.01953125
0 0.931640625 0.01708984375 0.04296875 0.0322265625
0 0.87646484375 0.48095703125 0.0771484375 0.0693359375
0 0.076171875 0.173828125 0.09375 0.072265625
0 0.56689453125 0.95751953125 0.0634765625 0.0166015625
0 0.03369140625 0.169921875 0.0654296875 0.05859375
0 0.0322265625 0.36572265625 0.064453125 0.0224609375
0 0.2041015625 0.77294921875 0.078125 0.0322265625
0 0.52294921875 0.013671875 0.0361328125 0.02734375
0 0.158203125 0.93701171875 0.0703125 0.0322265625
0 0.35595703125 0.744140625 0.0751953125 0.068359375
0 0.85302734375 0.83056640625 0.0771484375 0.1025390625
0 0.71240234375 0.15966796875 0.0869140625 0.0693359375
0 0.92626953125 0.40478515625 0.0458984375 0.0849609375
0 0.4921875 0.64111328125 0.09375 0.0654296875
0 0.41845703125 0.396484375 0.1416015625 0.083984375
0 0.3505859375 0.62451171875 0.076171875 0.0576171875
0 0.3017578125 0.7939453125 0.0703125 0.0546875
0 0.130859375 0.55419921875 0.07421875 0.0712890625
0 0.58154296875 0.2548828125 0.1044921875 0.060546875
0 0.31787109375 0.4365234375 0.0830078125 0.0546875
0 0.29736328125 0.32763671875 0.0712890625 0.0556640625
0 0.6552734375 0.07373046875 0.072265625 0.0595703125
0 0.13037109375 0.896484375 0.0771484375 0.0546875
0 0.7080078125 0.64306640625 0.078125 0.0498046875
0 0.52587890625 0.501953125 0.0908203125 0.072265625
0 0.5439453125 0.205078125 0.091796875 0.044921875
0 0.72509765625 0.23291015625 0.0849609375 0.0908203125
0 0.509765625 0.14892578125 0.068359375 0.0458984375
0 0.66455078125 0.38818359375 0.0693359375 0.0517578125
0 0.9072265625 0.59228515625 0.080078125 0.0419921875
0 0.9072265625 0.294921875 0.146484375 0.041015625
0 0.486328125 0.078125 0.1015625 0.04296875
0 0.85693359375 0.9833984375 0.0986328125 0.029296875
0 0.7421875 0.572265625 0.08984375 0.02734375
0 0.0595703125 0.267578125 0.07421875 0.03515625
0 0.2509765625 0.6044921875 0.08984375 0.041015625
0 0.0244140625 0.017578125 0.048828125 0.033203125
0 0.95751953125 0.69482421875 0.0849609375 0.0361328125
0 0.2568359375 0.87646484375 0.06640625 0.0400390625
0 0.7392578125 0.69677734375 0.033203125 0.0830078125
0 0.37646484375 0.08642578125 0.0693359375 0.0244140625
0 0.8603515625 0.4462890625 0.0703125 0.07421875
0 0.3486328125 0.8955078125 0.06640625 0.03125
0 0.298828125 0.04248046875 0.078125 0.0263671875
0 0.52099609375 0.46630859375 0.0849609375 0.0322265625
0 0.15380859375 0.65869140625 0.0869140625 0.0302734375
0 0.4921875 0.01513671875 0.064453125 0.0302734375
0 0.64208984375 0.93896484375 0.0751953125 0.0380859375
0 0.44921875 0.5634765625 0.068359375 0.03125
0 0.0283203125 0.20556640625 0.0546875 0.0458984375
0 0.0947265625 0.20068359375 0.119140625 0.1123046875
0 0.5751953125 0.18017578125 0.076171875 0.0283203125
0 0.97802734375 0.42138671875 0.0439453125 0.0810546875
0 0.14013671875 0.44189453125 0.0791015625 0.0263671875
0 0.81005859375 0.46484375 0.0986328125 0.03515625
0 0.4111328125 0.91357421875 0.0703125 0.0224609375
0 0.60595703125 0.88818359375 0.0849609375 0.0283203125
0 0.42236328125 0.94970703125 0.0849609375 0.0283203125
0 0.80322265625 0.61572265625 0.0849609375 0.0283203125
0 0.51171875 0.69287109375 0.09375 0.0205078125
0 0.9658203125 0.328125 0.068359375 0.0234375
0 0.78271484375 0.29296875 0.1611328125 0.05859375
0 0.2783203125 0.982421875 0.103515625 0.03515625
0 0.2041015625 0.97802734375 0.0625 0.0341796875
0 0.0595703125 0.7490234375 0.115234375 0.03515625
0 0.0654296875 0.95361328125 0.130859375 0.0634765625
0 0.033203125 0.390625 0.06640625 0.025390625
0 0.65576171875 0.97607421875 0.0556640625 0.0439453125
0 0.03515625 0.8798828125 0.0703125 0.033203125
0 0.9619140625 0.7646484375 0.0546875 0.03125
0 0.55078125 0.5517578125 0.11328125 0.029296875
0 0.02294921875 0.24609375 0.0439453125 0.044921875
0 0.39013671875 0.5966796875 0.0498046875 0.021484375
0 0.08837890625 0.11474609375 0.0498046875 0.0283203125
0 0.48486328125 0.9306640625 0.0771484375 0.01953125
0 0.37548828125 0.74755859375 0.0693359375 0.0263671875
0 0.05908203125 0.7734375 0.0888671875 0.01953125
0 0.931640625 0.01708984375 0.04296875 0.0322265625
0 0.87646484375 0.48095703125 0.0771484375 0.0693359375
0 0.076171875 0.173828125 0.09375 0.072265625
0 0.56689453125 0.95751953125 0.0634765625 0.0166015625
0 0.03369140625 0.169921875 0.0654296875 0.05859375
0 0.0322265625 0.36572265625 0.064453125 0.0224609375
0 0.2041015625 0.77294921875 0.078125 0.0322265625
0 0.52294921875 0.013671875 0.0361328125 0.02734375
0 0.158203125 0.93701171875 0.0703125 0.0322265625
0 0.35595703125 0.744140625 0.0751953125 0.068359375
