0 0.990234375 0.55322265625 0.01953125 0.0908203125
0 0.138671875 0.09814453125 0.091796875 0.0693359375
0 0.72412109375 0.35400390625 0.1103515625 0.0849609375
0 0.9091796875 0.416015625 0.1015625 0.11328125
0 0.82958984375 0.89599609375 0.0654296875 0.0732421875
0 0.845703125 0.86083984375 0.078125 0.0712890625
0 0.169921875 0.35595703125 0.087890625 0.0595703125
0 0.494140625 0.556640625 0.07421875 0.05859375
0 0.09375 0.1484375 0.119140625 0.083984375
0 0.6259765625 0.39453125 0.087890625 0.10546875
0 0.2041015625 0.478515625 0.083984375 0.072265625
0 0.6943359375 0.52099609375 0.130859375 0.0419921875
0 0.2626953125 0.154296875 0.09765625 0.09375
0 0.21630859375 0.19482421875 0.0810546875 0.0654296875
0 0.318359375 0.24169921875 0.087890625 0.1103515625
0 0.193359375 0.5029296875 0.076171875 0.068359375
0 0.53759765625 0.28955078125 0.0751953125 0.0732421875
0 0.1103515625 0.11962890625 0.087890625 0.0849609375
0 0.86083984375 0.74365234375 0.0986328125 0.0927734375
0 0.30908203125 0.63134765625 0.0849609375 0.0771484375
0 0.0556640625 0.85693359375 0.109375 0.0849609375
0 0.7158203125 0.39990234375 0.083984375 0.0947265625
0 0.9521484375 0.5791015625 0.0546875 0.109375
0 0.98291015625 0.76123046875 0.0341796875 0.0517578125
0 0.20751953125 0.82421875 0.1279296875 0.060546875
0 0.8193359375 0.03125 0.064453125 0.0546875
0 0.48583984375 0.9375 0.1064453125 0.060546875
0 0.08447265625 0.78466796875 0.1201171875 0.0927734375
0 0.98095703125 0.43359375 0.0380859375 0.068359375
0 0.9443359375 0.89794921875 0.0625 0.0693359375
0 0.951171875 0.02294921875 0.083984375 0.0458984375
0 0.8876953125 0.033203125 0.064453125 0.046875
0 0.6298828125 0.08349609375 0.076171875 0.0673828125
0 0.595703125 0.669921875 0.09375 0.04296875
0 0.6953125 0.4111328125 0.07421875 0.087890625
0 0.365234375 0.4208984375 0.10546875 0.06640625
0 0.0810546875 0.90283203125 0.095703125 0.0341796875
0 0.33349609375 0.97216796875 0.1005859375 0.0341796875
0 0.53662109375 0.3876953125 0.0693359375 0.109375
0 0.14990234375 0.53076171875 0.1455078125 0.1025390625
0 0.291015625 0.068359375 0.126953125 0.126953125
0 0.27685546875 0.11669921875 0.1123046875 0.0927734375
0 0.2900390625 0.48779296875 0.087890625 0.0400390625
0 0.0458984375 0.4892578125 0.087890625 0.046875
0 0.73583984375 0.8974609375 0.0908203125 0.0546875
0 0.5556640625 0.45068359375 0.142578125 0.0712890625
0 0.123046875 0.98046875 0.08984375 0.033203125
0 0.154296875 0.72216796875 0.1328125 0.0849609375
0 0.69677734375 0.64990234375 0.0830078125 0.0439453125
0 0.6201171875 0.58056640625 0.02734375 0.0908203125
0 0.64208984375 0.880859375 0.0712890625 0.04296875
0 0.8115234375 0.63427734375 0.111328125 0.1064453125
0 0.0185546875 0.98486328125 0.037109375 0.0263671875
0 0.412109375 0.58251953125 0.056640625 0.0615234375
0 0.2421875 0.060546875 0.099609375 0.05859375
0 0.11865234375 0.54150390625 0.1240234375 0.0634765625
0 0.2822265625 0.39208984375 0.107421875 0.0458984375
0 0.54931640625 0.32763671875 0.0732421875 0.0634765625
0 0.95947265625 0.564453125 0.0615234375 0.083984375
0 0.02392578125 0.54443359375 0.0478515625 0.0576171875
0 0.69580078125 0.02197265625 0.0615234375 0.0439453125
0 0.25146484375 0.95361328125 0.1064453125 0.0927734375
0 0.515625 0.6396484375 0.080078125 0.03515625
0 0.44287109375 0.556640625 0.0576171875 0.04296875
0 0.18017578125 0.62744140625 0.0498046875 0.0927734375
0 0.158203125 0.015625 0.044921875 0.03125
0 0.1572265625 0.86474609375 0.087890625 0.0244140625
0 0.17724609375 0.78271484375 0.0732421875 0.0517578125
0 0.10693359375 0.84033203125 0.1376953125 0.0380859375
0 0.66552734375 0.67919921875 0.0869140625 0.0478515625
0 0.7373046875 0.70947265625 0.09765625 0.0419921875
0 0.34033203125 0.6142578125 0.1005859375 0.037109375
0 0.84619140625 0.9775390625 0.0498046875 0.03515625
0 0.3798828125 0.60302734375 0.1015625 0.0576171875
0 0.38818359375 0.84814453125 0.0517578125 0.0537109375
0 0.42578125 0.89208984375 0.091796875 0.0576171875
0 0.681640625 0.916015625 0.0390625 0.0625
0 0.892578125 0.98779296875 0.10546875 0.0244140625
0 0.2890625 0.97509765625 0.08984375 0.0498046875
0 0.990234375 0.55322265625 0.01953125 0.0908203125
0 0.138671875 0.09814453125 0.091796875 0.0693359375
0 0.72412109375 0.35400390625 0.1103515625 0.0849609375
0 0.9091796875 0.416015625 0.1015625 0.11328125
0 0.82958984375 0.89599609375 0.0654296875 0.0732421875
0 0.845703125 0.86083984375 0.078125 0.0712890625
0 0.169921875 0.35595703125 0.087890625 0.0595703125
0 0.494140625 0.556640625 0.07421875 0.05859375
0 0.09375 0.1484375 0.119140625 0.083984375
0 0.6259765625 0.39453125 0.087890625 0.10546875
0 0.2041015625 0.478515625 0.083984375 0.072265625
0 0.6943359375 0.52099609375 0.130859375 0.0419921875
0 0.2626953125 0.154296875 0.09765625 0.09375
0 0.21630859375 0.19482421875 0.0810546875 0.0654296875
0 0.318359375 0.24169921875 0.087890625 0.1103515625
0 0.193359375 0.5029296875 0.076171875 0.068359375
0 0.53759765625 0.28955078125 0.0751953125 0.0732421875
0 0.1103515625 0.11962890625 0.087890625 0.0849609375
0 0.86083984375 0.74365234375 0.0986328125 0.0927734375
0 0.30908203125 0.63134765625 0.0849609375 0.0771484375
0 0.0556640625 0.85693359375 0.109375 0.0849609375
0 0.7158203125 0.39990234375 0.083984375 0.0947265625
0 0.9521484375 0.5791015625 0.0546875 0.109375
0 0.98291015625 0.76123046875 0.0341796875 0.0517578125
0 0.20751953125 0.82421875 0.1279296875 0.060546875
0 0.8193359375 0.03125 0.064453125 0.0546875
0 0.48583984375 0.9375 0.1064453125 0.060546875
0 0.08447265625 0.78466796875 0.1201171875 0.0927734375
0 0.98095703125 0.43359375 0.0380859375 0.068359375
0 0.9443359375 0.89794921875 0.0625 0.0693359375
0 0.951171875 0.02294921875 0.083984375 0.0458984375
0 0.8876953125 0.033203125 0.064453125 0.046875
0 0.6298828125 0.08349609375 0.076171875 0.0673828125
0 0.595703125 0.669921875 0.09375 0.04296875
0 0.6953125 0.4111328125 0.07421875 0.087890625
0 0.365234375 0.4208984375 0.10546875 0.06640625
0 0.0810546875 0.90283203125 0.095703125 0.0341796875
0 0.33349609375 0.97216796875 0.1005859375 0.0341796875
0 0.53662109375 0.3876953125 0.0693359375 0.109375
0 0.14990234375 0.53076171875 0.1455078125 0.1025390625
0 0.291015625 0.068359375 0.126953125 0.126953125
0 0.27685546875 0.11669921875 0.1123046875 0.0927734375
0 0.2900390625 0.48779296875 0.087890625 0.0400390625
0 0.0458984375 0.4892578125 0.087890625 0.046875
0 0.73583984375 0.8974609375 0.0908203125 0.0546875
0 0.5556640625 0.45068359375 0.142578125 0.0712890625
0 0.123046875 0.98046875 0.08984375 0.033203125
0 0.154296875 0.72216796875 0.1328125 0.0849609375
0 0.69677734375 0.64990234375 0.0830078125 0.0439453125
0 0.6201171875 0.58056640625 0.02734375 0.0908203125
0 0.64208984375 0.880859375 0.0712890625 0.04296875
0 0.8115234375 0.63427734375 0.111328125 0.1064453125
0 0.0185546875 0.98486328125 0.037109375 0.0263671875
0 0.412109375 0.58251953125 0.056640625 0.0615234375
0 0.2421875 0.060546875 0.099609375 0.05859375
0 0.11865234375 0.54150390625 0.1240234375 0.0634765625
0 0.2822265625 0.39208984375 0.107421875 0.0458984375
0 0.54931640625 0.32763671875 0.0732421875 0.0634765625
0 0.95947265625 0.564453125 0.0615234375 0.083984375
0 0.02392578125 0.54443359375 0.0478515625 0.0576171875
0 0.69580078125 0.02197265625 0.0615234375 0.0439453125
0 0.25146484375 0.95361328125 0.1064453125 0.0927734375
0 0.515625 0.6396484375 0.080078125 0.03515625
0 0.44287109375 0.556640625 0.0576171875 0.04296875
0 0.18017578125 0.62744140625 0.0498046875 0.0927734375
0 0.158203125 0.015625 0.044921875 0.03125
0 0.1572265625 0.86474609375 0.087890625 0.0244140625
0 0.17724609375 0.78271484375 0.0732421875 0.0517578125
0 0.10693359375 0.84033203125 0.1376953125 0.0380859375
0 0.66552734375 0.67919921875 0.0869140625 0.0478515625
0 0.7373046875 0.70947265625 0.09765625 0.0419921875
0 0.34033203125 0.6142578125 0.1005859375 0.037109375
0 0.84619140625 0.9775390625 0.0498046875 0.03515625
0 0.3798828125 0.60302734375 0.1015625 0.0576171875
0 0.38818359375 0.84814453125 0.0517578125 0.0537109375
0 0.42578125 0.89208984375 0.091796875 0.0576171875
0 0.681640625 0.916015625 0.0390625 0.0625
0 0.892578125 0.98779296875 0.10546875 0.0244140625
0 0.2890625 0.97509765625 0.08984375 0.0498046875
0 0.990234375 0.55322265625 0.01953125 0.0908203125
0 0.138671875 0.09814453125 0.091796875 0.0693359375
0 0.72412109375 0.35400390625 0.1103515625 0.0849609375
0 0.9091796875 0.416015625 0.1015625 0.11328125
0 0.82958984375 0.89599609375 0.0654296875 0.0732421875
0 0.845703125 0.86083984375 0.078125 0.0712890625
0 0.169921875 0.35595703125 0.087890625 0.0595703125
0 0.494140625 0.556640625 0.07421875 0.05859375
0 0.09375 0.1484375 0.119140625 0.083984375
0 0.6259765625 0.39453125 0.087890625 0.10546875
0 0.2041015625 0.478515625 0.083984375 0.072265625
0 0.6943359375 0.52099609375 0.130859375 0.0419921875
0 0.2626953125 0.154296875 0.09765625 0.09375
0 0.21630859375 0.19482421875 0.0810546875 0.0654296875
0 0.318359375 0.24169921875 0.087890625 0.1103515625
0 0.193359375 0.5029296875 0.076171875 0.068359375
0 0.53759765625 0.28955078125 0.0751953125 0.0732421875
0 0.1103515625 0.11962890625 0.087890625 0.0849609375
0 0.86083984375 0.74365234375 0.0986328125 0.0927734375
0 0.30908203125 0.63134765625 0.0849609375 0.0771484375
0 0.0556640625 0.85693359375 0.109375 0.0849609375
0 0.7158203125 0.39990234375 0.083984375 0.0947265625
0 0.9521484375 0.5791015625 0.0546875 0.109375
0 0.98291015625 0.76123046875 0.0341796875 0.0517578125
0 0.20751953125 0.82421875 0.1279296875 0.060546875
0 0.8193359375 0.03125 0.064453125 0.0546875
0 0.48583984375 0.9375 0.1064453125 0.060546875
0 0.08447265625 0.78466796875 0.1201171875 0.0927734375
0 0.98095703125 0.43359375 0.0380859375 0.068359375
0 0.9443359375 0.89794921875 0.0625 0.0693359375
0 0.951171875 0.02294921875 0.083984375 0.0458984375
0 0.8876953125 0.033203125 0.064453125 0.046875
0 0.6298828125 0.08349609375 0.076171875 0.0673828125
0 0.595703125 0.669921875 0.09375 0.04296875
0 0.6953125 0.4111328125 0.07421875 0.087890625
0 0.365234375 0.4208984375 0.10546875 0.06640625
0 0.0810546875 0.90283203125 0.095703125 0.0341796875
0 0.33349609375 0.97216796875 0.1005859375 0.0341796875
0 0.53662109375 0.3876953125 0.0693359375 0.109375
0 0.14990234375 0.53076171875 0.1455078125 0.1025390625
0 0.291015625 0.068359375 0.126953125 0.126953125
0 0.27685546875 0.11669921875 0.1123046875 0.0927734375
0 0.2900390625 0.48779296875 0.087890625 0.0400390625
0 0.0458984375 0.4892578125 0.087890625 0.046875
0 0.73583984375 0.8974609375 0.0908203125 0.0546875
0 0.5556640625 0.45068359375 0.142578125 0.0712890625
0 0.123046875 0.98046875 0.08984375 0.033203125
0 0.154296875 0.72216796875 0.1328125 0.0849609375
0 0.69677734375 0.64990234375 0.0830078125 0.0439453125
0 0.6201171875 0.58056640625 0.02734375 0.0908203125
0 0.64208984375 0.880859375 0.0712890625 0.04296875
0 0.8115234375 0.63427734375 0.111328125 0.1064453125
0 0.0185546875 0.98486328125 0.037109375 0.0263671875
0 0.412109375 0.58251953125 0.056640625 0.0615234375
0 0.2421875 0.060546875 0.099609375 0.05859375
0 0.11865234375 0.54150390625 0.1240234375 0.0634765625
0 0.2822265625 0.39208984375 0.107421875 0.0458984375
0 0.54931640625 0.32763671875 0.0732421875 0.0634765625
0 0.95947265625 0.564453125 0.0615234375 0.083984375
0 0.02392578125 0.54443359375 0.0478515625 0.0576171875
0 0.69580078125 0.02197265625 0.0615234375 0.0439453125
0 0.25146484375 0.95361328125 0.1064453125 0.0927734375
0 0.515625 0.6396484375 0.080078125 0.03515625
0 0.44287109375 0.556640625 0.0576171875 0.04296875
0 0.18017578125 0.62744140625 0.0498046875 0.0927734375
0 0.158203125 0.015625 0.044921875 0.03125
0 0.1572265625 0.86474609375 0.087890625 0.0244140625
0 0.17724609375 0.78271484375 0.0732421875 0.0517578125
0 0.10693359375 0.84033203125 0.1376953125 0.0380859375
0 0.66552734375 0.67919921875 0.0869140625 0.0478515625
0 0.7373046875 0.70947265625 0.09765625 0.0419921875
0 0.34033203125 0.6142578125 0.1005859375 0.037109375
0 0.84619140625 0.9775390625 0.0498046875 0.03515625
0 0.3798828125 0.60302734375 0.1015625 0.0576171875
0 0.38818359375 0.84814453125 0.0517578125 0.0537109375
0 0.42578125 0.89208984375 0.091796875 0.0576171875
0 0.681640625 0.916015625 0.0390625 0.0625
0 0.892578125 0.98779296875 0.10546875 0.0244140625
0 0.2890625 0.97509765625 0.08984375 0.0498046875
