0 0.37451171875 0.4501953125 0.0654296875 0.095703125
0 0.83642578125 0.0576171875 0.0595703125 0.099609375
0 0.01611328125 0.0693359375 0.0322265625 0.13671875
0 0.52001953125 0.80517578125 0.1103515625 0.0771484375
0 0.05126953125 0.34375 0.1025390625 0.06640625
0 0.9619140625 0.427734375 0.076171875 0.0859375
0 0.01220703125 0.73095703125 0.0244140625 0.0439453125
0 0.41650390625 0.09619140625 0.1572265625 0.0693359375
0 0.21923828125 0.1015625 0.1142578125 0.0703125
0 0.4375 0.67138671875 0.162109375 0.0615234375
0 0.4521484375 0.04736328125 0.103515625 0.0537109375
0 0.16064453125 0.39013671875 0.1279296875 0.1298828125
0 0.20654296875 0.04052734375 0.0908203125 0.0810546875
0 0.95947265625 0.23486328125 0.0673828125 0.0888671875
0 0.95751953125 0.2880859375 0.0791015625 0.0625
0 0.53662109375 0.65576171875 0.0693359375 0.1337890625
0 0.10986328125 0.55224609375 0.1474609375 0.0556640625
0 0.791015625 0.42431640625 0.11328125 0.1416015625
0 0.04638671875 0.9091796875 0.0927734375 0.087890625
0 0.095703125 0.46142578125 0.154296875 0.0380859375
0 0.29638671875 0.341796875 0.1611328125 0.10546875
0 0.3798828125 0.77197265625 0.189453125 0.0810546875
0 0.96875 0.357421875 0.05078125 0.0625
0 0.04736328125 0.2568359375 0.0849609375 0.12890625
0 0.4892578125 0.4765625 0.0703125 0.046875
0 0.74169921875 0.0263671875 0.1181640625 0.052734375
0 0.9453125 0.77587890625 0.05078125 0.1025390625
0 0.15283203125 0.6259765625 0.0673828125 0.044921875
0 0.005859375 0.43896484375 0.01171875 0.0283203125
0 0.4482421875 0.63232421875 0.134765625 0.1025390625
0 0.14208984375 0.03662109375 0.1220703125 0.0732421875
0 0.15185546875 0.41748046875 0.1103515625 0.1298828125
0 0.0380859375 0.2607421875 0.060546875 0.103515625
0 0.2294921875 0.60400390625 0.091796875 0.0302734375
0 0.8720703125 0.400390625 0.0703125 0.0390625
0 0.87744140625 0.4150390625 0.0712890625 0.046875
0 0.0517578125 0.3125 0.083984375 0.05078125
0 0.72265625 0.3369140625 0.1875 0.146484375
0 0.7568359375 0.57421875 0.06640625 0.04296875
0 0.93994140625 0.69384765625 0.0615234375 0.0458984375
0 0.767578125 0.20361328125 0.05859375 0.0400390625
0 0.982421875 0.55126953125 0.03515625 0.0654296875
0 0.58056640625 0.14794921875 0.0849609375 0.0498046875
0 0.65625 0.29541015625 0.1328125 0.1455078125
0 0.37451171875 0.4501953125 0.0654296875 0.095703125
0 0.83642578125 0.0576171875 0.0595703125 0.099609375
0 0.01611328125 0.0693359375 0.0322265625 0.13671875
0 0.52001953125 0.80517578125 0.1103515625 0.0771484375
0 0.05126953125 0.34375 0.1025390625 0.06640625
0 0.9619140625 0.427734375 0.076171875 0.0859375
0 0.01220703125 0.73095703125 0.0244140625 0.0439453125
0 0.41650390625 0.09619140625 0.1572265625 0.0693359375
0 0.21923828125 0.1015625 0.1142578125 0.0703125
0 0.4375 0.67138671875 0.162109375 0.0615234375
0 0.4521484375 0.04736328125 0.103515625 0.0537109375
0 0.16064453125 0.39013671875 0.1279296875 0.1298828125
0 0.20654296875 0.04052734375 0.0908203125 0.0810546875
0 0.95947265625 0.23486328125 0.0673828125 0.0888671875
0 0.95751953125 0.2880859375 0.0791015625 0.0625
0 0.53662109375 0.65576171875 0.0693359375 0.1337890625
0 0.10986328125 0.55224609375 0.1474609375 0.0556640625
0 0.791015625 0.42431640625 0.11328125 0.1416015625
0 0.04638671875 0.9091796875 0.0927734375 0.087890625
0 0.095703125 0.46142578125 0.154296875 0.0380859375
0 0.29638671875 0.341796875 0.1611328125 0.10546875
0 0.3798828125 0.77197265625 0.189453125 0.0810546875
0 0.96875 0.357421875 0.05078125 0.0625
0 0.04736328125 0.2568359375 0.0849609375 0.12890625
0 0.4892578125 0.4765625 0.0703125 0.046875
0 0.74169921875 0.0263671875 0.1181640625 0.052734375
0 0.9453125 0.77587890625 0.05078125 0.1025390625
0 0.15283203125 0.6259765625 0.0673828125 0.044921875
0 0.005859375 0.43896484375 0.01171875 0.0283203125
0 0.4482421875 0.63232421875 0.134765625 0.1025390625
0 0.14208984375 0.03662109375 0.1220703125 0.0732421875
0 0.15185546875 0.41748046875 0.1103515625 0.1298828125
0 0.0380859375 0.2607421875 0.060546875 0.103515625
0 0.2294921875 0.60400390625 0.091796875 0.0302734375
0 0.8720703125 0.400390625 0.0703125 0.0390625
0 0.87744140625 0.4150390625 0.0712890625 0.046875
0 0.0517578125 0.3125 0.083984375 0.05078125
0 0.72265625 0.3369140625 0.1875 0.146484375
0 0.7568359375 0.57421875 0.06640625 0.04296875
0 0.93994140625 0.69384765625 0.0615234375 0.0458984375
0 0.767578125 0.20361328125 0.05859375 0.0400390625
0 0.982421875 0.55126953125 0.03515625 0.0654296875
0 0.58056640625 0.14794921875 0.0849609375 0.0498046875
0 0.65625 0.29541015625 0.1328125 0.1455078125
0 0.37451171875 0.4501953125 0.0654296875 0.095703125
0 0.83642578125 0.0576171875 0.0595703125 0.099609375
0 0.01611328125 0.0693359375 0.0322265625 0.13671875
0 0.52001953125 0.80517578125 0.1103515625 0.0771484375
0 0.05126953125 0.34375 0.1025390625 0.06640625
0 0.9619140625 0.427734375 0.076171875 0.0859375
0 0.01220703125 0.73095703125 0.0244140625 0.0439453125
0 0.41650390625 0.09619140625 0.1572265625 0.0693359375
0 0.21923828125 0.1015625 0.1142578125 0.0703125
0 0.4375 0.67138671875 0.162109375 0.0615234375
0 0.4521484375 0.04736328125 0.103515625 0.0537109375
0 0.16064453125 0.39013671875 0.1279296875 0.1298828125
0 0.20654296875 0.04052734375 0.0908203125 0.0810546875
0 0.95947265625 0.23486328125 0.0673828125 0.0888671875
0 0.95751953125 0.2880859375 0.0791015625 0.0625
0 0.53662109375 0.65576171875 0.0693359375 0.1337890625
0 0.10986328125 0.55224609375 0.1474609375 0.0556640625
0 0.791015625 0.42431640625 0.11328125 0.1416015625
0 0.04638671875 0.9091796875 0.0927734375 0.087890625
0 0.095703125 0.46142578125 0.154296875 0.0380859375
0 0.29638671875 0.341796875 0.1611328125 0.10546875
0 0.3798828125 0.77197265625 0.189453125 0.0810546875
0 0.96875 0.357421875 0.05078125 0.0625
0 0.04736328125 0.2568359375 0.0849609375 0.12890625
0 0.4892578125 0.4765625 0.0703125 0.046875
0 0.74169921875 0.0263671875 0.1181640625 0.052734375
0 0.9453125 0.77587890625 0.05078125 0.1025390625
0 0.15283203125 0.6259765625 0.0673828125 0.044921875
0 0.005859375 0.43896484375 0.01171875 0.0283203125
0 0.4482421875 0.63232421875 0.134765625 0.1025390625
0 0.14208984375 0.03662109375 0.1220703125 0.0732421875
0 0.15185546875 0.41748046875 0.1103515625 0.1298828125
0 0.0380859375 0.2607421875 0.060546875 0.103515625
0 0.2294921875 0.60400390625 0.091796875 0.0302734375
0 0.8720703125 0.400390625 0.0703125 0.0390625
0 0.87744140625 0.4150390625 0.0712890625 0.046875
0 0.0517578125 0.3125 0.083984375 0.05078125
0 0.72265625 0.3369140625 0.1875 0.146484375
0 0.7568359375 0.57421875 0.06640625 0.04296875
0 0.93994140625 0.69384765625 0.0615234375 0.0458984375
0 0.767578125 0.20361328125 0.05859375 0.0400390625
0 0.982421875 0.55126953125 0.03515625 0.0654296875
0 0.58056640625 0.14794921875 0.0849609375 0.0498046875
0 0.65625 0.29541015625 0.1328125 0.1455078125
