0 0.40380859375 0.1171875 0.0732421875 0.076171875
0 0.87353515625 0.4140625 0.0810546875 0.080078125
0 0.58544921875 0.14013671875 0.0712890625 0.0751953125
0 0.466796875 0.1005859375 0.103515625 0.083984375
0 0.20068359375 0.65576171875 0.0908203125 0.0771484375
0 0.7490234375 0.033203125 0.064453125 0.0625
0 0.634765625 0.5234375 0.068359375 0.060546875
0 0.58837890625 0.37646484375 0.0810546875 0.0693359375
0 0.91015625 0.83984375 0.048828125 0.076171875
0 0.02197265625 0.35546875 0.0439453125 0.078125
0 0.4140625 0.9658203125 0.064453125 0.068359375
0 0.728515625 0.37646484375 0.05859375 0.0693359375
0 0.658203125 0.123046875 0.03125 0.076171875
0 0.193359375 0.32861328125 0.033203125 0.0654296875
0 0.8115234375 0.91455078125 0.04296875 0.0732421875
0 0.35009765625 0.69287109375 0.0849609375 0.0693359375
0 0.8359375 0.55029296875 0.05078125 0.0322265625
0 0.34326171875 0.736328125 0.0478515625 0.078125
0 0.15087890625 0.03369140625 0.0634765625 0.0673828125
0 0.9755859375 0.2001953125 0.048828125 0.0859375
0 0.859375 0.03662109375 0.064453125 0.0615234375
0 0.86181640625 0.8271484375 0.0400390625 0.0703125
0 0.56396484375 0.02978515625 0.0400390625 0.0595703125
0 0.1728515625 0.40087890625 0.06640625 0.0537109375
0 0.1328125 0.44189453125 0.078125 0.0400390625
0 0.66015625 0.41943359375 0.044921875 0.0673828125
0 0.783203125 0.7626953125 0.06640625 0.048828125
0 0.72265625 0.80908203125 0.111328125 0.0498046875
0 0.33935546875 0.89013671875 0.0556640625 0.0478515625
0 0.630859375 0.9521484375 0.060546875 0.046875
0 0.4423828125 0.818359375 0.07421875 0.037109375
0 0.9033203125 0.23974609375 0.05859375 0.0400390625
0 0.466796875 0.54345703125 0.041015625 0.0556640625
0 0.53759765625 0.744140625 0.0595703125 0.046875
0 0.298828125 0.107421875 0.0546875 0.05078125
0 0.62060546875 0.36083984375 0.0478515625 0.0673828125
0 0.958984375 0.3681640625 0.02734375 0.0625
0 0.275390625 0.22998046875 0.07421875 0.0263671875
0 0.0078125 0.93408203125 0.015625 0.0244140625
0 0.2197265625 0.19482421875 0.0546875 0.0498046875
0 0.96728515625 0.06494140625 0.0341796875 0.0556640625
0 0.5693359375 0.80859375 0.041015625 0.0546875
0 0.337890625 0.474609375 0.1015625 0.04296875
0 0.27734375 0.525390625 0.076171875 0.02734375
0 0.15478515625 0.0908203125 0.0595703125 0.0859375
0 0.0751953125 0.52490234375 0.080078125 0.0458984375
0 0.5302734375 0.38916015625 0.052734375 0.0478515625
0 0.12255859375 0.5634765625 0.0517578125 0.037109375
0 0.72607421875 0.5634765625 0.0634765625 0.01953125
0 0.982421875 0.09912109375 0.029296875 0.0693359375
0 0.85791015625 0.50341796875 0.0263671875 0.0458984375
0 0.28564453125 0.79638671875 0.0927734375 0.0419921875
0 0.17138671875 0.8525390625 0.0556640625 0.017578125
0 0.5185546875 0.88330078125 0.080078125 0.0322265625
0 0.44189453125 0.87109375 0.0498046875 0.029296875
0 0.89208984375 0.29150390625 0.0439453125 0.0263671875
0 0.15283203125 0.8662109375 0.0400390625 0.04296875
0 0.5263671875 0.9169921875 0.029296875 0.052734375
0 0.7646484375 0.52001953125 0.04296875 0.0224609375
0 0.6904296875 0.41650390625 0.033203125 0.0400390625
0 0.95751953125 0.60888671875 0.0341796875 0.0341796875
0 0.14013671875 0.79248046875 0.0419921875 0.0283203125
0 0.80615234375 0.09375 0.0771484375 0.0546875
0 0.66748046875 0.91064453125 0.0419921875 0.0439453125
0 0.40380859375 0.1171875 0.0732421875 0.076171875
0 0.87353515625 0.4140625 0.0810546875 0.080078125
0 0.58544921875 0.14013671875 0.0712890625 0.0751953125
0 0.466796875 0.1005859375 0.103515625 0.083984375
0 0.20068359375 0.65576171875 0.0908203125 0.0771484375
0 0.7490234375 0.033203125 0.064453125 0.0625
0 0.634765625 0.5234375 0.068359375 0.060546875
0 0.58837890625 0.37646484375 0.0810546875 0.0693359375
0 0.91015625 0.83984375 0.048828125 0.076171875
0 0.02197265625 0.35546875 0.0439453125 0.078125
0 0.4140625 0.9658203125 0.064453125 0.068359375
0 0.728515625 0.37646484375 0.05859375 0.0693359375
0 0.658203125 0.123046875 0.03125 0.076171875
0 0.193359375 0.32861328125 0.033203125 0.0654296875
0 0.8115234375 0.91455078125 0.04296875 0.0732421875
0 0.35009765625 0.69287109375 0.0849609375 0.0693359375
0 0.8359375 0.55029296875 0.05078125 0.0322265625
0 0.34326171875 0.736328125 0.0478515625 0.078125
0 0.15087890625 0.03369140625 0.0634765625 0.0673828125
0 0.9755859375 0.2001953125 0.048828125 0.0859375
0 0.859375 0.03662109375 0.064453125 0.0615234375
0 0.86181640625 0.8271484375 0.0400390625 0.0703125
0 0.56396484375 0.02978515625 0.0400390625 0.0595703125
0 0.1728515625 0.40087890625 0.06640625 0.0537109375
0 0.1328125 0.44189453125 0.078125 0.0400390625
0 0.66015625 0.41943359375 0.044921875 0.0673828125
0 0.783203125 0.7626953125 0.06640625 0.048828125
0 0.72265625 0.80908203125 0.111328125 0.0498046875
0 0.33935546875 0.89013671875 0.0556640625 0.0478515625
0 0.630859375 0.9521484375 0.060546875 0.046875
0 0.4423828125 0.818359375 0.07421875 0.037109375
0 0.9033203125 0.23974609375 0.05859375 0.0400390625
0 0.466796875 0.54345703125 0.041015625 0.0556640625
0 0.53759765625 0.744140625 0.0595703125 0.046875
0 0.298828125 0.107421875 0.0546875 0.05078125
0 0.62060546875 0.36083984375 0.0478515625 0.0673828125
0 0.958984375 0.3681640625 0.02734375 0.0625
0 0.275390625 0.22998046875 0.07421875 0.0263671875
0 0.0078125 0.93408203125 0.015625 0.0244140625
0 0.2197265625 0.19482421875 0.0546875 0.0498046875
0 0.96728515625 0.06494140625 0.0341796875 0.0556640625
0 0.5693359375 0.80859375 0.041015625 0.0546875
0 0.337890625 0.474609375 0.1015625 0.04296875
0 0.27734375 0.525390625 0.076171875 0.02734375
0 0.15478515625 0.0908203125 0.0595703125 0.0859375
0 0.0751953125 0.52490234375 0.080078125 0.0458984375
0 0.5302734375 0.38916015625 0.052734375 0.0478515625
0 0.12255859375 0.5634765625 0.0517578125 0.037109375
0 0.72607421875 0.5634765625 0.0634765625 0.01953125
0 0.982421875 0.09912109375 0.029296875 0.0693359375
0 0.85791015625 0.50341796875 0.0263671875 0.0458984375
0 0.28564453125 0.79638671875 0.0927734375 0.0419921875
0 0.17138671875 0.8525390625 0.0556640625 0.017578125
0 0.5185546875 0.88330078125 0.080078125 0.0322265625
0 0.44189453125 0.87109375 0.0498046875 0.029296875
0 0.89208984375 0.29150390625 0.0439453125 0.0263671875
0 0.15283203125 0.8662109375 0.0400390625 0.04296875
0 0.5263671875 0.9169921875 0.029296875 0.052734375
0 0.7646484375 0.52001953125 0.04296875 0.0224609375
0 0.6904296875 0.41650390625 0.033203125 0.0400390625
0 0.95751953125 0.60888671875 0.0341796875 0.0341796875
0 0.14013671875 0.79248046875 0.0419921875 0.0283203125
0 0.80615234375 0.09375 0.0771484375 0.0546875
0 0.66748046875 0.91064453125 0.0419921875 0.0439453125
0 0.40380859375 0.1171875 0.0732421875 0.076171875
0 0.87353515625 0.4140625 0.0810546875 0.080078125
0 0.58544921875 0.14013671875 0.0712890625 0.0751953125
0 0.466796875 0.1005859375 0.103515625 0.083984375
0 0.20068359375 0.65576171875 0.0908203125 0.0771484375
0 0.7490234375 0.033203125 0.064453125 0.0625
0 0.634765625 0.5234375 0.068359375 0.060546875
0 0.58837890625 0.37646484375 0.0810546875 0.0693359375
0 0.91015625 0.83984375 0.048828125 0.076171875
0 0.02197265625 0.35546875 0.0439453125 0.078125
0 0.4140625 0.9658203125 0.064453125 0.068359375
0 0.728515625 0.37646484375 0.05859375 0.0693359375
0 0.658203125 0.123046875 0.03125 0.076171875
0 0.193359375 0.32861328125 0.033203125 0.0654296875
0 0.8115234375 0.91455078125 0.04296875 0.0732421875
0 0.35009765625 0.69287109375 0.0849609375 0.0693359375
0 0.8359375 0.55029296875 0.05078125 0.0322265625
0 0.34326171875 0.736328125 0.0478515625 0.078125
0 0.15087890625 0.03369140625 0.0634765625 0.0673828125
0 0.9755859375 0.2001953125 0.048828125 0.0859375
0 0.859375 0.03662109375 0.064453125 0.0615234375
0 0.86181640625 0.8271484375 0.0400390625 0.0703125
0 0.56396484375 0.02978515625 0.0400390625 0.0595703125
0 0.1728515625 0.40087890625 0.06640625 0.0537109375
0 0.1328125 0.44189453125 0.078125 0.0400390625
0 0.66015625 0.41943359375 0.044921875 0.0673828125
0 0.783203125 0.7626953125 0.06640625 0.048828125
0 0.72265625 0.80908203125 0.111328125 0.0498046875
0 0.33935546875 0.89013671875 0.0556640625 0.0478515625
0 0.630859375 0.9521484375 0.060546875 0.046875
0 0.4423828125 0.818359375 0.07421875 0.037109375
0 0.9033203125 0.23974609375 0.05859375 0.0400390625
0 0.466796875 0.54345703125 0.041015625 0.0556640625
0 0.53759765625 0.744140625 0.0595703125 0.046875
0 0.298828125 0.107421875 0.0546875 0.05078125
0 0.62060546875 0.36083984375 0.0478515625 0.0673828125
0 0.958984375 0.3681640625 0.02734375 0.0625
0 0.275390625 0.22998046875 0.07421875 0.0263671875
0 0.0078125 0.93408203125 0.015625 0.0244140625
0 0.2197265625 0.19482421875 0.0546875 0.0498046875
0 0.96728515625 0.06494140625 0.0341796875 0.0556640625
0 0.5693359375 0.80859375 0.041015625 0.0546875
0 0.337890625 0.474609375 0.1015625 0.04296875
0 0.27734375 0.525390625 0.076171875 0.02734375
0 0.15478515625 0.0908203125 0.0595703125 0.0859375
0 0.0751953125 0.52490234375 0.080078125 0.0458984375
0 0.5302734375 0.38916015625 0.052734375 0.0478515625
0 0.12255859375 0.5634765625 0.0517578125 0.037109375
0 0.72607421875 0.5634765625 0.0634765625 0.01953125
0 0.982421875 0.09912109375 0.029296875 0.0693359375
0 0.85791015625 0.50341796875 0.0263671875 0.0458984375
0 0.28564453125 0.79638671875 0.0927734375 0.0419921875
0 0.17138671875 0.8525390625 0.0556640625 0.017578125
0 0.5185546875 0.88330078125 0.080078125 0.0322265625
0 0.44189453125 0.87109375 0.0498046875 0.029296875
0 0.89208984375 0.29150390625 0.0439453125 0.0263671875
0 0.15283203125 0.8662109375 0.0400390625 0.04296875
0 0.5263671875 0.9169921875 0.029296875 0.052734375
0 0.7646484375 0.52001953125 0.04296875 0.0224609375
0 0.6904296875 0.41650390625 0.033203125 0.0400390625
0 0.95751953125 0.60888671875 0.0341796875 0.0341796875
0 0.14013671875 0.79248046875 0.0419921875 0.0283203125
0 0.80615234375 0.09375 0.0771484375 0.0546875
0 0.66748046875 0.91064453125 0.0419921875 0.0439453125
