0 0.08740234375 0.4150390625 0.0986328125 0.076171875
0 0.2783203125 0.86328125 0.0859375 0.095703125
0 0.10888671875 0.1689453125 0.0615234375 0.107421875
0 0.82763671875 0.2392578125 0.0400390625 0.10546875
0 0.52490234375 0.14501953125 0.0478515625 0.0771484375
0 0.89111328125 0.384765625 0.0439453125 0.109375
0 0.462890625 0.4482421875 0.115234375 0.052734375
0 0.35107421875 0.8828125 0.0947265625 0.1328125
0 0.74267578125 0.4921875 0.0439453125 0.15625
0 0.63671875 0.23583984375 0.109375 0.0361328125
0 0.76025390625 0.654296875 0.0673828125 0.056640625
0 0.47216796875 0.85986328125 0.1298828125 0.1279296875
0 0.421875 0.10498046875 0.11328125 0.0947265625
0 0.9013671875 0.78173828125 0.0625 0.0439453125
0 0.98095703125 0.51611328125 0.0380859375 0.0751953125
0 0.83349609375 0.36083984375 0.0634765625 0.1044921875
0 0.4326171875 0.7783203125 0.154296875 0.052734375
0 0.96826171875 0.2451171875 0.0576171875 0.072265625
0 0.765625 0.40087890625 0.08203125 0.1572265625
0 0.15576171875 0.0947265625 0.0830078125 0.083984375
0 0.27734375 0.39306640625 0.046875 0.1435546875
0 0.095703125 0.26708984375 0.064453125 0.0654296875
0 0.23876953125 0.14697265625 0.0947265625 0.0478515625
0 0.43701171875 0.23291015625 0.0849609375 0.0849609375
0 0.10546875 0.69580078125 0.056640625 0.0654296875
0 0.72607421875 0.595703125 0.0458984375 0.072265625
0 0.88330078125 0.21044921875 0.0634765625 0.0986328125
0 0.3837890625 0.1748046875 0.0625 0.07421875
0 0.03515625 0.6064453125 0.0703125 0.080078125
0 0.5908203125 0.357421875 0.046875 0.056640625
0 0.806640625 0.97265625 0.033203125 0.0546875
0 0.63623046875 0.4560546875 0.0302734375 0.068359375
0 0.87841796875 0.294921875 0.0771484375 0.033203125
0 0.5771484375 0.021484375 0.05078125 0.041015625
0 0.912109375 0.0546875 0.08984375 0.109375
0 0.642578125 0.603515625 0.05078125 0.107421875
0 0.048828125 0.0810546875 0.078125 0.103515625
0 0.6220703125 0.29150390625 0.087890625 0.0771484375
0 0.12353515625 0.9873046875 0.0400390625 0.025390625
0 0.80908203125 0.9345703125 0.0673828125 0.041015625
0 0.66259765625 0.57763671875 0.0361328125 0.0791015625
0 0.14208984375 0.853515625 0.0927734375 0.044921875
0 0.3349609375 0.61669921875 0.076171875 0.1513671875
0 0.85888671875 0.04638671875 0.0556640625 0.0927734375
0 0.34619140625 0.18994140625 0.0322265625 0.1064453125
0 0.95263671875 0.7177734375 0.0537109375 0.05859375
0 0.35986328125 0.1123046875 0.1103515625 0.11328125
0 0.02294921875 0.9248046875 0.0439453125 0.05078125
0 0.232421875 0.02587890625 0.05859375 0.0517578125
0 0.08740234375 0.85888671875 0.0634765625 0.0673828125
0 0.71240234375 0.35791015625 0.0830078125 0.0830078125
0 0.04736328125 0.21630859375 0.0947265625 0.0498046875
0 0.46484375 0.74169921875 0.07421875 0.1162109375
0 0.03515625 0.17431640625 0.0703125 0.1025390625
0 0.08740234375 0.4150390625 0.0986328125 0.076171875
0 0.2783203125 0.86328125 0.0859375 0.095703125
0 0.10888671875 0.1689453125 0.0615234375 0.107421875
0 0.82763671875 0.2392578125 0.0400390625 0.10546875
0 0.52490234375 0.14501953125 0.0478515625 0.0771484375
0 0.89111328125 0.384765625 0.0439453125 0.109375
0 0.462890625 0.4482421875 0.115234375 0.052734375
0 0.35107421875 0.8828125 0.0947265625 0.1328125
0 0.74267578125 0.4921875 0.0439453125 0.15625
0 0.63671875 0.23583984375 0.109375 0.0361328125
0 0.76025390625 0.654296875 0.0673828125 0.056640625
0 0.47216796875 0.85986328125 0.1298828125 0.1279296875
0 0.421875 0.10498046875 0.11328125 0.0947265625
0 0.9013671875 0.78173828125 0.0625 0.0439453125
0 0.98095703125 0.51611328125 0.0380859375 0.0751953125
0 0.83349609375 0.36083984375 0.0634765625 0.1044921875
0 0.4326171875 0.7783203125 0.154296875 0.052734375
0 0.96826171875 0.2451171875 0.0576171875 0.072265625
0 0.765625 0.40087890625 0.08203125 0.1572265625
0 0.15576171875 0.0947265625 0.0830078125 0.083984375
0 0.27734375 0.39306640625 0.046875 0.1435546875
0 0.095703125 0.26708984375 0.064453125 0.0654296875
0 0.23876953125 0.14697265625 0.0947265625 0.0478515625
0 0.43701171875 0.23291015625 0.0849609375 0.0849609375
0 0.10546875 0.69580078125 0.056640625 0.0654296875
0 0.72607421875 0.595703125 0.0458984375 0.072265625
0 0.88330078125 0.21044921875 0.0634765625 0.0986328125
0 0.3837890625 0.1748046875 0.0625 0.07421875
0 0.03515625 0.6064453125 0.0703125 0.080078125
0 0.5908203125 0.357421875 0.046875 0.056640625
0 0.806640625 0.97265625 0.033203125 0.0546875
0 0.63623046875 0.4560546875 0.0302734375 0.068359375
0 0.87841796875 0.294921875 0.0771484375 0.033203125
0 0.5771484375 0.021484375 0.05078125 0.041015625
0 0.912109375 0.0546875 0.08984375 0.109375
0 0.642578125 0.603515625 0.05078125 0.107421875
0 0.048828125 0.0810546875 0.078125 0.103515625
0 0.6220703125 0.29150390625 0.087890625 0.0771484375
0 0.12353515625 0.9873046875 0.0400390625 0.025390625
0 0.80908203125 0.9345703125 0.0673828125 0.041015625
0 0.66259765625 0.57763671875 0.0361328125 0.0791015625
0 0.14208984375 0.853515625 0.0927734375 0.044921875
0 0.3349609375 0.61669921875 0.076171875 0.1513671875
0 0.85888671875 0.04638671875 0.0556640625 0.0927734375
0 0.34619140625 0.18994140625 0.0322265625 0.1064453125
0 0.95263671875 0.7177734375 0.0537109375 0.05859375
0 0.35986328125 0.1123046875 0.1103515625 0.11328125
0 0.02294921875 0.9248046875 0.0439453125 0.05078125
0 0.232421875 0.02587890625 0.05859375 0.0517578125
0 0.08740234375 0.85888671875 0.0634765625 0.0673828125
0 0.71240234375 0.35791015625 0.0830078125 0.0830078125
0 0.04736328125 0.21630859375 0.0947265625 0.0498046875
0 0.46484375 0.74169921875 0.07421875 0.1162109375
0 0.03515625 0.17431640625 0.0703125 0.1025390625
0 0.08740234375 0.4150390625 0.0986328125 0.076171875
0 0.2783203125 0.86328125 0.0859375 0.095703125
0 0.10888671875 0.1689453125 0.0615234375 0.107421875
0 0.82763671875 0.2392578125 0.0400390625 0.10546875
0 0.52490234375 0.14501953125 0.0478515625 0.0771484375
0 0.89111328125 0.384765625 0.0439453125 0.109375
0 0.462890625 0.4482421875 0.115234375 0.052734375
0 0.35107421875 0.8828125 0.0947265625 0.1328125
0 0.74267578125 0.4921875 0.0439453125 0.15625
0 0.63671875 0.23583984375 0.109375 0.0361328125
0 0.76025390625 0.654296875 0.0673828125 0.056640625
0 0.47216796875 0.85986328125 0.1298828125 0.1279296875
0 0.421875 0.10498046875 0.11328125 0.0947265625
0 0.9013671875 0.78173828125 0.0625 0.0439453125
0 0.98095703125 0.51611328125 0.0380859375 0.0751953125
0 0.83349609375 0.36083984375 0.0634765625 0.1044921875
0 0.4326171875 0.7783203125 0.154296875 0.052734375
0 0.96826171875 0.2451171875 0.0576171875 0.072265625
0 0.765625 0.40087890625 0.08203125 0.1572265625
0 0.15576171875 0.0947265625 0.0830078125 0.083984375
0 0.27734375 0.39306640625 0.046875 0.1435546875
0 0.095703125 0.26708984375 0.064453125 0.0654296875
0 0.23876953125 0.14697265625 0.0947265625 0.0478515625
0 0.43701171875 0.23291015625 0.0849609375 0.0849609375
0 0.10546875 0.69580078125 0.056640625 0.0654296875
0 0.72607421875 0.595703125 0.0458984375 0.072265625
0 0.88330078125 0.21044921875 0.0634765625 0.0986328125
0 0.3837890625 0.1748046875 0.0625 0.07421875
0 0.03515625 0.6064453125 0.0703125 0.080078125
0 0.5908203125 0.357421875 0.046875 0.056640625
0 0.806640625 0.97265625 0.033203125 0.0546875
0 0.63623046875 0.4560546875 0.0302734375 0.068359375
0 0.87841796875 0.294921875 0.0771484375 0.033203125
0 0.5771484375 0.021484375 0.05078125 0.041015625
0 0.912109375 0.0546875 0.08984375 0.109375
0 0.642578125 0.603515625 0.05078125 0.107421875
0 0.048828125 0.0810546875 0.078125 0.103515625
0 0.6220703125 0.29150390625 0.087890625 0.0771484375
0 0.12353515625 0.9873046875 0.0400390625 0.025390625
0 0.80908203125 0.9345703125 0.0673828125 0.041015625
0 0.66259765625 0.57763671875 0.0361328125 0.0791015625
0 0.14208984375 0.853515625 0.0927734375 0.044921875
0 0.3349609375 0.61669921875 0.076171875 0.1513671875
0 0.85888671875 0.04638671875 0.0556640625 0.0927734375
0 0.34619140625 0.18994140625 0.0322265625 0.1064453125
0 0.95263671875 0.7177734375 0.0537109375 0.05859375
0 0.35986328125 0.1123046875 0.1103515625 0.11328125
0 0.02294921875 0.9248046875 0.0439453125 0.05078125
0 0.232421875 0.02587890625 0.05859375 0.0517578125
0 0.08740234375 0.85888671875 0.0634765625 0.0673828125
0 0.71240234375 0.35791015625 0.0830078125 0.0830078125
0 0.04736328125 0.21630859375 0.0947265625 0.0498046875
0 0.46484375 0.74169921875 0.07421875 0.1162109375
0 0.03515625 0.17431640625 0.0703125 0.1025390625
