0 0.056640625 0.8515625 0.087890625 0.064453125
0 0.6494140625 0.2197265625 0.0546875 0.083984375
0 0.49560546875 0.21533203125 0.0751953125 0.0615234375
0 0.501953125 0.55322265625 0.06640625 0.0771484375
0 0.08740234375 0.50390625 0.0830078125 0.0625
0 0.173828125 0.65185546875 0.091796875 0.0576171875
0 0.935546875 0.02880859375 0.080078125 0.0556640625
0 0.54638671875 0.8369140625 0.0537109375 0.078125
0 0.15869140625 0.21484375 0.1474609375 0.044921875
0 0.724609375 0.1513671875 0.06640625 0.095703125
0 0.22265625 0.48779296875 0.083984375 0.0693359375
0 0.0322265625 0.529296875 0.064453125 0.076171875
0 0.47802734375 0.6318359375 0.0693359375 0.072265625
0 0.24853515625 0.58349609375 0.1162109375 0.0458984375
0 0.80615234375 0.2890625 0.0615234375 0.06640625
0 0.67919921875 0.03515625 0.0654296875 0.0703125
0 0.11767578125 0.130859375 0.0498046875 0.119140625
0 0.63232421875 0.07275390625 0.0498046875 0.0927734375
0 0.8359375 0.12060546875 0.11328125 0.0693359375
0 0.22314453125 0.8662109375 0.0693359375 0.05078125
0 0.46826171875 0.89453125 0.0654296875 0.083984375
0 0.39111328125 0.18359375 0.0869140625 0.08984375
0 0.7607421875 0.03759765625 0.052734375 0.0712890625
0 0.033203125 0.669921875 0.06640625 0.044921875
0 0.59130859375 0.95703125 0.0693359375 0.04296875
0 0.49560546875 0.1689453125 0.0537109375 0.068359375
0 0.3291015625 0.19873046875 0.025390625 0.1005859375
0 0.181640625 0.2900390625 0.0703125 0.05859375
0 0.71533203125 0.86328125 0.0634765625 0.0546875
0 0.68408203125 0.20751953125 0.0791015625 0.0556640625
0 0.91650390625 0.521484375 0.0283203125 0.0859375
0 0.89013671875 0.6708984375 0.0849609375 0.0625
0 0.3310546875 0.771484375 0.0625 0.05078125
0 0.91259765625 0.96337890625 0.0849609375 0.0341796875
0 0.375 0.2734375 0.060546875 0.056640625
0 0.17236328125 0.0263671875 0.0654296875 0.044921875
0 0.10302734375 0.03076171875 0.0732421875 0.0595703125
0 0.05078125 0.34521484375 0.060546875 0.0576171875
0 0.4619140625 0.37060546875 0.05078125 0.0498046875
0 0.28076171875 0.072265625 0.0771484375 0.041015625
0 0.1484375 0.95458984375 0.068359375 0.0400390625
0 0.89697265625 0.37744140625 0.0400390625 0.0732421875
0 0.6953125 0.7861328125 0.072265625 0.080078125
0 0.37744140625 0.40625 0.0673828125 0.03515625
0 0.7412109375 0.7177734375 0.05859375 0.033203125
0 0.10498046875 0.63818359375 0.0634765625 0.0556640625
0 0.5634765625 0.98486328125 0.052734375 0.0205078125
0 0.5634765625 0.91259765625 0.048828125 0.0732421875
0 0.58056640625 0.79443359375 0.0693359375 0.0322265625
0 0.8974609375 0.8642578125 0.041015625 0.076171875
0 0.53271484375 0.603515625 0.1123046875 0.052734375
0 0.29736328125 0.6298828125 0.0654296875 0.046875
0 0.802734375 0.18994140625 0.048828125 0.0771484375
0 0.62353515625 0.830078125 0.0556640625 0.03515625
0 0.80859375 0.92333984375 0.06640625 0.0322265625
0 0.86181640625 0.56494140625 0.0693359375 0.0712890625
0 0.091796875 0.05029296875 0.05859375 0.0537109375
0 0.833984375 0.9892578125 0.044921875 0.021484375
0 0.82373046875 0.50634765625 0.0556640625 0.0537109375
0 0.48779296875 0.2470703125 0.0654296875 0.0625
0 0.97509765625 0.9501953125 0.0498046875 0.04296875
0 0.01220703125 0.0859375 0.0244140625 0.04296875
0 0.365234375 0.9931640625 0.068359375 0.013671875
0 0.681640625 0.3779296875 0.046875 0.0546875
0 0.98291015625 0.22900390625 0.0302734375 0.0849609375
0 0.2294921875 0.95556640625 0.046875 0.0380859375
0 0.0576171875 0.0869140625 0.080078125 0.041015625
0 0.02685546875 0.76025390625 0.0537109375 0.0224609375
0 0.986328125 0.0263671875 0.02734375 0.052734375
0 0.7099609375 0.61376953125 0.078125 0.0361328125
0 0.71484375 0.671875 0.068359375 0.08203125
0 0.9091796875 0.76123046875 0.0546875 0.0498046875
0 0.9560546875 0.68212890625 0.037109375 0.0556640625
0 0.8232421875 0.2412109375 0.06640625 0.068359375
0 0.39111328125 0.95654296875 0.0576171875 0.0478515625
0 0.36767578125 0.21728515625 0.0439453125 0.0380859375
0 0.4912109375 0.9853515625 0.07421875 0.029296875
0 0.056640625 0.8515625 0.087890625 0.064453125
0 0.6494140625 0.2197265625 0.0546875 0.083984375
0 0.49560546875 0.21533203125 0.0751953125 0.0615234375
0 0.501953125 0.55322265625 0.06640625 0.0771484375
0 0.08740234375 0.50390625 0.0830078125 0.0625
0 0.173828125 0.65185546875 0.091796875 0.0576171875
0 0.935546875 0.02880859375 0.080078125 0.0556640625
0 0.54638671875 0.8369140625 0.0537109375 0.078125
0 0.15869140625 0.21484375 0.1474609375 0.044921875
0 0.724609375 0.1513671875 0.06640625 0.095703125
0 0.22265625 0.48779296875 0.083984375 0.0693359375
0 0.0322265625 0.529296875 0.064453125 0.076171875
0 0.47802734375 0.6318359375 0.0693359375 0.072265625
0 0.24853515625 0.58349609375 0.1162109375 0.0458984375
0 0.80615234375 0.2890625 0.0615234375 0.06640625
0 0.67919921875 0.03515625 0.0654296875 0.0703125
0 0.11767578125 0.130859375 0.0498046875 0.119140625
0 0.63232421875 0.07275390625 0.0498046875 0.0927734375
0 0.8359375 0.12060546875 0.11328125 0.0693359375
0 0.22314453125 0.8662109375 0.0693359375 0.05078125
0 0.46826171875 0.89453125 0.0654296875 0.083984375
0 0.39111328125 0.18359375 0.0869140625 0.08984375
0 0.7607421875 0.03759765625 0.052734375 0.0712890625
0 0.033203125 0.669921875 0.06640625 0.044921875
0 0.59130859375 0.95703125 0.0693359375 0.04296875
0 0.49560546875 0.1689453125 0.0537109375 0.068359375
0 0.3291015625 0.19873046875 0.025390625 0.1005859375
0 0.181640625 0.2900390625 0.0703125 0.05859375
0 0.71533203125 0.86328125 0.0634765625 0.0546875
0 0.68408203125 0.20751953125 0.0791015625 0.0556640625
0 0.91650390625 0.521484375 0.0283203125 0.0859375
0 0.89013671875 0.6708984375 0.0849609375 0.0625
0 0.3310546875 0.771484375 0.0625 0.05078125
0 0.91259765625 0.96337890625 0.0849609375 0.0341796875
0 0.375 0.2734375 0.060546875 0.056640625
0 0.17236328125 0.0263671875 0.0654296875 0.044921875
0 0.10302734375 0.03076171875 0.0732421875 0.0595703125
0 0.05078125 0.34521484375 0.060546875 0.0576171875
0 0.4619140625 0.37060546875 0.05078125 0.0498046875
0 0.28076171875 0.072265625 0.0771484375 0.041015625
0 0.1484375 0.95458984375 0.068359375 0.0400390625
0 0.89697265625 0.37744140625 0.0400390625 0.0732421875
0 0.6953125 0.7861328125 0.072265625 0.080078125
0 0.37744140625 0.40625 0.0673828125 0.03515625
0 0.7412109375 0.7177734375 0.05859375 0.033203125
0 0.10498046875 0.63818359375 0.0634765625 0.0556640625
0 0.5634765625 0.98486328125 0.052734375 0.0205078125
0 0.5634765625 0.91259765625 0.048828125 0.0732421875
0 0.58056640625 0.79443359375 0.0693359375 0.0322265625
0 0.8974609375 0.8642578125 0.041015625 0.076171875
0 0.53271484375 0.603515625 0.1123046875 0.052734375
0 0.29736328125 0.6298828125 0.0654296875 0.046875
0 0.802734375 0.18994140625 0.048828125 0.0771484375
0 0.62353515625 0.830078125 0.0556640625 0.03515625
0 0.80859375 0.92333984375 0.06640625 0.0322265625
0 0.86181640625 0.56494140625 0.0693359375 0.0712890625
0 0.091796875 0.05029296875 0.05859375 0.0537109375
0 0.833984375 0.9892578125 0.044921875 0.021484375
0 0.82373046875 0.50634765625 0.0556640625 0.0537109375
0 0.48779296875 0.2470703125 0.0654296875 0.0625
0 0.97509765625 0.9501953125 0.0498046875 0.04296875
0 0.01220703125 0.0859375 0.0244140625 0.04296875
0 0.365234375 0.9931640625 0.068359375 0.013671875
0 0.681640625 0.3779296875 0.046875 0.0546875
0 0.98291015625 0.22900390625 0.0302734375 0.0849609375
0 0.2294921875 0.95556640625 0.046875 0.0380859375
0 0.0576171875 0.0869140625 0.080078125 0.041015625
0 0.02685546875 0.76025390625 0.0537109375 0.0224609375
0 0.986328125 0.0263671875 0.02734375 0.052734375
0 0.7099609375 0.61376953125 0.078125 0.0361328125
0 0.71484375 0.671875 0.068359375 0.08203125
0 0.9091796875 0.76123046875 0.0546875 0.0498046875
0 0.9560546875 0.68212890625 0.037109375 0.0556640625
0 0.8232421875 0.2412109375 0.06640625 0.068359375
0 0.39111328125 0.95654296875 0.0576171875 0.0478515625
0 0.36767578125 0.21728515625 0.0439453125 0.0380859375
0 0.4912109375 0.9853515625 0.07421875 0.029296875
0 0.056640625 0.8515625 0.087890625 0.064453125
0 0.6494140625 0.2197265625 0.0546875 0.083984375
0 0.49560546875 0.21533203125 0.0751953125 0.0615234375
0 0.501953125 0.55322265625 0.06640625 0.0771484375
0 0.08740234375 0.50390625 0.0830078125 0.0625
0 0.173828125 0.65185546875 0.091796875 0.0576171875
0 0.935546875 0.02880859375 0.080078125 0.0556640625
0 0.54638671875 0.8369140625 0.0537109375 0.078125
0 0.15869140625 0.21484375 0.1474609375 0.044921875
0 0.724609375 0.1513671875 0.06640625 0.095703125
0 0.22265625 0.48779296875 0.083984375 0.0693359375
0 0.0322265625 0.529296875 0.064453125 0.076171875
0 0.47802734375 0.6318359375 0.0693359375 0.072265625
0 0.24853515625 0.58349609375 0.1162109375 0.0458984375
0 0.80615234375 0.2890625 0.0615234375 0.06640625
0 0.67919921875 0.03515625 0.0654296875 0.0703125
0 0.11767578125 0.130859375 0.0498046875 0.119140625
0 0.63232421875 0.07275390625 0.0498046875 0.0927734375
0 0.8359375 0.12060546875 0.11328125 0.0693359375
0 0.22314453125 0.8662109375 0.0693359375 0.05078125
0 0.46826171875 0.89453125 0.0654296875 0.083984375
0 0.39111328125 0.18359375 0.0869140625 0.08984375
0 0.7607421875 0.03759765625 0.052734375 0.0712890625
0 0.033203125 0.669921875 0.06640625 0.044921875
0 0.59130859375 0.95703125 0.0693359375 0.04296875
0 0.49560546875 0.1689453125 0.0537109375 0.068359375
0 0.3291015625 0.19873046875 0.025390625 0.1005859375
0 0.181640625 0.2900390625 0.0703125 0.05859375
0 0.71533203125 0.86328125 0.0634765625 0.0546875
0 0.68408203125 0.20751953125 0.0791015625 0.0556640625
0 0.91650390625 0.521484375 0.0283203125 0.0859375
0 0.89013671875 0.6708984375 0.0849609375 0.0625
0 0.3310546875 0.771484375 0.0625 0.05078125
0 0.91259765625 0.96337890625 0.0849609375 0.0341796875
0 0.375 0.2734375 0.060546875 0.056640625
0 0.17236328125 0.0263671875 0.0654296875 0.044921875
0 0.10302734375 0.03076171875 0.0732421875 0.0595703125
0 0.05078125 0.34521484375 0.060546875 0.0576171875
0 0.4619140625 0.37060546875 0.05078125 0.0498046875
0 0.28076171875 0.072265625 0.0771484375 0.041015625
0 0.1484375 0.95458984375 0.068359375 0.0400390625
0 0.89697265625 0.37744140625 0.0400390625 0.0732421875
0 0.6953125 0.7861328125 0.072265625 0.080078125
0 0.37744140625 0.40625 0.0673828125 0.03515625
0 0.7412109375 0.7177734375 0.05859375 0.033203125
0 0.10498046875 0.63818359375 0.0634765625 0.0556640625
0 0.5634765625 0.98486328125 0.052734375 0.0205078125
0 0.5634765625 0.91259765625 0.048828125 0.0732421875
0 0.58056640625 0.79443359375 0.0693359375 0.0322265625
0 0.8974609375 0.8642578125 0.041015625 0.076171875
0 0.53271484375 0.603515625 0.1123046875 0.052734375
0 0.29736328125 0.6298828125 0.0654296875 0.046875
0 0.802734375 0.18994140625 0.048828125 0.0771484375
0 0.62353515625 0.830078125 0.0556640625 0.03515625
0 0.80859375 0.92333984375 0.06640625 0.0322265625
0 0.86181640625 0.56494140625 0.0693359375 0.0712890625
0 0.091796875 0.05029296875 0.05859375 0.0537109375
0 0.833984375 0.9892578125 0.044921875 0.021484375
0 0.82373046875 0.50634765625 0.0556640625 0.0537109375
0 0.48779296875 0.2470703125 0.0654296875 0.0625
0 0.97509765625 0.9501953125 0.0498046875 0.04296875
0 0.01220703125 0.0859375 0.0244140625 0.04296875
0 0.365234375 0.9931640625 0.068359375 0.013671875
0 0.681640625 0.3779296875 0.046875 0.0546875
0 0.98291015625 0.22900390625 0.0302734375 0.0849609375
0 0.2294921875 0.95556640625 0.046875 0.0380859375
0 0.0576171875 0.0869140625 0.080078125 0.041015625
0 0.02685546875 0.76025390625 0.0537109375 0.0224609375
0 0.986328125 0.0263671875 0.02734375 0.052734375
0 0.7099609375 0.61376953125 0.078125 0.0361328125
0 0.71484375 0.671875 0.068359375 0.08203125
0 0.9091796875 0.76123046875 0.0546875 0.0498046875
0 0.9560546875 0.68212890625 0.037109375 0.0556640625
0 0.8232421875 0.2412109375 0.06640625 0.068359375
0 0.39111328125 0.95654296875 0.0576171875 0.0478515625
0 0.36767578125 0.21728515625 0.0439453125 0.0380859375
0 0.4912109375 0.9853515625 0.07421875 0.029296875
