0 0.94677734375 0.7490234375 0.1025390625 0.06640625
0 0.7841796875 0.64697265625 0.03515625 0.0947265625
0 0.27783203125 0.029296875 0.1083984375 0.05859375
0 0.7509765625 0.11376953125 0.111328125 0.0595703125
0 0.97509765625 0.37255859375 0.0498046875 0.0986328125
0 0.7978515625 0.16650390625 0.11328125 0.0615234375
0 0.671875 0.033203125 0.064453125 0.06640625
0 0.33447265625 0.6865234375 0.0654296875 0.05859375
0 0.666015625 0.1845703125 0.09375 0.095703125
0 0.81689453125 0.45849609375 0.1181640625 0.1025390625
0 0.84521484375 0.28857421875 0.1845703125 0.0556640625
0 0.61962890625 0.27685546875 0.1396484375 0.0849609375
0 0.7431640625 0.43017578125 0.1015625 0.0966796875
0 0.2158203125 0.6484375 0.076171875 0.041015625
0 0.51123046875 0.755859375 0.0556640625 0.09765625
0 0.103515625 0.12548828125 0.099609375 0.0419921875
0 0.173828125 0.76953125 0.150390625 0.0546875
0 0.03955078125 0.52197265625 0.0791015625 0.0693359375
0 0.82958984375 0.07470703125 0.0810546875 0.0439453125
0 0.23779296875 0.47900390625 0.0869140625 0.0498046875
0 0.39892578125 0.5556640625 0.0888671875 0.046875
0 0.43896484375 0.24951171875 0.0673828125 0.1962890625
0 0.4208984375 0.29736328125 0.06640625 0.1474609375
0 0.34326171875 0.5234375 0.1591796875 0.033203125
0 0.1181640625 0.4404296875 0.103515625 0.033203125
0 0.3828125 0.39013671875 0.185546875 0.0791015625
0 0.1416015625 0.98291015625 0.146484375 0.0341796875
0 0.5048828125 0.85986328125 0.154296875 0.0810546875
0 0.97021484375 0.4619140625 0.0595703125 0.04296875
0 0.0439453125 0.44970703125 0.083984375 0.0947265625
0 0.986328125 0.90283203125 0.02734375 0.0517578125
0 0.66943359375 0.7294921875 0.1552734375 0.064453125
0 0.5732421875 0.97705078125 0.029296875 0.0458984375
0 0.0478515625 0.60546875 0.078125 0.041015625
0 0.2734375 0.9755859375 0.08984375 0.044921875
0 0.49951171875 0.60791015625 0.1220703125 0.0380859375
0 0.888671875 0.587890625 0.09375 0.029296875
0 0.73779296875 0.94970703125 0.1494140625 0.0966796875
0 0.29833984375 0.17724609375 0.1962890625 0.1455078125
0 0.7109375 0.84521484375 0.052734375 0.0771484375
0 0.96044921875 0.1611328125 0.0791015625 0.037109375
0 0.9150390625 0.2431640625 0.103515625 0.029296875
0 0.638671875 0.68505859375 0.0625 0.0400390625
0 0.3701171875 0.4296875 0.109375 0.033203125
0 0.15283203125 0.07861328125 0.1416015625 0.0341796875
0 0.98779296875 0.96240234375 0.0244140625 0.0556640625
0 0.0830078125 0.03759765625 0.041015625 0.0751953125
0 0.95654296875 0.89501953125 0.0869140625 0.0205078125
0 0.7421875 0.8837890625 0.03125 0.087890625
0 0.6689453125 0.36376953125 0.123046875 0.0322265625
0 0.5634765625 0.509765625 0.123046875 0.099609375
0 0.8916015625 0.04296875 0.111328125 0.03515625
0 0.7978515625 0.033203125 0.072265625 0.025390625
0 0.21044921875 0.53076171875 0.0693359375 0.0283203125
0 0.9482421875 0.2724609375 0.048828125 0.033203125
0 0.44677734375 0.12939453125 0.1181640625 0.0693359375
0 0.97314453125 0.42138671875 0.0537109375 0.0224609375
0 0.244140625 0.849609375 0.08984375 0.03125
0 0.58984375 0.21044921875 0.05859375 0.0615234375
0 0.6689453125 0.3505859375 0.130859375 0.05859375
0 0.89892578125 0.02099609375 0.0791015625 0.0419921875
0 0.33154296875 0.8564453125 0.1298828125 0.04296875
0 0.53515625 0.5283203125 0.06640625 0.076171875
0 0.12158203125 0.646484375 0.1044921875 0.033203125
0 0.63525390625 0.12158203125 0.1044921875 0.0322265625
0 0.74609375 0.7724609375 0.056640625 0.021484375
0 0.8603515625 0.8486328125 0.140625 0.107421875
0 0.333984375 0.18359375 0.154296875 0.07421875
0 0.515625 0.1708984375 0.162109375 0.0390625
0 0.30908203125 0.29150390625 0.1259765625 0.0654296875
0 0.03955078125 0.68603515625 0.0771484375 0.0537109375
0 0.5546875 0.74853515625 0.064453125 0.1396484375
0 0.4892578125 0.81103515625 0.09375 0.0478515625
0 0.1953125 0.744140625 0.107421875 0.046875
0 0.84716796875 0.23583984375 0.0439453125 0.0419921875
0 0.10986328125 0.5302734375 0.1220703125 0.0546875
0 0.34423828125 0.07177734375 0.0849609375 0.0419921875
0 0.94677734375 0.7490234375 0.1025390625 0.06640625
0 0.7841796875 0.64697265625 0.03515625 0.0947265625
0 0.27783203125 0.029296875 0.1083984375 0.05859375
0 0.7509765625 0.11376953125 0.111328125 0.0595703125
0 0.97509765625 0.37255859375 0.0498046875 0.0986328125
0 0.7978515625 0.16650390625 0.11328125 0.0615234375
0 0.671875 0.033203125 0.064453125 0.06640625
0 0.33447265625 0.6865234375 0.0654296875 0.05859375
0 0.666015625 0.1845703125 0.09375 0.095703125
0 0.81689453125 0.45849609375 0.1181640625 0.1025390625
0 0.84521484375 0.28857421875 0.1845703125 0.0556640625
0 0.61962890625 0.27685546875 0.1396484375 0.0849609375
0 0.7431640625 0.43017578125 0.1015625 0.0966796875
0 0.2158203125 0.6484375 0.076171875 0.041015625
0 0.51123046875 0.755859375 0.0556640625 0.09765625
0 0.103515625 0.12548828125 0.099609375 0.0419921875
0 0.173828125 0.76953125 0.150390625 0.0546875
0 0.03955078125 0.52197265625 0.0791015625 0.0693359375
0 0.82958984375 0.07470703125 0.0810546875 0.0439453125
0 0.23779296875 0.47900390625 0.0869140625 0.0498046875
0 0.39892578125 0.5556640625 0.0888671875 0.046875
0 0.43896484375 0.24951171875 0.0673828125 0.1962890625
0 0.4208984375 0.29736328125 0.06640625 0.1474609375
0 0.34326171875 0.5234375 0.1591796875 0.033203125
0 0.1181640625 0.4404296875 0.103515625 0.033203125
0 0.3828125 0.39013671875 0.185546875 0.0791015625
0 0.1416015625 0.98291015625 0.146484375 0.0341796875
0 0.5048828125 0.85986328125 0.154296875 0.0810546875
0 0.97021484375 0.4619140625 0.0595703125 0.04296875
0 0.0439453125 0.44970703125 0.083984375 0.0947265625
0 0.986328125 0.90283203125 0.02734375 0.0517578125
0 0.66943359375 0.7294921875 0.1552734375 0.064453125
0 0.5732421875 0.97705078125 0.029296875 0.0458984375
0 0.0478515625 0.60546875 0.078125 0.041015625
0 0.2734375 0.9755859375 0.08984375 0.044921875
0 0.49951171875 0.60791015625 0.1220703125 0.0380859375
0 0.888671875 0.587890625 0.09375 0.029296875
0 0.73779296875 0.94970703125 0.1494140625 0.0966796875
0 0.29833984375 0.17724609375 0.1962890625 0.1455078125
0 0.7109375 0.84521484375 0.052734375 0.0771484375
0 0.96044921875 0.1611328125 0.0791015625 0.037109375
0 0.9150390625 0.2431640625 0.103515625 0.029296875
0 0.638671875 0.68505859375 0.0625 0.0400390625
0 0.3701171875 0.4296875 0.109375 0.033203125
0 0.15283203125 0.07861328125 0.1416015625 0.0341796875
0 0.98779296875 0.96240234375 0.0244140625 0.0556640625
0 0.0830078125 0.03759765625 0.041015625 0.0751953125
0 0.95654296875 0.89501953125 0.0869140625 0.0205078125
0 0.7421875 0.8837890625 0.03125 0.087890625
0 0.6689453125 0.36376953125 0.123046875 0.0322265625
0 0.5634765625 0.509765625 0.123046875 0.099609375
0 0.8916015625 0.04296875 0.111328125 0.03515625
0 0.7978515625 0.033203125 0.072265625 0.025390625
0 0.21044921875 0.53076171875 0.0693359375 0.0283203125
0 0.9482421875 0.2724609375 0.048828125 0.033203125
0 0.44677734375 0.12939453125 0.1181640625 0.0693359375
0 0.97314453125 0.42138671875 0.0537109375 0.0224609375
0 0.244140625 0.849609375 0.08984375 0.03125
0 0.58984375 0.21044921875 0.05859375 0.0615234375
0 0.6689453125 0.3505859375 0.130859375 0.05859375
0 0.89892578125 0.02099609375 0.0791015625 0.0419921875
0 0.33154296875 0.8564453125 0.1298828125 0.04296875
0 0.53515625 0.5283203125 0.06640625 0.076171875
0 0.12158203125 0.646484375 0.1044921875 0.033203125
0 0.63525390625 0.12158203125 0.1044921875 0.0322265625
0 0.74609375 0.7724609375 0.056640625 0.021484375
0 0.8603515625 0.8486328125 0.140625 0.107421875
0 0.333984375 0.18359375 0.154296875 0.07421875
0 0.515625 0.1708984375 0.162109375 0.0390625
0 0.30908203125 0.29150390625 0.1259765625 0.0654296875
0 0.03955078125 0.68603515625 0.0771484375 0.0537109375
0 0.5546875 0.74853515625 0.064453125 0.1396484375
0 0.4892578125 0.81103515625 0.09375 0.0478515625
0 0.1953125 0.744140625 0.107421875 0.046875
0 0.84716796875 0.23583984375 0.0439453125 0.0419921875
0 0.10986328125 0.5302734375 0.1220703125 0.0546875
0 0.34423828125 0.07177734375 0.0849609375 0.0419921875
0 0.94677734375 0.7490234375 0.1025390625 0.06640625
0 0.7841796875 0.64697265625 0.03515625 0.0947265625
0 0.27783203125 0.029296875 0.1083984375 0.05859375
0 0.7509765625 0.11376953125 0.111328125 0.0595703125
0 0.97509765625 0.37255859375 0.0498046875 0.0986328125
0 0.7978515625 0.16650390625 0.11328125 0.0615234375
0 0.671875 0.033203125 0.064453125 0.06640625
0 0.33447265625 0.6865234375 0.0654296875 0.05859375
0 0.666015625 0.1845703125 0.09375 0.095703125
0 0.81689453125 0.45849609375 0.1181640625 0.1025390625
0 0.84521484375 0.28857421875 0.1845703125 0.0556640625
0 0.61962890625 0.27685546875 0.1396484375 0.0849609375
0 0.7431640625 0.43017578125 0.1015625 0.0966796875
0 0.2158203125 0.6484375 0.076171875 0.041015625
0 0.51123046875 0.755859375 0.0556640625 0.09765625
0 0.103515625 0.12548828125 0.099609375 0.0419921875
0 0.173828125 0.76953125 0.150390625 0.0546875
0 0.03955078125 0.52197265625 0.0791015625 0.0693359375
0 0.82958984375 0.07470703125 0.0810546875 0.0439453125
0 0.23779296875 0.47900390625 0.0869140625 0.0498046875
0 0.39892578125 0.5556640625 0.0888671875 0.046875
0 0.43896484375 0.24951171875 0.0673828125 0.1962890625
0 0.4208984375 0.29736328125 0.06640625 0.1474609375
0 0.34326171875 0.5234375 0.1591796875 0.033203125
0 0.1181640625 0.4404296875 0.103515625 0.033203125
0 0.3828125 0.39013671875 0.185546875 0.0791015625
0 0.1416015625 0.98291015625 0.146484375 0.0341796875
0 0.5048828125 0.85986328125 0.154296875 0.0810546875
0 0.97021484375 0.4619140625 0.0595703125 0.04296875
0 0.0439453125 0.44970703125 0.083984375 0.0947265625
0 0.986328125 0.90283203125 0.02734375 0.0517578125
0 0.66943359375 0.7294921875 0.1552734375 0.064453125
0 0.5732421875 0.97705078125 0.029296875 0.0458984375
0 0.0478515625 0.60546875 0.078125 0.041015625
0 0.2734375 0.9755859375 0.08984375 0.044921875
0 0.49951171875 0.60791015625 0.1220703125 0.0380859375
0 0.888671875 0.587890625 0.09375 0.029296875
0 0.73779296875 0.94970703125 0.1494140625 0.0966796875
0 0.29833984375 0.17724609375 0.1962890625 0.1455078125
0 0.7109375 0.84521484375 0.052734375 0.0771484375
0 0.96044921875 0.1611328125 0.0791015625 0.037109375
0 0.9150390625 0.2431640625 0.103515625 0.029296875
0 0.638671875 0.68505859375 0.0625 0.0400390625
0 0.3701171875 0.4296875 0.109375 0.033203125
0 0.15283203125 0.07861328125 0.1416015625 0.0341796875
0 0.98779296875 0.96240234375 0.0244140625 0.0556640625
0 0.0830078125 0.03759765625 0.041015625 0.0751953125
0 0.95654296875 0.89501953125 0.0869140625 0.0205078125
0 0.7421875 0.8837890625 0.03125 0.087890625
0 0.6689453125 0.36376953125 0.123046875 0.0322265625
0 0.5634765625 0.509765625 0.123046875 0.099609375
0 0.8916015625 0.04296875 0.111328125 0.03515625
0 0.7978515625 0.033203125 0.072265625 0.025390625
0 0.21044921875 0.53076171875 0.0693359375 0.0283203125
0 0.9482421875 0.2724609375 0.048828125 0.033203125
0 0.44677734375 0.12939453125 0.1181640625 0.0693359375
0 0.97314453125 0.42138671875 0.0537109375 0.0224609375
0 0.244140625 0.849609375 0.08984375 0.03125
0 0.58984375 0.21044921875 0.05859375 0.0615234375
0 0.6689453125 0.3505859375 0.130859375 0.05859375
0 0.89892578125 0.02099609375 0.0791015625 0.0419921875
0 0.33154296875 0.8564453125 0.1298828125 0.04296875
0 0.53515625 0.5283203125 0.06640625 0.076171875
0 0.12158203125 0.646484375 0.1044921875 0.033203125
0 0.63525390625 0.12158203125 0.1044921875 0.0322265625
0 0.74609375 0.7724609375 0.056640625 0.021484375
0 0.8603515625 0.8486328125 0.140625 0.107421875
0 0.333984375 0.18359375 0.154296875 0.07421875
0 0.515625 0.1708984375 0.162109375 0.0390625
0 0.30908203125 0.29150390625 0.1259765625 0.0654296875
0 0.03955078125 0.68603515625 0.0771484375 0.0537109375
0 0.5546875 0.74853515625 0.064453125 0.1396484375
0 0.4892578125 0.81103515625 0.09375 0.0478515625
0 0.1953125 0.744140625 0.107421875 0.046875
0 0.84716796875 0.23583984375 0.0439453125 0.0419921875
0 0.10986328125 0.5302734375 0.1220703125 0.0546875
0 0.34423828125 0.07177734375 0.0849609375 0.0419921875
