0 0.78271484375 0.853515625 0.0654296875 0.0859375
0 0.76904296875 0.34228515625 0.0537109375 0.0771484375
0 0.681640625 0.408203125 0.08203125 0.076171875
0 0.525390625 0.123046875 0.0546875 0.119140625
0 0.8984375 0.8544921875 0.0546875 0.072265625
0 0.75537109375 0.51220703125 0.0849609375 0.0654296875
0 0.689453125 0.08056640625 0.076171875 0.1279296875
0 0.20166015625 0.3251953125 0.0947265625 0.06640625
0 0.03857421875 0.6875 0.0732421875 0.05859375
0 0.36279296875 0.283203125 0.1240234375 0.0546875
0 0.1904296875 0.0986328125 0.16015625 0.091796875
0 0.16064453125 0.45263671875 0.0771484375 0.0986328125
0 0.96337890625 0.1630859375 0.0615234375 0.078125
0 0.123046875 0.66552734375 0.091796875 0.0673828125
0 0.44091796875 0.12890625 0.0693359375 0.095703125
0 0.9189453125 0.48583984375 0.10546875 0.0810546875
0 0.8720703125 0.203125 0.060546875 0.0703125
0 0.14013671875 0.54248046875 0.0751953125 0.0478515625
0 0.04736328125 0.03466796875 0.0908203125 0.0673828125
0 0.1904296875 0.7998046875 0.125 0.091796875
0 0.04833984375 0.369140625 0.0966796875 0.095703125
0 0.56298828125 0.61572265625 0.0595703125 0.0908203125
0 0.7880859375 0.0244140625 0.08203125 0.048828125
0 0.22119140625 0.54443359375 0.1513671875 0.1123046875
0 0.42041015625 0.443359375 0.0986328125 0.095703125
0 0.9521484375 0.28466796875 0.0703125 0.0693359375
0 0.43017578125 0.59423828125 0.0986328125 0.0380859375
0 0.09814453125 0.6201171875 0.0986328125 0.060546875
0 0.96728515625 0.3330078125 0.0654296875 0.064453125
0 0.94287109375 0.09130859375 0.0302734375 0.0693359375
0 0.23388671875 0.0634765625 0.0986328125 0.1015625
0 0.37890625 0.51123046875 0.056640625 0.0478515625
0 0.9287109375 0.36328125 0.05859375 0.064453125
0 0.42724609375 0.7783203125 0.0654296875 0.044921875
0 0.36083984375 0.18115234375 0.0830078125 0.0556640625
0 0.96435546875 0.70654296875 0.0302734375 0.0654296875
0 0.33056640625 0.23583984375 0.0732421875 0.0654296875
0 0.658203125 0.15087890625 0.03515625 0.0673828125
0 0.36474609375 0.34912109375 0.1083984375 0.0537109375
0 0.796875 0.638671875 0.064453125 0.0390625
0 0.86669921875 0.30078125 0.0576171875 0.056640625
0 0.46142578125 0.5517578125 0.0458984375 0.083984375
0 0.13916015625 0.39697265625 0.0576171875 0.0537109375
0 0.27880859375 0.2275390625 0.0634765625 0.05859375
0 0.236328125 0.97509765625 0.076171875 0.0439453125
0 0.0390625 0.98828125 0.0703125 0.017578125
0 0.57080078125 0.123046875 0.0517578125 0.0625
0 0.46435546875 0.66162109375 0.0830078125 0.0595703125
0 0.97705078125 0.63134765625 0.0439453125 0.0654296875
0 0.86376953125 0.9765625 0.0244140625 0.046875
0 0.78076171875 0.60400390625 0.0537109375 0.0439453125
0 0.75732421875 0.951171875 0.0673828125 0.046875
0 0.64599609375 0.1142578125 0.0556640625 0.04296875
0 0.89306640625 0.27099609375 0.0615234375 0.0517578125
0 0.10400390625 0.37890625 0.0498046875 0.060546875
0 0.65625 0.51318359375 0.046875 0.0693359375
0 0.685546875 0.921875 0.03515625 0.04296875
0 0.94775390625 0.607421875 0.0322265625 0.07421875
0 0.26904296875 0.837890625 0.0556640625 0.072265625
0 0.474609375 0.013671875 0.041015625 0.02734375
0 0.048828125 0.39453125 0.087890625 0.05078125
0 0.63916015625 0.7666015625 0.0576171875 0.037109375
0 0.4326171875 0.51171875 0.056640625 0.056640625
0 0.5400390625 0.98974609375 0.025390625 0.0205078125
0 0.505859375 0.96484375 0.060546875 0.033203125
0 0.47412109375 0.93408203125 0.0751953125 0.0419921875
0 0.90771484375 0.1513671875 0.0673828125 0.0703125
0 0.78271484375 0.853515625 0.0654296875 0.0859375
0 0.76904296875 0.34228515625 0.0537109375 0.0771484375
0 0.681640625 0.408203125 0.08203125 0.076171875
0 0.525390625 0.123046875 0.0546875 0.119140625
0 0.8984375 0.8544921875 0.0546875 0.072265625
0 0.75537109375 0.51220703125 0.0849609375 0.0654296875
0 0.689453125 0.08056640625 0.076171875 0.1279296875
0 0.20166015625 0.3251953125 0.0947265625 0.06640625
0 0.03857421875 0.6875 0.0732421875 0.05859375
0 0.36279296875 0.283203125 0.1240234375 0.0546875
0 0.1904296875 0.0986328125 0.16015625 0.091796875
0 0.16064453125 0.45263671875 0.0771484375 0.0986328125
0 0.96337890625 0.1630859375 0.0615234375 0.078125
0 0.123046875 0.66552734375 0.091796875 0.0673828125
0 0.44091796875 0.12890625 0.0693359375 0.095703125
0 0.9189453125 0.48583984375 0.10546875 0.0810546875
0 0.8720703125 0.203125 0.060546875 0.0703125
0 0.14013671875 0.54248046875 0.0751953125 0.0478515625
0 0.04736328125 0.03466796875 0.0908203125 0.0673828125
0 0.1904296875 0.7998046875 0.125 0.091796875
0 0.04833984375 0.369140625 0.0966796875 0.095703125
0 0.56298828125 0.61572265625 0.0595703125 0.0908203125
0 0.7880859375 0.0244140625 0.08203125 0.048828125
0 0.22119140625 0.54443359375 0.1513671875 0.1123046875
0 0.42041015625 0.443359375 0.0986328125 0.095703125
0 0.9521484375 0.28466796875 0.0703125 0.0693359375
0 0.43017578125 0.59423828125 0.0986328125 0.0380859375
0 0.09814453125 0.6201171875 0.0986328125 0.060546875
0 0.96728515625 0.3330078125 0.0654296875 0.064453125
0 0.94287109375 0.09130859375 0.0302734375 0.0693359375
0 0.23388671875 0.0634765625 0.0986328125 0.1015625
0 0.37890625 0.51123046875 0.056640625 0.0478515625
0 0.9287109375 0.36328125 0.05859375 0.064453125
0 0.42724609375 0.7783203125 0.0654296875 0.044921875
0 0.36083984375 0.18115234375 0.0830078125 0.0556640625
0 0.96435546875 0.70654296875 0.0302734375 0.0654296875
0 0.33056640625 0.23583984375 0.0732421875 0.0654296875
0 0.658203125 0.15087890625 0.03515625 0.0673828125
0 0.36474609375 0.34912109375 0.1083984375 0.0537109375
0 0.796875 0.638671875 0.064453125 0.0390625
0 0.86669921875 0.30078125 0.0576171875 0.056640625
0 0.46142578125 0.5517578125 0.0458984375 0.083984375
0 0.13916015625 0.39697265625 0.0576171875 0.0537109375
0 0.27880859375 0.2275390625 0.0634765625 0.05859375
0 0.236328125 0.97509765625 0.076171875 0.0439453125
0 0.0390625 0.98828125 0.0703125 0.017578125
0 0.57080078125 0.123046875 0.0517578125 0.0625
0 0.46435546875 0.66162109375 0.0830078125 0.0595703125
0 0.97705078125 0.63134765625 0.0439453125 0.0654296875
0 0.86376953125 0.9765625 0.0244140625 0.046875
0 0.78076171875 0.60400390625 0.0537109375 0.0439453125
0 0.75732421875 0.951171875 0.0673828125 0.046875
0 0.64599609375 0.1142578125 0.0556640625 0.04296875
0 0.89306640625 0.27099609375 0.0615234375 0.0517578125
0 0.10400390625 0.37890625 0.0498046875 0.060546875
0 0.65625 0.51318359375 0.046875 0.0693359375
0 0.685546875 0.921875 0.03515625 0.04296875
0 0.94775390625 0.607421875 0.0322265625 0.07421875
0 0.26904296875 0.837890625 0.0556640625 0.072265625
0 0.474609375 0.013671875 0.041015625 0.02734375
0 0.048828125 0.39453125 0.087890625 0.05078125
0 0.63916015625 0.7666015625 0.0576171875 0.037109375
0 0.4326171875 0.51171875 0.056640625 0.056640625
0 0.5400390625 0.98974609375 0.025390625 0.0205078125
0 0.505859375 0.96484375 0.060546875 0.033203125
0 0.47412109375 0.93408203125 0.0751953125 0.0419921875
0 0.90771484375 0.1513671875 0.0673828125 0.0703125
0 0.78271484375 0.853515625 0.0654296875 0.0859375
0 0.76904296875 0.34228515625 0.0537109375 0.0771484375
0 0.681640625 0.408203125 0.08203125 0.076171875
0 0.525390625 0.123046875 0.0546875 0.119140625
0 0.8984375 0.8544921875 0.0546875 0.072265625
0 0.75537109375 0.51220703125 0.0849609375 0.0654296875
0 0.689453125 0.08056640625 0.076171875 0.1279296875
0 0.20166015625 0.3251953125 0.0947265625 0.06640625
0 0.03857421875 0.6875 0.0732421875 0.05859375
0 0.36279296875 0.283203125 0.1240234375 0.0546875
0 0.1904296875 0.0986328125 0.16015625 0.091796875
0 0.16064453125 0.45263671875 0.0771484375 0.0986328125
0 0.96337890625 0.1630859375 0.0615234375 0.078125
0 0.123046875 0.66552734375 0.091796875 0.0673828125
0 0.44091796875 0.12890625 0.0693359375 0.095703125
0 0.9189453125 0.48583984375 0.10546875 0.0810546875
0 0.8720703125 0.203125 0.060546875 0.0703125
0 0.14013671875 0.54248046875 0.0751953125 0.0478515625
0 0.04736328125 0.03466796875 0.0908203125 0.0673828125
0 0.1904296875 0.7998046875 0.125 0.091796875
0 0.04833984375 0.369140625 0.0966796875 0.095703125
0 0.56298828125 0.61572265625 0.0595703125 0.0908203125
0 0.7880859375 0.0244140625 0.08203125 0.048828125
0 0.22119140625 0.54443359375 0.1513671875 0.1123046875
0 0.42041015625 0.443359375 0.0986328125 0.095703125
0 0.9521484375 0.28466796875 0.0703125 0.0693359375
0 0.43017578125 0.59423828125 0.0986328125 0.0380859375
0 0.09814453125 0.6201171875 0.0986328125 0.060546875
0 0.96728515625 0.3330078125 0.0654296875 0.064453125
0 0.94287109375 0.09130859375 0.0302734375 0.0693359375
0 0.23388671875 0.0634765625 0.0986328125 0.1015625
0 0.37890625 0.51123046875 0.056640625 0.0478515625
0 0.9287109375 0.36328125 0.05859375 0.064453125
0 0.42724609375 0.7783203125 0.0654296875 0.044921875
0 0.36083984375 0.18115234375 0.0830078125 0.0556640625
0 0.96435546875 0.70654296875 0.0302734375 0.0654296875
0 0.33056640625 0.23583984375 0.0732421875 0.0654296875
0 0.658203125 0.15087890625 0.03515625 0.0673828125
0 0.36474609375 0.34912109375 0.1083984375 0.0537109375
0 0.796875 0.638671875 0.064453125 0.0390625
0 0.86669921875 0.30078125 0.0576171875 0.056640625
0 0.46142578125 0.5517578125 0.0458984375 0.083984375
0 0.13916015625 0.39697265625 0.0576171875 0.0537109375
0 0.27880859375 0.2275390625 0.0634765625 0.05859375
0 0.236328125 0.97509765625 0.076171875 0.0439453125
0 0.0390625 0.98828125 0.0703125 0.017578125
0 0.57080078125 0.123046875 0.0517578125 0.0625
0 0.46435546875 0.66162109375 0.0830078125 0.0595703125
0 0.97705078125 0.63134765625 0.0439453125 0.0654296875
0 0.86376953125 0.9765625 0.0244140625 0.046875
0 0.78076171875 0.60400390625 0.0537109375 0.0439453125
0 0.75732421875 0.951171875 0.0673828125 0.046875
0 0.64599609375 0.1142578125 0.0556640625 0.04296875
0 0.89306640625 0.27099609375 0.0615234375 0.0517578125
0 0.10400390625 0.37890625 0.0498046875 0.060546875
0 0.65625 0.51318359375 0.046875 0.0693359375
0 0.685546875 0.921875 0.03515625 0.04296875
0 0.94775390625 0.607421875 0.0322265625 0.07421875
0 0.26904296875 0.837890625 0.0556640625 0.072265625
0 0.474609375 0.013671875 0.041015625 0.02734375
0 0.048828125 0.39453125 0.087890625 0.05078125
0 0.63916015625 0.7666015625 0.0576171875 0.037109375
0 0.4326171875 0.51171875 0.056640625 0.056640625
0 0.5400390625 0.98974609375 0.025390625 0.0205078125
0 0.505859375 0.96484375 0.060546875 0.033203125
0 0.47412109375 0.93408203125 0.0751953125 0.0419921875
0 0.90771484375 0.1513671875 0.0673828125 0.0703125
