0 0.37060546875 0.4013671875 0.0908203125 0.0625
0 0.95166015625 0.2177734375 0.0478515625 0.083984375
0 0.93994140625 0.15380859375 0.0595703125 0.0771484375
0 0.42333984375 0.26904296875 0.0556640625 0.1142578125
0 0.8818359375 0.60791015625 0.06640625 0.0595703125
0 0.1240234375 0.62060546875 0.125 0.0791015625
0 0.826171875 0.509765625 0.146484375 0.068359375
0 0.56103515625 0.34814453125 0.0849609375 0.0673828125
0 0.5576171875 0.41015625 0.08203125 0.072265625
0 0.55810546875 0.97900390625 0.0712890625 0.0419921875
0 0.529296875 0.5986328125 0.09765625 0.126953125
0 0.24951171875 0.9638671875 0.0791015625 0.05859375
0 0.5712890625 0.8818359375 0.037109375 0.091796875
0 0.970703125 0.78662109375 0.048828125 0.0595703125
0 0.02392578125 0.796875 0.0478515625 0.044921875
0 0.52099609375 0.466796875 0.1103515625 0.076171875
0 0.1943359375 0.69189453125 0.072265625 0.0400390625
0 0.44140625 0.18603515625 0.02734375 0.0986328125
0 0.15771484375 0.97021484375 0.0302734375 0.0478515625
0 0.32373046875 0.62451171875 0.0830078125 0.1201171875
0 0.0439453125 0.0400390625 0.0546875 0.0703125
0 0.005859375 0.97412109375 0.01171875 0.0458984375
0 0.87353515625 0.6787109375 0.0517578125 0.033203125
0 0.26953125 0.18701171875 0.044921875 0.1689453125
0 0.123046875 0.8681640625 0.154296875 0.0625
0 0.1279296875 0.337890625 0.0546875 0.05859375
0 0.9267578125 0.94091796875 0.068359375 0.0380859375
0 0.2294921875 0.01123046875 0.046875 0.0224609375
0 0.63427734375 0.91015625 0.0615234375 0.052734375
0 0.21240234375 0.5615234375 0.1083984375 0.060546875
0 0.02294921875 0.35888671875 0.0458984375 0.0458984375
0 0.42431640625 0.7734375 0.0810546875 0.03125
0 0.90576171875 0.34814453125 0.0361328125 0.0458984375
0 0.9296875 0.45751953125 0.048828125 0.0927734375
0 0.2509765625 0.88720703125 0.12890625 0.0947265625
0 0.2919921875 0.9462890625 0.083984375 0.103515625
0 0.326171875 0.00830078125 0.07421875 0.0166015625
0 0.470703125 0.2021484375 0.0625 0.072265625
0 0.2236328125 0.07568359375 0.064453125 0.0341796875
0 0.31298828125 0.466796875 0.1298828125 0.048828125
0 0.8681640625 0.44921875 0.06640625 0.04296875
0 0.5703125 0.78466796875 0.095703125 0.0458984375
0 0.27294921875 0.63134765625 0.0712890625 0.0458984375
0 0.63232421875 0.2724609375 0.0498046875 0.068359375
0 0.015625 0.951171875 0.03125 0.017578125
0 0.43408203125 0.35498046875 0.0673828125 0.1044921875
0 0.15380859375 0.72412109375 0.0771484375 0.0205078125
0 0.0341796875 0.744140625 0.048828125 0.025390625
0 0.0712890625 0.283203125 0.11328125 0.05859375
0 0.3564453125 0.77587890625 0.076171875 0.0498046875
0 0.34521484375 0.70166015625 0.0615234375 0.0205078125
0 0.51513671875 0.35693359375 0.0302734375 0.0615234375
0 0.78564453125 0.75732421875 0.0439453125 0.0224609375
0 0.62109375 0.32861328125 0.123046875 0.0517578125
0 0.5009765625 0.6376953125 0.05859375 0.107421875
0 0.68896484375 0.0634765625 0.0458984375 0.05859375
0 0.892578125 0.41796875 0.060546875 0.0390625
0 0.259765625 0.5400390625 0.06640625 0.0546875
0 0.7783203125 0.8955078125 0.044921875 0.0390625
0 0.38427734375 0.37646484375 0.0302734375 0.0654296875
0 0.48486328125 0.3017578125 0.0478515625 0.0546875
0 0.76806640625 0.69287109375 0.0361328125 0.0478515625
0 0.98388671875 0.0908203125 0.0283203125 0.0625
0 0.67236328125 0.611328125 0.1181640625 0.072265625
0 0.34130859375 0.7294921875 0.1650390625 0.064453125
0 0.2978515625 0.771484375 0.0703125 0.0390625
0 0.34033203125 0.03955078125 0.0498046875 0.0361328125
0 0.98681640625 0.29931640625 0.0263671875 0.0693359375
0 0.69091796875 0.29052734375 0.0654296875 0.0693359375
0 0.02294921875 0.48046875 0.0400390625 0.06640625
0 0.53515625 0.91748046875 0.056640625 0.0751953125
0 0.5712890625 0.28173828125 0.119140625 0.0751953125
0 0.5361328125 0.236328125 0.05859375 0.048828125
0 0.12353515625 0.26953125 0.1123046875 0.048828125
0 0.37060546875 0.4013671875 0.0908203125 0.0625
0 0.95166015625 0.2177734375 0.0478515625 0.083984375
0 0.93994140625 0.15380859375 0.0595703125 0.0771484375
0 0.42333984375 0.26904296875 0.0556640625 0.1142578125
0 0.8818359375 0.60791015625 0.06640625 0.0595703125
0 0.1240234375 0.62060546875 0.125 0.0791015625
0 0.826171875 0.509765625 0.146484375 0.068359375
0 0.56103515625 0.34814453125 0.0849609375 0.0673828125
0 0.5576171875 0.41015625 0.08203125 0.072265625
0 0.55810546875 0.97900390625 0.0712890625 0.0419921875
0 0.529296875 0.5986328125 0.09765625 0.126953125
0 0.24951171875 0.9638671875 0.0791015625 0.05859375
0 0.5712890625 0.8818359375 0.037109375 0.091796875
0 0.970703125 0.78662109375 0.048828125 0.0595703125
0 0.02392578125 0.796875 0.0478515625 0.044921875
0 0.52099609375 0.466796875 0.1103515625 0.076171875
0 0.1943359375 0.69189453125 0.072265625 0.0400390625
0 0.44140625 0.18603515625 0.02734375 0.0986328125
0 0.15771484375 0.97021484375 0.0302734375 0.0478515625
0 0.32373046875 0.62451171875 0.0830078125 0.1201171875
0 0.0439453125 0.0400390625 0.0546875 0.0703125
0 0.005859375 0.97412109375 0.01171875 0.0458984375
0 0.87353515625 0.6787109375 0.0517578125 0.033203125
0 0.26953125 0.18701171875 0.044921875 0.1689453125
0 0.123046875 0.8681640625 0.154296875 0.0625
0 0.1279296875 0.337890625 0.0546875 0.05859375
0 0.9267578125 0.94091796875 0.068359375 0.0380859375
0 0.2294921875 0.01123046875 0.046875 0.0224609375
0 0.63427734375 0.91015625 0.0615234375 0.052734375
0 0.21240234375 0.5615234375 0.1083984375 0.060546875
0 0.02294921875 0.35888671875 0.0458984375 0.0458984375
0 0.42431640625 0.7734375 0.0810546875 0.03125
0 0.90576171875 0.34814453125 0.0361328125 0.0458984375
0 0.9296875 0.45751953125 0.048828125 0.0927734375
0 0.2509765625 0.88720703125 0.12890625 0.0947265625
0 0.2919921875 0.9462890625 0.083984375 0.103515625
0 0.326171875 0.00830078125 0.07421875 0.0166015625
0 0.470703125 0.2021484375 0.0625 0.072265625
0 0.2236328125 0.07568359375 0.064453125 0.0341796875
0 0.31298828125 0.466796875 0.1298828125 0.048828125
0 0.8681640625 0.44921875 0.06640625 0.04296875
0 0.5703125 0.78466796875 0.095703125 0.0458984375
0 0.27294921875 0.63134765625 0.0712890625 0.0458984375
0 0.63232421875 0.2724609375 0.0498046875 0.068359375
0 0.015625 0.951171875 0.03125 0.017578125
0 0.43408203125 0.35498046875 0.0673828125 0.1044921875
0 0.15380859375 0.72412109375 0.0771484375 0.0205078125
0 0.0341796875 0.744140625 0.048828125 0.025390625
0 0.0712890625 0.283203125 0.11328125 0.05859375
0 0.3564453125 0.77587890625 0.076171875 0.0498046875
0 0.34521484375 0.70166015625 0.0615234375 0.0205078125
0 0.51513671875 0.35693359375 0.0302734375 0.0615234375
0 0.78564453125 0.75732421875 0.0439453125 0.0224609375
0 0.62109375 0.32861328125 0.123046875 0.0517578125
0 0.5009765625 0.6376953125 0.05859375 0.107421875
0 0.68896484375 0.0634765625 0.0458984375 0.05859375
0 0.892578125 0.41796875 0.060546875 0.0390625
0 0.259765625 0.5400390625 0.06640625 0.0546875
0 0.7783203125 0.8955078125 0.044921875 0.0390625
0 0.38427734375 0.37646484375 0.0302734375 0.0654296875
0 0.48486328125 0.3017578125 0.0478515625 0.0546875
0 0.76806640625 0.69287109375 0.0361328125 0.0478515625
0 0.98388671875 0.0908203125 0.0283203125 0.0625
0 0.67236328125 0.611328125 0.1181640625 0.072265625
0 0.34130859375 0.7294921875 0.1650390625 0.064453125
0 0.2978515625 0.771484375 0.0703125 0.0390625
0 0.34033203125 0.03955078125 0.0498046875 0.0361328125
0 0.98681640625 0.29931640625 0.0263671875 0.0693359375
0 0.69091796875 0.29052734375 0.0654296875 0.0693359375
0 0.02294921875 0.48046875 0.0400390625 0.06640625
0 0.53515625 0.91748046875 0.056640625 0.0751953125
0 0.5712890625 0.28173828125 0.119140625 0.0751953125
0 0.5361328125 0.236328125 0.05859375 0.048828125
0 0.12353515625 0.26953125 0.1123046875 0.048828125
0 0.37060546875 0.4013671875 0.0908203125 0.0625
0 0.95166015625 0.2177734375 0.0478515625 0.083984375
0 0.93994140625 0.15380859375 0.0595703125 0.0771484375
0 0.42333984375 0.26904296875 0.0556640625 0.1142578125
0 0.8818359375 0.60791015625 0.06640625 0.0595703125
0 0.1240234375 0.62060546875 0.125 0.0791015625
0 0.826171875 0.509765625 0.146484375 0.068359375
0 0.56103515625 0.34814453125 0.0849609375 0.0673828125
0 0.5576171875 0.41015625 0.08203125 0.072265625
0 0.55810546875 0.97900390625 0.0712890625 0.0419921875
0 0.529296875 0.5986328125 0.09765625 0.126953125
0 0.24951171875 0.9638671875 0.0791015625 0.05859375
0 0.5712890625 0.8818359375 0.037109375 0.091796875
0 0.970703125 0.78662109375 0.048828125 0.0595703125
0 0.02392578125 0.796875 0.0478515625 0.044921875
0 0.52099609375 0.466796875 0.1103515625 0.076171875
0 0.1943359375 0.69189453125 0.072265625 0.0400390625
0 0.44140625 0.18603515625 0.02734375 0.0986328125
0 0.15771484375 0.97021484375 0.0302734375 0.0478515625
0 0.32373046875 0.62451171875 0.0830078125 0.1201171875
0 0.0439453125 0.0400390625 0.0546875 0.0703125
0 0.005859375 0.97412109375 0.01171875 0.0458984375
0 0.87353515625 0.6787109375 0.0517578125 0.033203125
0 0.26953125 0.18701171875 0.044921875 0.1689453125
0 0.123046875 0.8681640625 0.154296875 0.0625
0 0.1279296875 0.337890625 0.0546875 0.05859375
0 0.9267578125 0.94091796875 0.068359375 0.0380859375
0 0.2294921875 0.01123046875 0.046875 0.0224609375
0 0.63427734375 0.91015625 0.0615234375 0.052734375
0 0.21240234375 0.5615234375 0.1083984375 0.060546875
0 0.02294921875 0.35888671875 0.0458984375 0.0458984375
0 0.42431640625 0.7734375 0.0810546875 0.03125
0 0.90576171875 0.34814453125 0.0361328125 0.0458984375
0 0.9296875 0.45751953125 0.048828125 0.0927734375
0 0.2509765625 0.88720703125 0.12890625 0.0947265625
0 0.2919921875 0.9462890625 0.083984375 0.103515625
0 0.326171875 0.00830078125 0.07421875 0.0166015625
0 0.470703125 0.2021484375 0.0625 0.072265625
0 0.2236328125 0.07568359375 0.064453125 0.0341796875
0 0.31298828125 0.466796875 0.1298828125 0.048828125
0 0.8681640625 0.44921875 0.06640625 0.04296875
0 0.5703125 0.78466796875 0.095703125 0.0458984375
0 0.27294921875 0.63134765625 0.0712890625 0.0458984375
0 0.63232421875 0.2724609375 0.0498046875 0.068359375
0 0.015625 0.951171875 0.03125 0.017578125
0 0.43408203125 0.35498046875 0.0673828125 0.1044921875
0 0.15380859375 0.72412109375 0.0771484375 0.0205078125
0 0.0341796875 0.744140625 0.048828125 0.025390625
0 0.0712890625 0.283203125 0.11328125 0.05859375
0 0.3564453125 0.77587890625 0.076171875 0.0498046875
0 0.34521484375 0.70166015625 0.0615234375 0.0205078125
0 0.51513671875 0.35693359375 0.0302734375 0.0615234375
0 0.78564453125 0.75732421875 0.0439453125 0.0224609375
0 0.62109375 0.32861328125 0.123046875 0.0517578125
0 0.5009765625 0.6376953125 0.05859375 0.107421875
0 0.68896484375 0.0634765625 0.0458984375 0.05859375
0 0.892578125 0.41796875 0.060546875 0.0390625
0 0.259765625 0.5400390625 0.06640625 0.0546875
0 0.7783203125 0.8955078125 0.044921875 0.0390625
0 0.38427734375 0.37646484375 0.0302734375 0.0654296875
0 0.48486328125 0.3017578125 0.0478515625 0.0546875
0 0.76806640625 0.69287109375 0.0361328125 0.0478515625
0 0.98388671875 0.0908203125 0.0283203125 0.0625
0 0.67236328125 0.611328125 0.1181640625 0.072265625
0 0.34130859375 0.7294921875 0.1650390625 0.064453125
0 0.2978515625 0.771484375 0.0703125 0.0390625
0 0.34033203125 0.03955078125 0.0498046875 0.0361328125
0 0.98681640625 0.29931640625 0.0263671875 0.0693359375
0 0.69091796875 0.29052734375 0.0654296875 0.0693359375
0 0.02294921875 0.48046875 0.0400390625 0.06640625
0 0.53515625 0.91748046875 0.056640625 0.0751953125
0 0.5712890625 0.28173828125 0.119140625 0.0751953125
0 0.5361328125 0.236328125 0.05859375 0.048828125
0 0.12353515625 0.26953125 0.1123046875 0.048828125
