0 0.08154296875 0.3798828125 0.0576171875 0.09765625
0 0.5947265625 0.06298828125 0.0703125 0.0869140625
0 0.30078125 0.42822265625 0.0859375 0.0869140625
0 0.04443359375 0.470703125 0.0732421875 0.083984375
0 0.52783203125 0.07275390625 0.1240234375 0.0751953125
0 0.86474609375 0.5146484375 0.0615234375 0.078125
0 0.3486328125 0.09765625 0.072265625 0.060546875
0 0.216796875 0.3798828125 0.072265625 0.0625
0 0.34912109375 0.03515625 0.0908203125 0.0703125
0 0.3701171875 0.37939453125 0.05859375 0.0634765625
0 0.978515625 0.06884765625 0.033203125 0.1123046875
0 0.9384765625 0.41357421875 0.123046875 0.1005859375
0 0.06201171875 0.52294921875 0.0830078125 0.0498046875
0 0.10498046875 0.07080078125 0.0537109375 0.0380859375
0 0.43359375 0.06494140625 0.048828125 0.0693359375
0 0.2978515625 0.8486328125 0.05859375 0.06640625
0 0.3515625 0.51513671875 0.06640625 0.0478515625
0 0.80322265625 0.05126953125 0.0693359375 0.0478515625
0 0.84814453125 0.98583984375 0.0634765625 0.0283203125
0 0.10498046875 0.60498046875 0.0556640625 0.0537109375
0 0.20263671875 0.1669921875 0.0595703125 0.041015625
0 0.00732421875 0.13134765625 0.0146484375 0.0458984375
0 0.2177734375 0.03369140625 0.0703125 0.0654296875
0 0.9716796875 0.22412109375 0.029296875 0.0927734375
0 0.470703125 0.40087890625 0.076171875 0.0537109375
0 0.14453125 0.4248046875 0.0625 0.037109375
0 0.14306640625 0.7822265625 0.0888671875 0.048828125
0 0.7763671875 0.0634765625 0.03125 0.072265625
0 0.029296875 0.05615234375 0.05859375 0.0458984375
0 0.01904296875 0.02099609375 0.0380859375 0.0419921875
0 0.232421875 0.74755859375 0.05078125 0.0537109375
0 0.0537109375 0.43212890625 0.060546875 0.0302734375
0 0.1591796875 0.10888671875 0.072265625 0.0400390625
0 0.70751953125 0.15185546875 0.0966796875 0.0283203125
0 0.2421875 0.68212890625 0.080078125 0.0341796875
0 0.6728515625 0.19189453125 0.05078125 0.0732421875
0 0.0224609375 0.1181640625 0.044921875 0.044921875
0 0.98046875 0.3359375 0.0390625 0.05078125
0 0.986328125 0.18212890625 0.02734375 0.0615234375
0 0.0263671875 0.0947265625 0.052734375 0.025390625
0 0.5107421875 0.09716796875 0.0625 0.0732421875
0 0.84912109375 0.18359375 0.0615234375 0.03125
0 0.8349609375 0.138671875 0.03125 0.076171875
0 0.142578125 0.748046875 0.0625 0.060546875
0 0.6748046875 0.0234375 0.0546875 0.021484375
0 0.89892578125 0.884765625 0.0927734375 0.0703125
0 0.2998046875 0.037109375 0.125 0.072265625
0 0.18212890625 0.02734375 0.0322265625 0.052734375
0 0.89013671875 0.689453125 0.0419921875 0.052734375
0 0.49560546875 0.9912109375 0.0771484375 0.017578125
0 0.0400390625 0.744140625 0.078125 0.05859375
0 0.24169921875 0.69580078125 0.0810546875 0.0322265625
0 0.6015625 0.5595703125 0.07421875 0.048828125
0 0.64794921875 0.21533203125 0.0400390625 0.0693359375
0 0.12060546875 0.38671875 0.0537109375 0.046875
0 0.10400390625 0.68212890625 0.0673828125 0.0380859375
0 0.1689453125 0.83984375 0.072265625 0.046875
0 0.7841796875 0.49609375 0.056640625 0.0390625
0 0.880859375 0.21728515625 0.0390625 0.0693359375
0 0.986328125 0.703125 0.02734375 0.0390625
0 0.97216796875 0.859375 0.0458984375 0.021484375
0 0.7021484375 0.015625 0.037109375 0.029296875
0 0.97412109375 0.853515625 0.0478515625 0.025390625
0 0.439453125 0.01171875 0.037109375 0.0234375
0 0.58447265625 0.0205078125 0.0439453125 0.041015625
0 0.0654296875 0.7138671875 0.078125 0.052734375
0 0.1181640625 0.80419921875 0.119140625 0.0458984375
0 0.9306640625 0.42041015625 0.046875 0.1181640625
0 0.08154296875 0.3798828125 0.0576171875 0.09765625
0 0.5947265625 0.06298828125 0.0703125 0.0869140625
0 0.30078125 0.42822265625 0.0859375 0.0869140625
0 0.04443359375 0.470703125 0.0732421875 0.083984375
0 0.52783203125 0.07275390625 0.1240234375 0.0751953125
0 0.86474609375 0.5146484375 0.0615234375 0.078125
0 0.3486328125 0.09765625 0.072265625 0.060546875
0 0.216796875 0.3798828125 0.072265625 0.0625
0 0.34912109375 0.03515625 0.0908203125 0.0703125
0 0.3701171875 0.37939453125 0.05859375 0.0634765625
0 0.978515625 0.06884765625 0.033203125 0.1123046875
0 0.9384765625 0.41357421875 0.123046875 0.1005859375
0 0.06201171875 0.52294921875 0.0830078125 0.0498046875
0 0.10498046875 0.07080078125 0.0537109375 0.0380859375
0 0.43359375 0.06494140625 0.048828125 0.0693359375
0 0.2978515625 0.8486328125 0.05859375 0.06640625
0 0.3515625 0.51513671875 0.06640625 0.0478515625
0 0.80322265625 0.05126953125 0.0693359375 0.0478515625
0 0.84814453125 0.98583984375 0.0634765625 0.0283203125
0 0.10498046875 0.60498046875 0.0556640625 0.0537109375
0 0.20263671875 0.1669921875 0.0595703125 0.041015625
0 0.00732421875 0.13134765625 0.0146484375 0.0458984375
0 0.2177734375 0.03369140625 0.0703125 0.0654296875
0 0.9716796875 0.22412109375 0.029296875 0.0927734375
0 0.470703125 0.40087890625 0.076171875 0.0537109375
0 0.14453125 0.4248046875 0.0625 0.037109375
0 0.14306640625 0.7822265625 0.0888671875 0.048828125
0 0.7763671875 0.0634765625 0.03125 0.072265625
0 0.029296875 0.05615234375 0.05859375 0.0458984375
0 0.01904296875 0.02099609375 0.0380859375 0.0419921875
0 0.232421875 0.74755859375 0.05078125 0.0537109375
0 0.0537109375 0.43212890625 0.060546875 0.0302734375
0 0.1591796875 0.10888671875 0.072265625 0.0400390625
0 0.70751953125 0.15185546875 0.0966796875 0.0283203125
0 0.2421875 0.68212890625 0.080078125 0.0341796875
0 0.6728515625 0.19189453125 0.05078125 0.0732421875
0 0.0224609375 0.1181640625 0.044921875 0.044921875
0 0.98046875 0.3359375 0.0390625 0.05078125
0 0.986328125 0.18212890625 0.02734375 0.0615234375
0 0.0263671875 0.0947265625 0.052734375 0.025390625
0 0.5107421875 0.09716796875 0.0625 0.0732421875
0 0.84912109375 0.18359375 0.0615234375 0.03125
0 0.8349609375 0.138671875 0.03125 0.076171875
0 0.142578125 0.748046875 0.0625 0.060546875
0 0.6748046875 0.0234375 0.0546875 0.021484375
0 0.89892578125 0.884765625 0.0927734375 0.0703125
0 0.2998046875 0.037109375 0.125 0.072265625
0 0.18212890625 0.02734375 0.0322265625 0.052734375
0 0.89013671875 0.689453125 0.0419921875 0.052734375
0 0.49560546875 0.9912109375 0.0771484375 0.017578125
0 0.0400390625 0.744140625 0.078125 0.05859375
0 0.24169921875 0.69580078125 0.0810546875 0.0322265625
0 0.6015625 0.5595703125 0.07421875 0.048828125
0 0.64794921875 0.21533203125 0.0400390625 0.0693359375
0 0.12060546875 0.38671875 0.0537109375 0.046875
0 0.10400390625 0.68212890625 0.0673828125 0.0380859375
0 0.1689453125 0.83984375 0.072265625 0.046875
0 0.7841796875 0.49609375 0.056640625 0.0390625
0 0.880859375 0.21728515625 0.0390625 0.0693359375
0 0.986328125 0.703125 0.02734375 0.0390625
0 0.97216796875 0.859375 0.0458984375 0.021484375
0 0.7021484375 0.015625 0.037109375 0.029296875
0 0.97412109375 0.853515625 0.0478515625 0.025390625
0 0.439453125 0.01171875 0.037109375 0.0234375
0 0.58447265625 0.0205078125 0.0439453125 0.041015625
0 0.0654296875 0.7138671875 0.078125 0.052734375
0 0.1181640625 0.80419921875 0.119140625 0.0458984375
0 0.9306640625 0.42041015625 0.046875 0.1181640625
0 0.08154296875 0.3798828125 0.0576171875 0.09765625
0 0.5947265625 0.06298828125 0.0703125 0.0869140625
0 0.30078125 0.42822265625 0.0859375 0.0869140625
0 0.04443359375 0.470703125 0.0732421875 0.083984375
0 0.52783203125 0.07275390625 0.1240234375 0.0751953125
0 0.86474609375 0.5146484375 0.0615234375 0.078125
0 0.3486328125 0.09765625 0.072265625 0.060546875
0 0.216796875 0.3798828125 0.072265625 0.0625
0 0.34912109375 0.03515625 0.0908203125 0.0703125
0 0.3701171875 0.37939453125 0.05859375 0.0634765625
0 0.978515625 0.06884765625 0.033203125 0.1123046875
0 0.9384765625 0.41357421875 0.123046875 0.1005859375
0 0.06201171875 0.52294921875 0.0830078125 0.0498046875
0 0.10498046875 0.07080078125 0.0537109375 0.0380859375
0 0.43359375 0.06494140625 0.048828125 0.0693359375
0 0.2978515625 0.8486328125 0.05859375 0.06640625
0 0.3515625 0.51513671875 0.06640625 0.0478515625
0 0.80322265625 0.05126953125 0.0693359375 0.0478515625
0 0.84814453125 0.98583984375 0.0634765625 0.0283203125
0 0.10498046875 0.60498046875 0.0556640625 0.0537109375
0 0.20263671875 0.1669921875 0.0595703125 0.041015625
0 0.00732421875 0.13134765625 0.0146484375 0.0458984375
0 0.2177734375 0.03369140625 0.0703125 0.0654296875
0 0.9716796875 0.22412109375 0.029296875 0.0927734375
0 0.470703125 0.40087890625 0.076171875 0.0537109375
0 0.14453125 0.4248046875 0.0625 0.037109375
0 0.14306640625 0.7822265625 0.0888671875 0.048828125
0 0.7763671875 0.0634765625 0.03125 0.072265625
0 0.029296875 0.05615234375 0.05859375 0.0458984375
0 0.01904296875 0.02099609375 0.0380859375 0.0419921875
0 0.232421875 0.74755859375 0.05078125 0.0537109375
0 0.0537109375 0.43212890625 0.060546875 0.0302734375
0 0.1591796875 0.10888671875 0.072265625 0.0400390625
0 0.70751953125 0.15185546875 0.0966796875 0.0283203125
0 0.2421875 0.68212890625 0.080078125 0.0341796875
0 0.6728515625 0.19189453125 0.05078125 0.0732421875
0 0.0224609375 0.1181640625 0.044921875 0.044921875
0 0.98046875 0.3359375 0.0390625 0.05078125
0 0.986328125 0.18212890625 0.02734375 0.0615234375
0 0.0263671875 0.0947265625 0.052734375 0.025390625
0 0.5107421875 0.09716796875 0.0625 0.0732421875
0 0.84912109375 0.18359375 0.0615234375 0.03125
0 0.8349609375 0.138671875 0.03125 0.076171875
0 0.142578125 0.748046875 0.0625 0.060546875
0 0.6748046875 0.0234375 0.0546875 0.021484375
0 0.89892578125 0.884765625 0.0927734375 0.0703125
0 0.2998046875 0.037109375 0.125 0.072265625
0 0.18212890625 0.02734375 0.0322265625 0.052734375
0 0.89013671875 0.689453125 0.0419921875 0.052734375
0 0.49560546875 0.9912109375 0.0771484375 0.017578125
0 0.0400390625 0.744140625 0.078125 0.05859375
0 0.24169921875 0.69580078125 0.0810546875 0.0322265625
0 0.6015625 0.5595703125 0.07421875 0.048828125
0 0.64794921875 0.21533203125 0.0400390625 0.0693359375
0 0.12060546875 0.38671875 0.0537109375 0.046875
0 0.10400390625 0.68212890625 0.0673828125 0.0380859375
0 0.1689453125 0.83984375 0.072265625 0.046875
0 0.7841796875 0.49609375 0.056640625 0.0390625
0 0.880859375 0.21728515625 0.0390625 0.0693359375
0 0.986328125 0.703125 0.02734375 0.0390625
0 0.97216796875 0.859375 0.0458984375 0.021484375
0 0.7021484375 0.015625 0.037109375 0.029296875
0 0.97412109375 0.853515625 0.0478515625 0.025390625
0 0.439453125 0.01171875 0.037109375 0.0234375
0 0.58447265625 0.0205078125 0.0439453125 0.041015625
0 0.0654296875 0.7138671875 0.078125 0.052734375
0 0.1181640625 0.80419921875 0.119140625 0.0458984375
0 0.9306640625 0.42041015625 0.046875 0.1181640625
