0 0.6240234375 0.87744140625 0.10546875 0.0595703125
0 0.6435546875 0.55810546875 0.119140625 0.0751953125
0 0.7783203125 0.3466796875 0.1171875 0.091796875
0 0.3486328125 0.49658203125 0.095703125 0.0693359375
0 0.2412109375 0.6533203125 0.09765625 0.0625
0 0.73193359375 0.06201171875 0.1103515625 0.0556640625
0 0.70654296875 0.24609375 0.1025390625 0.052734375
0 0.94970703125 0.08203125 0.0947265625 0.0859375
0 0.71875 0.45751953125 0.083984375 0.0419921875
0 0.05322265625 0.45556640625 0.1064453125 0.0673828125
0 0.86669921875 0.6318359375 0.1005859375 0.037109375
0 0.98388671875 0.82421875 0.0322265625 0.07421875
0 0.86962890625 0.5888671875 0.1005859375 0.04296875
0 0.3203125 0.06201171875 0.091796875 0.0556640625
0 0.0625 0.03369140625 0.109375 0.0498046875
0 0.11865234375 0.30029296875 0.1103515625 0.0732421875
0 0.9404296875 0.48681640625 0.0859375 0.0869140625
0 0.4921875 0.2509765625 0.11328125 0.126953125
0 0.1533203125 0.25732421875 0.126953125 0.0693359375
0 0.4912109375 0.85009765625 0.091796875 0.0869140625
0 0.22412109375 0.798828125 0.1083984375 0.046875
0 0.34033203125 0.95361328125 0.1220703125 0.0419921875
0 0.67919921875 0.7099609375 0.0693359375 0.044921875
0 0.11962890625 0.83447265625 0.0908203125 0.0458984375
0 0.3798828125 0.34423828125 0.10546875 0.0517578125
0 0.8154296875 0.55322265625 0.06640625 0.0283203125
0 0.5751953125 0.041015625 0.0546875 0.072265625
0 0.55517578125 0.78173828125 0.1123046875 0.0517578125
0 0.19775390625 0.166015625 0.0576171875 0.056640625
0 0.05712890625 0.626953125 0.1044921875 0.037109375
0 0.9345703125 0.39892578125 0.130859375 0.0947265625
0 0.93212890625 0.15869140625 0.1025390625 0.0361328125
0 0.0810546875 0.19091796875 0.064453125 0.0654296875
0 0.77294921875 0.6376953125 0.0693359375 0.033203125
0 0.044921875 0.57177734375 0.06640625 0.0322265625
0 0.888671875 0.51220703125 0.091796875 0.0400390625
0 0.4794921875 0.6328125 0.142578125 0.037109375
0 0.72705078125 0.2236328125 0.1005859375 0.0703125
0 0.02587890625 0.05615234375 0.0517578125 0.0341796875
0 0.529296875 0.1484375 0.068359375 0.0390625
0 0.4765625 0.41943359375 0.083984375 0.0380859375
0 0.02685546875 0.140625 0.0517578125 0.04296875
0 0.0302734375 0.353515625 0.056640625 0.048828125
0 0.23583984375 0.7421875 0.1572265625 0.05859375
0 0.73193359375 0.93994140625 0.1259765625 0.0380859375
0 0.9580078125 0.0146484375 0.08203125 0.029296875
0 0.91064453125 0.95751953125 0.1103515625 0.0478515625
0 0.27197265625 0.61328125 0.0888671875 0.046875
0 0.0263671875 0.49267578125 0.052734375 0.0537109375
0 0.34033203125 0.98046875 0.1162109375 0.03515625
0 0.251953125 0.46533203125 0.05859375 0.0498046875
0 0.818359375 0.18212890625 0.064453125 0.0517578125
0 0.6357421875 0.92822265625 0.064453125 0.0341796875
0 0.01953125 0.9833984375 0.0390625 0.029296875
0 0.10693359375 0.79052734375 0.1318359375 0.0419921875
0 0.84033203125 0.72900390625 0.0498046875 0.0537109375
0 0.03515625 0.72265625 0.05859375 0.017578125
0 0.77685546875 0.2138671875 0.0556640625 0.05078125
0 0.02294921875 0.36962890625 0.0439453125 0.0361328125
0 0.34619140625 0.013671875 0.0498046875 0.025390625
0 0.1416015625 0.59619140625 0.12890625 0.0439453125
0 0.57568359375 0.0869140625 0.0810546875 0.03125
0 0.74072265625 0.56396484375 0.0693359375 0.0322265625
0 0.46435546875 0.8759765625 0.0576171875 0.041015625
0 0.36474609375 0.111328125 0.0673828125 0.037109375
0 0.29248046875 0.44384765625 0.0849609375 0.0341796875
0 0.98486328125 0.1328125 0.0302734375 0.01953125
0 0.9609375 0.9208984375 0.078125 0.0390625
0 0.6806640625 0.7763671875 0.072265625 0.033203125
0 0.9482421875 0.83251953125 0.072265625 0.0439453125
0 0.970703125 0.5703125 0.056640625 0.052734375
0 0.3115234375 0.1005859375 0.052734375 0.033203125
0 0.9306640625 0.5634765625 0.048828125 0.04296875
0 0.79931640625 0.1650390625 0.0771484375 0.0703125
0 0.96728515625 0.853515625 0.0654296875 0.03515625
0 0.6240234375 0.87744140625 0.10546875 0.0595703125
0 0.6435546875 0.55810546875 0.119140625 0.0751953125
0 0.7783203125 0.3466796875 0.1171875 0.091796875
0 0.3486328125 0.49658203125 0.095703125 0.0693359375
0 0.2412109375 0.6533203125 0.09765625 0.0625
0 0.73193359375 0.06201171875 0.1103515625 0.0556640625
0 0.70654296875 0.24609375 0.1025390625 0.052734375
0 0.94970703125 0.08203125 0.0947265625 0.0859375
0 0.71875 0.45751953125 0.083984375 0.0419921875
0 0.05322265625 0.45556640625 0.1064453125 0.0673828125
0 0.86669921875 0.6318359375 0.1005859375 0.037109375
0 0.98388671875 0.82421875 0.0322265625 0.07421875
0 0.86962890625 0.5888671875 0.1005859375 0.04296875
0 0.3203125 0.06201171875 0.091796875 0.0556640625
0 0.0625 0.03369140625 0.109375 0.0498046875
0 0.11865234375 0.30029296875 0.1103515625 0.0732421875
0 0.9404296875 0.48681640625 0.0859375 0.0869140625
0 0.4921875 0.2509765625 0.11328125 0.126953125
0 0.1533203125 0.25732421875 0.126953125 0.0693359375
0 0.4912109375 0.85009765625 0.091796875 0.0869140625
0 0.22412109375 0.798828125 0.1083984375 0.046875
0 0.34033203125 0.95361328125 0.1220703125 0.0419921875
0 0.67919921875 0.7099609375 0.0693359375 0.044921875
0 0.11962890625 0.83447265625 0.0908203125 0.0458984375
0 0.3798828125 0.34423828125 0.10546875 0.0517578125
0 0.8154296875 0.55322265625 0.06640625 0.0283203125
0 0.5751953125 0.041015625 0.0546875 0.072265625
0 0.55517578125 0.78173828125 0.1123046875 0.0517578125
0 0.19775390625 0.166015625 0.0576171875 0.056640625
0 0.05712890625 0.626953125 0.1044921875 0.037109375
0 0.9345703125 0.39892578125 0.130859375 0.0947265625
0 0.93212890625 0.15869140625 0.1025390625 0.0361328125
0 0.0810546875 0.19091796875 0.064453125 0.0654296875
0 0.77294921875 0.6376953125 0.0693359375 0.033203125
0 0.044921875 0.57177734375 0.06640625 0.0322265625
0 0.888671875 0.51220703125 0.091796875 0.0400390625
0 0.4794921875 0.6328125 0.142578125 0.037109375
0 0.72705078125 0.2236328125 0.1005859375 0.0703125
0 0.02587890625 0.05615234375 0.0517578125 0.0341796875
0 0.529296875 0.1484375 0.068359375 0.0390625
0 0.4765625 0.41943359375 0.083984375 0.0380859375
0 0.02685546875 0.140625 0.0517578125 0.04296875
0 0.0302734375 0.353515625 0.056640625 0.048828125
0 0.23583984375 0.7421875 0.1572265625 0.05859375
0 0.73193359375 0.93994140625 0.1259765625 0.0380859375
0 0.9580078125 0.0146484375 0.08203125 0.029296875
0 0.91064453125 0.95751953125 0.1103515625 0.0478515625
0 0.27197265625 0.61328125 0.0888671875 0.046875
0 0.0263671875 0.49267578125 0.052734375 0.0537109375
0 0.34033203125 0.98046875 0.1162109375 0.03515625
0 0.251953125 0.46533203125 0.05859375 0.0498046875
0 0.818359375 0.18212890625 0.064453125 0.0517578125
0 0.6357421875 0.92822265625 0.064453125 0.0341796875
0 0.01953125 0.9833984375 0.0390625 0.029296875
0 0.10693359375 0.79052734375 0.1318359375 0.0419921875
0 0.84033203125 0.72900390625 0.0498046875 0.0537109375
0 0.03515625 0.72265625 0.05859375 0.017578125
0 0.77685546875 0.2138671875 0.0556640625 0.05078125
0 0.02294921875 0.36962890625 0.0439453125 0.0361328125
0 0.34619140625 0.013671875 0.0498046875 0.025390625
0 0.1416015625 0.59619140625 0.12890625 0.0439453125
0 0.57568359375 0.0869140625 0.0810546875 0.03125
0 0.74072265625 0.56396484375 0.0693359375 0.0322265625
0 0.46435546875 0.8759765625 0.0576171875 0.041015625
0 0.36474609375 0.111328125 0.0673828125 0.037109375
0 0.29248046875 0.44384765625 0.0849609375 0.0341796875
0 0.98486328125 0.1328125 0.0302734375 0.01953125
0 0.9609375 0.9208984375 0.078125 0.0390625
0 0.6806640625 0.7763671875 0.072265625 0.033203125
0 0.9482421875 0.83251953125 0.072265625 0.0439453125
0 0.970703125 0.5703125 0.056640625 0.052734375
0 0.3115234375 0.1005859375 0.052734375 0.033203125
0 0.9306640625 0.5634765625 0.048828125 0.04296875
0 0.79931640625 0.1650390625 0.0771484375 0.0703125
0 0.96728515625 0.853515625 0.0654296875 0.03515625
0 0.6240234375 0.87744140625 0.10546875 0.0595703125
0 0.6435546875 0.55810546875 0.119140625 0.0751953125
0 0.7783203125 0.3466796875 0.1171875 0.091796875
0 0.3486328125 0.49658203125 0.095703125 0.0693359375
0 0.2412109375 0.6533203125 0.09765625 0.0625
0 0.73193359375 0.06201171875 0.1103515625 0.0556640625
0 0.70654296875 0.24609375 0.1025390625 0.052734375
0 0.94970703125 0.08203125 0.0947265625 0.0859375
0 0.71875 0.45751953125 0.083984375 0.0419921875
0 0.05322265625 0.45556640625 0.1064453125 0.0673828125
0 0.86669921875 0.6318359375 0.1005859375 0.037109375
0 0.98388671875 0.82421875 0.0322265625 0.07421875
0 0.86962890625 0.5888671875 0.1005859375 0.04296875
0 0.3203125 0.06201171875 0.091796875 0.0556640625
0 0.0625 0.03369140625 0.109375 0.0498046875
0 0.11865234375 0.30029296875 0.1103515625 0.0732421875
0 0.9404296875 0.48681640625 0.0859375 0.0869140625
0 0.4921875 0.2509765625 0.11328125 0.126953125
0 0.1533203125 0.25732421875 0.126953125 0.0693359375
0 0.4912109375 0.85009765625 0.091796875 0.0869140625
0 0.22412109375 0.798828125 0.1083984375 0.046875
0 0.34033203125 0.95361328125 0.1220703125 0.0419921875
0 0.67919921875 0.7099609375 0.0693359375 0.044921875
0 0.11962890625 0.83447265625 0.0908203125 0.0458984375
0 0.3798828125 0.34423828125 0.10546875 0.0517578125
0 0.8154296875 0.55322265625 0.06640625 0.0283203125
0 0.5751953125 0.041015625 0.0546875 0.072265625
0 0.55517578125 0.78173828125 0.1123046875 0.0517578125
0 0.19775390625 0.166015625 0.0576171875 0.056640625
0 0.05712890625 0.626953125 0.1044921875 0.037109375
0 0.9345703125 0.39892578125 0.130859375 0.0947265625
0 0.93212890625 0.15869140625 0.1025390625 0.0361328125
0 0.0810546875 0.19091796875 0.064453125 0.0654296875
0 0.77294921875 0.6376953125 0.0693359375 0.033203125
0 0.044921875 0.57177734375 0.06640625 0.0322265625
0 0.888671875 0.51220703125 0.091796875 0.0400390625
0 0.4794921875 0.6328125 0.142578125 0.037109375
0 0.72705078125 0.2236328125 0.1005859375 0.0703125
0 0.02587890625 0.05615234375 0.0517578125 0.0341796875
0 0.529296875 0.1484375 0.068359375 0.0390625
0 0.4765625 0.41943359375 0.083984375 0.0380859375
0 0.02685546875 0.140625 0.0517578125 0.04296875
0 0.0302734375 0.353515625 0.056640625 0.048828125
0 0.23583984375 0.7421875 0.1572265625 0.05859375
0 0.73193359375 0.93994140625 0.1259765625 0.0380859375
0 0.9580078125 0.0146484375 0.08203125 0.029296875
0 0.91064453125 0.95751953125 0.1103515625 0.0478515625
0 0.27197265625 0.61328125 0.0888671875 0.046875
0 0.0263671875 0.49267578125 0.052734375 0.0537109375
0 0.34033203125 0.98046875 0.1162109375 0.03515625
0 0.251953125 0.46533203125 0.05859375 0.0498046875
0 0.818359375 0.18212890625 0.064453125 0.0517578125
0 0.6357421875 0.92822265625 0.064453125 0.0341796875
0 0.01953125 0.9833984375 0.0390625 0.029296875
0 0.10693359375 0.79052734375 0.1318359375 0.0419921875
0 0.84033203125 0.72900390625 0.0498046875 0.0537109375
0 0.03515625 0.72265625 0.05859375 0.017578125
0 0.77685546875 0.2138671875 0.0556640625 0.05078125
0 0.02294921875 0.36962890625 0.0439453125 0.0361328125
0 0.34619140625 0.013671875 0.0498046875 0.025390625
0 0.1416015625 0.59619140625 0.12890625 0.0439453125
0 0.57568359375 0.0869140625 0.0810546875 0.03125
0 0.74072265625 0.56396484375 0.0693359375 0.0322265625
0 0.46435546875 0.8759765625 0.0576171875 0.041015625
0 0.36474609375 0.111328125 0.0673828125 0.037109375
0 0.29248046875 0.44384765625 0.0849609375 0.0341796875
0 0.98486328125 0.1328125 0.0302734375 0.01953125
0 0.9609375 0.9208984375 0.078125 0.0390625
0 0.6806640625 0.7763671875 0.072265625 0.033203125
0 0.9482421875 0.83251953125 0.072265625 0.0439453125
0 0.970703125 0.5703125 0.056640625 0.052734375
0 0.3115234375 0.1005859375 0.052734375 0.033203125
0 0.9306640625 0.5634765625 0.048828125 0.04296875
0 0.79931640625 0.1650390625 0.0771484375 0.0703125
0 0.96728515625 0.853515625 0.0654296875 0.03515625
