0 0.44775390625 0.83056640625 0.1142578125 0.0888671875
0 0.3037109375 0.1689453125 0.130859375 0.095703125
0 0.35791015625 0.6494140625 0.1025390625 0.060546875
0 0.4677734375 0.1513671875 0.087890625 0.052734375
0 0.98046875 0.80908203125 0.0390625 0.0732421875
0 0.5595703125 0.49169921875 0.107421875 0.0556640625
0 0.4375 0.44287109375 0.0703125 0.0791015625
0 0.09033203125 0.3642578125 0.0693359375 0.0703125
0 0.8349609375 0.181640625 0.068359375 0.078125
0 0.99365234375 0.7578125 0.0126953125 0.0625
0 0.79248046875 0.9677734375 0.1435546875 0.0625
0 0.18701171875 0.2978515625 0.1025390625 0.046875
0 0.24951171875 0.6357421875 0.1376953125 0.03515625
0 0.91943359375 0.4873046875 0.0712890625 0.044921875
0 0.1142578125 0.02197265625 0.1015625 0.0439453125
0 0.65771484375 0.62548828125 0.0947265625 0.0458984375
0 0.43994140625 0.634765625 0.0869140625 0.076171875
0 0.05517578125 0.072265625 0.1103515625 0.060546875
0 0.34521484375 0.25341796875 0.0810546875 0.0380859375
0 0.11767578125 0.984375 0.0947265625 0.029296875
0 0.66015625 0.2265625 0.078125 0.05859375
0 0.66748046875 0.12109375 0.0419921875 0.06640625
0 0.103515625 0.57470703125 0.109375 0.0517578125
0 0.41064453125 0.54736328125 0.1337890625 0.0556640625
0 0.767578125 0.4072265625 0.08203125 0.033203125
0 0.04443359375 0.974609375 0.0888671875 0.048828125
0 0.8369140625 0.01708984375 0.07421875 0.0322265625
0 0.619140625 0.74609375 0.1171875 0.041015625
0 0.86767578125 0.24951171875 0.1083984375 0.0419921875
0 0.45751953125 0.06884765625 0.1552734375 0.0419921875
0 0.373046875 0.0361328125 0.103515625 0.052734375
0 0.64404296875 0.58740234375 0.1201171875 0.0322265625
0 0.40283203125 0.40087890625 0.1083984375 0.0458984375
0 0.23876953125 0.48095703125 0.1552734375 0.0673828125
0 0.10400390625 0.857421875 0.1123046875 0.080078125
0 0.712890625 0.2314453125 0.03125 0.07421875
0 0.9140625 0.68603515625 0.05859375 0.0244140625
0 0.7099609375 0.90478515625 0.16015625 0.0498046875
0 0.716796875 0.48583984375 0.064453125 0.0654296875
0 0.75146484375 0.67919921875 0.1240234375 0.0361328125
0 0.66162109375 0.8779296875 0.0810546875 0.025390625
0 0.5771484375 0.53125 0.072265625 0.044921875
0 0.2109375 0.900390625 0.09765625 0.044921875
0 0.68359375 0.333984375 0.078125 0.029296875
0 0.93408203125 0.5693359375 0.0693359375 0.041015625
0 0.55224609375 0.8134765625 0.1318359375 0.03515625
0 0.87255859375 0.7919921875 0.1064453125 0.06640625
0 0.861328125 0.0546875 0.0546875 0.033203125
0 0.9462890625 0.34228515625 0.052734375 0.0400390625
0 0.9892578125 0.3740234375 0.021484375 0.0234375
0 0.27294921875 0.01611328125 0.0654296875 0.0322265625
0 0.67822265625 0.94580078125 0.0849609375 0.0361328125
0 0.68896484375 0.294921875 0.1083984375 0.037109375
0 0.97265625 0.28564453125 0.0546875 0.0654296875
0 0.32958984375 0.92822265625 0.0654296875 0.0458984375
0 0.5849609375 0.9072265625 0.052734375 0.033203125
0 0.0703125 0.90234375 0.080078125 0.025390625
0 0.4794921875 0.92724609375 0.060546875 0.0400390625
0 0.2900390625 0.56103515625 0.107421875 0.0400390625
0 0.0400390625 0.41259765625 0.078125 0.0400390625
0 0.37939453125 0.9208984375 0.1083984375 0.04296875
0 0.9873046875 0.98095703125 0.025390625 0.0283203125
0 0.447265625 0.6591796875 0.087890625 0.06640625
0 0.91357421875 0.45947265625 0.0751953125 0.0419921875
0 0.97314453125 0.09619140625 0.0537109375 0.0146484375
0 0.9755859375 0.01416015625 0.037109375 0.0263671875
0 0.025390625 0.080078125 0.05078125 0.044921875
0 0.60791015625 0.98486328125 0.1181640625 0.0302734375
0 0.55029296875 0.98291015625 0.0537109375 0.0302734375
0 0.0283203125 0.796875 0.056640625 0.03515625
0 0.19921875 0.11669921875 0.05859375 0.0400390625
0 0.99169921875 0.77587890625 0.0166015625 0.0654296875
0 0.98193359375 0.22265625 0.0361328125 0.041015625
0 0.50341796875 0.62939453125 0.0849609375 0.0400390625
0 0.03125 0.6533203125 0.0625 0.044921875
0 0.16552734375 0.5869140625 0.0673828125 0.048828125
0 0.2236328125 0.9619140625 0.080078125 0.0390625
0 0.21142578125 0.283203125 0.0615234375 0.064453125
0 0.69140625 0.65380859375 0.04296875 0.0498046875
0 0.44775390625 0.83056640625 0.1142578125 0.0888671875
0 0.3037109375 0.1689453125 0.130859375 0.095703125
0 0.35791015625 0.6494140625 0.1025390625 0.060546875
0 0.4677734375 0.1513671875 0.087890625 0.052734375
0 0.98046875 0.80908203125 0.0390625 0.0732421875
0 0.5595703125 0.49169921875 0.107421875 0.0556640625
0 0.4375 0.44287109375 0.0703125 0.0791015625
0 0.09033203125 0.3642578125 0.0693359375 0.0703125
0 0.8349609375 0.181640625 0.068359375 0.078125
0 0.99365234375 0.7578125 0.0126953125 0.0625
0 0.79248046875 0.9677734375 0.1435546875 0.0625
0 0.18701171875 0.2978515625 0.1025390625 0.046875
0 0.24951171875 0.6357421875 0.1376953125 0.03515625
0 0.91943359375 0.4873046875 0.0712890625 0.044921875
0 0.1142578125 0.02197265625 0.1015625 0.0439453125
0 0.65771484375 0.62548828125 0.0947265625 0.0458984375
0 0.43994140625 0.634765625 0.0869140625 0.076171875
0 0.05517578125 0.072265625 0.1103515625 0.060546875
0 0.34521484375 0.25341796875 0.0810546875 0.0380859375
0 0.11767578125 0.984375 0.0947265625 0.029296875
0 0.66015625 0.2265625 0.078125 0.05859375
0 0.66748046875 0.12109375 0.0419921875 0.06640625
0 0.103515625 0.57470703125 0.109375 0.0517578125
0 0.41064453125 0.54736328125 0.1337890625 0.0556640625
0 0.767578125 0.4072265625 0.08203125 0.033203125
0 0.04443359375 0.974609375 0.0888671875 0.048828125
0 0.8369140625 0.01708984375 0.07421875 0.0322265625
0 0.619140625 0.74609375 0.1171875 0.041015625
0 0.86767578125 0.24951171875 0.1083984375 0.0419921875
0 0.45751953125 0.06884765625 0.1552734375 0.0419921875
0 0.373046875 0.0361328125 0.103515625 0.052734375
0 0.64404296875 0.58740234375 0.1201171875 0.0322265625
0 0.40283203125 0.40087890625 0.1083984375 0.0458984375
0 0.23876953125 0.48095703125 0.1552734375 0.0673828125
0 0.10400390625 0.857421875 0.1123046875 0.080078125
0 0.712890625 0.2314453125 0.03125 0.07421875
0 0.9140625 0.68603515625 0.05859375 0.0244140625
0 0.7099609375 0.90478515625 0.16015625 0.0498046875
0 0.716796875 0.48583984375 0.064453125 0.0654296875
0 0.75146484375 0.67919921875 0.1240234375 0.0361328125
0 0.66162109375 0.8779296875 0.0810546875 0.025390625
0 0.5771484375 0.53125 0.072265625 0.044921875
0 0.2109375 0.900390625 0.09765625 0.044921875
0 0.68359375 0.333984375 0.078125 0.029296875
0 0.93408203125 0.5693359375 0.0693359375 0.041015625
0 0.55224609375 0.8134765625 0.1318359375 0.03515625
0 0.87255859375 0.7919921875 0.1064453125 0.06640625
0 0.861328125 0.0546875 0.0546875 0.033203125
0 0.9462890625 0.34228515625 0.052734375 0.0400390625
0 0.9892578125 0.3740234375 0.021484375 0.0234375
0 0.27294921875 0.01611328125 0.0654296875 0.0322265625
0 0.67822265625 0.94580078125 0.0849609375 0.0361328125
0 0.68896484375 0.294921875 0.1083984375 0.037109375
0 0.97265625 0.28564453125 0.0546875 0.0654296875
0 0.32958984375 0.92822265625 0.0654296875 0.0458984375
0 0.5849609375 0.9072265625 0.052734375 0.033203125
0 0.0703125 0.90234375 0.080078125 0.025390625
0 0.4794921875 0.92724609375 0.060546875 0.0400390625
0 0.2900390625 0.56103515625 0.107421875 0.0400390625
0 0.0400390625 0.41259765625 0.078125 0.0400390625
0 0.37939453125 0.9208984375 0.1083984375 0.04296875
0 0.9873046875 0.98095703125 0.025390625 0.0283203125
0 0.447265625 0.6591796875 0.087890625 0.06640625
0 0.91357421875 0.45947265625 0.0751953125 0.0419921875
0 0.97314453125 0.09619140625 0.0537109375 0.0146484375
0 0.9755859375 0.01416015625 0.037109375 0.0263671875
0 0.025390625 0.080078125 0.05078125 0.044921875
0 0.60791015625 0.98486328125 0.1181640625 0.0302734375
0 0.55029296875 0.98291015625 0.0537109375 0.0302734375
0 0.0283203125 0.796875 0.056640625 0.03515625
0 0.19921875 0.11669921875 0.05859375 0.0400390625
0 0.99169921875 0.77587890625 0.0166015625 0.0654296875
0 0.98193359375 0.22265625 0.0361328125 0.041015625
0 0.50341796875 0.62939453125 0.0849609375 0.0400390625
0 0.03125 0.6533203125 0.0625 0.044921875
0 0.16552734375 0.5869140625 0.0673828125 0.048828125
0 0.2236328125 0.9619140625 0.080078125 0.0390625
0 0.21142578125 0.283203125 0.0615234375 0.064453125
0 0.69140625 0.65380859375 0.04296875 0.0498046875
0 0.44775390625 0.83056640625 0.1142578125 0.0888671875
0 0.3037109375 0.1689453125 0.130859375 0.095703125
0 0.35791015625 0.6494140625 0.1025390625 0.060546875
0 0.4677734375 0.1513671875 0.087890625 0.052734375
0 0.98046875 0.80908203125 0.0390625 0.0732421875
0 0.5595703125 0.49169921875 0.107421875 0.0556640625
0 0.4375 0.44287109375 0.0703125 0.0791015625
0 0.09033203125 0.3642578125 0.0693359375 0.0703125
0 0.8349609375 0.181640625 0.068359375 0.078125
0 0.99365234375 0.7578125 0.0126953125 0.0625
0 0.79248046875 0.9677734375 0.1435546875 0.0625
0 0.18701171875 0.2978515625 0.1025390625 0.046875
0 0.24951171875 0.6357421875 0.1376953125 0.03515625
0 0.91943359375 0.4873046875 0.0712890625 0.044921875
0 0.1142578125 0.02197265625 0.1015625 0.0439453125
0 0.65771484375 0.62548828125 0.0947265625 0.0458984375
0 0.43994140625 0.634765625 0.0869140625 0.076171875
0 0.05517578125 0.072265625 0.1103515625 0.060546875
0 0.34521484375 0.25341796875 0.0810546875 0.0380859375
0 0.11767578125 0.984375 0.0947265625 0.029296875
0 0.66015625 0.2265625 0.078125 0.05859375
0 0.66748046875 0.12109375 0.0419921875 0.06640625
0 0.103515625 0.57470703125 0.109375 0.0517578125
0 0.41064453125 0.54736328125 0.1337890625 0.0556640625
0 0.767578125 0.4072265625 0.08203125 0.033203125
0 0.04443359375 0.974609375 0.0888671875 0.048828125
0 0.8369140625 0.01708984375 0.07421875 0.0322265625
0 0.619140625 0.74609375 0.1171875 0.041015625
0 0.86767578125 0.24951171875 0.1083984375 0.0419921875
0 0.45751953125 0.06884765625 0.1552734375 0.0419921875
0 0.373046875 0.0361328125 0.103515625 0.052734375
0 0.64404296875 0.58740234375 0.1201171875 0.0322265625
0 0.40283203125 0.40087890625 0.1083984375 0.0458984375
0 0.23876953125 0.48095703125 0.1552734375 0.0673828125
0 0.10400390625 0.857421875 0.1123046875 0.080078125
0 0.712890625 0.2314453125 0.03125 0.07421875
0 0.9140625 0.68603515625 0.05859375 0.0244140625
0 0.7099609375 0.90478515625 0.16015625 0.0498046875
0 0.716796875 0.48583984375 0.064453125 0.0654296875
0 0.75146484375 0.67919921875 0.1240234375 0.0361328125
0 0.66162109375 0.8779296875 0.0810546875 0.025390625
0 0.5771484375 0.53125 0.072265625 0.044921875
0 0.2109375 0.900390625 0.09765625 0.044921875
0 0.68359375 0.333984375 0.078125 0.029296875
0 0.93408203125 0.5693359375 0.0693359375 0.041015625
0 0.55224609375 0.8134765625 0.1318359375 0.03515625
0 0.87255859375 0.7919921875 0.1064453125 0.06640625
0 0.861328125 0.0546875 0.0546875 0.033203125
0 0.9462890625 0.34228515625 0.052734375 0.0400390625
0 0.9892578125 0.3740234375 0.021484375 0.0234375
0 0.27294921875 0.01611328125 0.0654296875 0.0322265625
0 0.67822265625 0.94580078125 0.0849609375 0.0361328125
0 0.68896484375 0.294921875 0.1083984375 0.037109375
0 0.97265625 0.28564453125 0.0546875 0.0654296875
0 0.32958984375 0.92822265625 0.0654296875 0.0458984375
0 0.5849609375 0.9072265625 0.052734375 0.033203125
0 0.0703125 0.90234375 0.080078125 0.025390625
0 0.4794921875 0.92724609375 0.060546875 0.0400390625
0 0.2900390625 0.56103515625 0.107421875 0.0400390625
0 0.0400390625 0.41259765625 0.078125 0.0400390625
0 0.37939453125 0.9208984375 0.1083984375 0.04296875
0 0.9873046875 0.98095703125 0.025390625 0.0283203125
0 0.447265625 0.6591796875 0.087890625 0.06640625
0 0.91357421875 0.45947265625 0.0751953125 0.0419921875
0 0.97314453125 0.09619140625 0.0537109375 0.0146484375
0 0.9755859375 0.01416015625 0.037109375 0.0263671875
0 0.025390625 0.080078125 0.05078125 0.044921875
0 0.60791015625 0.98486328125 0.1181640625 0.0302734375
0 0.55029296875 0.98291015625 0.0537109375 0.0302734375
0 0.0283203125 0.796875 0.056640625 0.03515625
0 0.19921875 0.11669921875 0.05859375 0.0400390625
0 0.99169921875 0.77587890625 0.0166015625 0.0654296875
0 0.98193359375 0.22265625 0.0361328125 0.041015625
0 0.50341796875 0.62939453125 0.0849609375 0.0400390625
0 0.03125 0.6533203125 0.0625 0.044921875
0 0.16552734375 0.5869140625 0.0673828125 0.048828125
0 0.2236328125 0.9619140625 0.080078125 0.0390625
0 0.21142578125 0.283203125 0.0615234375 0.064453125
0 0.69140625 0.65380859375 0.04296875 0.0498046875
