0 0.66552734375 0.275390625 0.0576171875 0.111328125
0 0.55078125 0.265625 0.060546875 0.10546875
0 0.87744140625 0.02978515625 0.0869140625 0.0576171875
0 0.15771484375 0.43408203125 0.0986328125 0.0849609375
0 0.95263671875 0.1005859375 0.0830078125 0.0546875
0 0.23095703125 0.40234375 0.1220703125 0.08203125
0 0.64599609375 0.07666015625 0.0927734375 0.0634765625
0 0.24365234375 0.3076171875 0.1650390625 0.125
0 0.70947265625 0.6552734375 0.1220703125 0.072265625
0 0.36279296875 0.02392578125 0.0869140625 0.0478515625
0 0.17919921875 0.16162109375 0.1240234375 0.0517578125
0 0.8974609375 0.12109375 0.068359375 0.123046875
0 0.31640625 0.74658203125 0.115234375 0.0498046875
0 0.93896484375 0.77685546875 0.0947265625 0.0458984375
0 0.892578125 0.275390625 0.10546875 0.095703125
0 0.662109375 0.033203125 0.1171875 0.06640625
0 0.279296875 0.62890625 0.083984375 0.060546875
0 0.23046875 0.69140625 0.123046875 0.068359375
0 0.07470703125 0.06884765625 0.0966796875 0.0888671875
0 0.80615234375 0.17919921875 0.0498046875 0.1123046875
0 0.23828125 0.48974609375 0.06640625 0.0732421875
0 0.08251953125 0.2080078125 0.1201171875 0.0625
0 0.30322265625 0.166015625 0.1123046875 0.05078125
0 0.21337890625 0.42724609375 0.0888671875 0.0732421875
0 0.0322265625 0.73486328125 0.056640625 0.0595703125
0 0.79052734375 0.26953125 0.0576171875 0.08203125
0 0.0419921875 0.54345703125 0.064453125 0.1044921875
0 0.09619140625 0.85546875 0.1767578125 0.087890625
0 0.814453125 0.3359375 0.076171875 0.033203125
0 0.42626953125 0.32861328125 0.0615234375 0.0478515625
0 0.48974609375 0.333984375 0.1572265625 0.083984375
0 0.55810546875 0.4462890625 0.1669921875 0.07421875
0 0.68017578125 0.5849609375 0.1533203125 0.0703125
0 0.59130859375 0.6708984375 0.2001953125 0.056640625
0 0.9609375 0.46533203125 0.07421875 0.0498046875
0 0.1923828125 0.814453125 0.076171875 0.04296875
0 0.07421875 0.37451171875 0.140625 0.0458984375
0 0.53564453125 0.36865234375 0.1162109375 0.0537109375
0 0.38916015625 0.35009765625 0.0732421875 0.1337890625
0 0.11083984375 0.57958984375 0.0634765625 0.0478515625
0 0.99169921875 0.49755859375 0.0166015625 0.0146484375
0 0.7197265625 0.80615234375 0.146484375 0.0400390625
0 0.1435546875 0.36669921875 0.078125 0.0361328125
0 0.44873046875 0.29443359375 0.0751953125 0.0517578125
0 0.3125 0.19873046875 0.091796875 0.0595703125
0 0.75390625 0.73095703125 0.05859375 0.0341796875
0 0.064453125 0.71142578125 0.12890625 0.0458984375
0 0.05517578125 0.67236328125 0.1005859375 0.0419921875
0 0.19482421875 0.9326171875 0.1162109375 0.037109375
0 0.0263671875 0.4111328125 0.052734375 0.0390625
0 0.82958984375 0.1103515625 0.0986328125 0.044921875
0 0.9326171875 0.6259765625 0.09765625 0.046875
0 0.4111328125 0.25341796875 0.11328125 0.0751953125
0 0.86669921875 0.302734375 0.1240234375 0.060546875
0 0.79248046875 0.9853515625 0.0927734375 0.029296875
0 0.01708984375 0.98876953125 0.0341796875 0.0185546875
0 0.03369140625 0.78955078125 0.0634765625 0.0439453125
0 0.9189453125 0.01953125 0.0390625 0.037109375
0 0.71533203125 0.98388671875 0.0654296875 0.0322265625
0 0.9130859375 0.46630859375 0.060546875 0.0576171875
0 0.75341796875 0.822265625 0.0869140625 0.03125
0 0.57763671875 0.41796875 0.0888671875 0.060546875
0 0.68115234375 0.607421875 0.0986328125 0.05859375
0 0.58056640625 0.05712890625 0.0615234375 0.0537109375
0 0.66552734375 0.275390625 0.0576171875 0.111328125
0 0.55078125 0.265625 0.060546875 0.10546875
0 0.87744140625 0.02978515625 0.0869140625 0.0576171875
0 0.15771484375 0.43408203125 0.0986328125 0.0849609375
0 0.95263671875 0.1005859375 0.0830078125 0.0546875
0 0.23095703125 0.40234375 0.1220703125 0.08203125
0 0.64599609375 0.07666015625 0.0927734375 0.0634765625
0 0.24365234375 0.3076171875 0.1650390625 0.125
0 0.70947265625 0.6552734375 0.1220703125 0.072265625
0 0.36279296875 0.02392578125 0.0869140625 0.0478515625
0 0.17919921875 0.16162109375 0.1240234375 0.0517578125
0 0.8974609375 0.12109375 0.068359375 0.123046875
0 0.31640625 0.74658203125 0.115234375 0.0498046875
0 0.93896484375 0.77685546875 0.0947265625 0.0458984375
0 0.892578125 0.275390625 0.10546875 0.095703125
0 0.662109375 0.033203125 0.1171875 0.06640625
0 0.279296875 0.62890625 0.083984375 0.060546875
0 0.23046875 0.69140625 0.123046875 0.068359375
0 0.07470703125 0.06884765625 0.0966796875 0.0888671875
0 0.80615234375 0.17919921875 0.0498046875 0.1123046875
0 0.23828125 0.48974609375 0.06640625 0.0732421875
0 0.08251953125 0.2080078125 0.1201171875 0.0625
0 0.30322265625 0.166015625 0.1123046875 0.05078125
0 0.21337890625 0.42724609375 0.0888671875 0.0732421875
0 0.0322265625 0.73486328125 0.056640625 0.0595703125
0 0.79052734375 0.26953125 0.0576171875 0.08203125
0 0.0419921875 0.54345703125 0.064453125 0.1044921875
0 0.09619140625 0.85546875 0.1767578125 0.087890625
0 0.814453125 0.3359375 0.076171875 0.033203125
0 0.42626953125 0.32861328125 0.0615234375 0.0478515625
0 0.48974609375 0.333984375 0.1572265625 0.083984375
0 0.55810546875 0.4462890625 0.1669921875 0.07421875
0 0.68017578125 0.5849609375 0.1533203125 0.0703125
0 0.59130859375 0.6708984375 0.2001953125 0.056640625
0 0.9609375 0.46533203125 0.07421875 0.0498046875
0 0.1923828125 0.814453125 0.076171875 0.04296875
0 0.07421875 0.37451171875 0.140625 0.0458984375
0 0.53564453125 0.36865234375 0.1162109375 0.0537109375
0 0.38916015625 0.35009765625 0.0732421875 0.1337890625
0 0.11083984375 0.57958984375 0.0634765625 0.0478515625
0 0.99169921875 0.49755859375 0.0166015625 0.0146484375
0 0.7197265625 0.80615234375 0.146484375 0.0400390625
0 0.1435546875 0.36669921875 0.078125 0.0361328125
0 0.44873046875 0.29443359375 0.0751953125 0.0517578125
0 0.3125 0.19873046875 0.091796875 0.0595703125
0 0.75390625 0.73095703125 0.05859375 0.0341796875
0 0.064453125 0.71142578125 0.12890625 0.0458984375
0 0.05517578125 0.67236328125 0.1005859375 0.0419921875
0 0.19482421875 0.9326171875 0.1162109375 0.037109375
0 0.0263671875 0.4111328125 0.052734375 0.0390625
0 0.82958984375 0.1103515625 0.0986328125 0.044921875
0 0.9326171875 0.6259765625 0.09765625 0.046875
0 0.4111328125 0.25341796875 0.11328125 0.0751953125
0 0.86669921875 0.302734375 0.1240234375 0.060546875
0 0.79248046875 0.9853515625 0.0927734375 0.029296875
0 0.01708984375 0.98876953125 0.0341796875 0.0185546875
0 0.03369140625 0.78955078125 0.0634765625 0.0439453125
0 0.9189453125 0.01953125 0.0390625 0.037109375
0 0.71533203125 0.98388671875 0.0654296875 0.0322265625
0 0.9130859375 0.46630859375 0.060546875 0.0576171875
0 0.75341796875 0.822265625 0.0869140625 0.03125
0 0.57763671875 0.41796875 0.0888671875 0.060546875
0 0.68115234375 0.607421875 0.0986328125 0.05859375
0 0.58056640625 0.05712890625 0.0615234375 0.0537109375
0 0.66552734375 0.275390625 0.0576171875 0.111328125
0 0.55078125 0.265625 0.060546875 0.10546875
0 0.87744140625 0.02978515625 0.0869140625 0.0576171875
0 0.15771484375 0.43408203125 0.0986328125 0.0849609375
0 0.95263671875 0.1005859375 0.0830078125 0.0546875
0 0.23095703125 0.40234375 0.1220703125 0.08203125
0 0.64599609375 0.07666015625 0.0927734375 0.0634765625
0 0.24365234375 0.3076171875 0.1650390625 0.125
0 0.70947265625 0.6552734375 0.1220703125 0.072265625
0 0.36279296875 0.02392578125 0.0869140625 0.0478515625
0 0.17919921875 0.16162109375 0.1240234375 0.0517578125
0 0.8974609375 0.12109375 0.068359375 0.123046875
0 0.31640625 0.74658203125 0.115234375 0.0498046875
0 0.93896484375 0.77685546875 0.0947265625 0.0458984375
0 0.892578125 0.275390625 0.10546875 0.095703125
0 0.662109375 0.033203125 0.1171875 0.06640625
0 0.279296875 0.62890625 0.083984375 0.060546875
0 0.23046875 0.69140625 0.123046875 0.068359375
0 0.07470703125 0.06884765625 0.0966796875 0.0888671875
0 0.80615234375 0.17919921875 0.0498046875 0.1123046875
0 0.23828125 0.48974609375 0.06640625 0.0732421875
0 0.08251953125 0.2080078125 0.1201171875 0.0625
0 0.30322265625 0.166015625 0.1123046875 0.05078125
0 0.21337890625 0.42724609375 0.0888671875 0.0732421875
0 0.0322265625 0.73486328125 0.056640625 0.0595703125
0 0.79052734375 0.26953125 0.0576171875 0.08203125
0 0.0419921875 0.54345703125 0.064453125 0.1044921875
0 0.09619140625 0.85546875 0.1767578125 0.087890625
0 0.814453125 0.3359375 0.076171875 0.033203125
0 0.42626953125 0.32861328125 0.0615234375 0.0478515625
0 0.48974609375 0.333984375 0.1572265625 0.083984375
0 0.55810546875 0.4462890625 0.1669921875 0.07421875
0 0.68017578125 0.5849609375 0.1533203125 0.0703125
0 0.59130859375 0.6708984375 0.2001953125 0.056640625
0 0.9609375 0.46533203125 0.07421875 0.0498046875
0 0.1923828125 0.814453125 0.076171875 0.04296875
0 0.07421875 0.37451171875 0.140625 0.0458984375
0 0.53564453125 0.36865234375 0.1162109375 0.0537109375
0 0.38916015625 0.35009765625 0.0732421875 0.1337890625
0 0.11083984375 0.57958984375 0.0634765625 0.0478515625
0 0.99169921875 0.49755859375 0.0166015625 0.0146484375
0 0.7197265625 0.80615234375 0.146484375 0.0400390625
0 0.1435546875 0.36669921875 0.078125 0.0361328125
0 0.44873046875 0.29443359375 0.0751953125 0.0517578125
0 0.3125 0.19873046875 0.091796875 0.0595703125
0 0.75390625 0.73095703125 0.05859375 0.0341796875
0 0.064453125 0.71142578125 0.12890625 0.0458984375
0 0.05517578125 0.67236328125 0.1005859375 0.0419921875
0 0.19482421875 0.9326171875 0.1162109375 0.037109375
0 0.0263671875 0.4111328125 0.052734375 0.0390625
0 0.82958984375 0.1103515625 0.0986328125 0.044921875
0 0.9326171875 0.6259765625 0.09765625 0.046875
0 0.4111328125 0.25341796875 0.11328125 0.0751953125
0 0.86669921875 0.302734375 0.1240234375 0.060546875
0 0.79248046875 0.9853515625 0.0927734375 0.029296875
0 0.01708984375 0.98876953125 0.0341796875 0.0185546875
0 0.03369140625 0.78955078125 0.0634765625 0.0439453125
0 0.9189453125 0.01953125 0.0390625 0.037109375
0 0.71533203125 0.98388671875 0.0654296875 0.0322265625
0 0.9130859375 0.46630859375 0.060546875 0.0576171875
0 0.75341796875 0.822265625 0.0869140625 0.03125
0 0.57763671875 0.41796875 0.0888671875 0.060546875
0 0.68115234375 0.607421875 0.0986328125 0.05859375
0 0.58056640625 0.05712890625 0.0615234375 0.0537109375
