0 0.681640625 0.2060546875 0.0625 0.0859375
0 0.56103515625 0.7705078125 0.0693359375 0.095703125
0 0.53857421875 0.1015625 0.0654296875 0.078125
0 0.9482421875 0.34130859375 0.0703125 0.0869140625
0 0.92822265625 0.80224609375 0.0869140625 0.0986328125
0 0.05615234375 0.12646484375 0.0791015625 0.0615234375
0 0.29345703125 0.2099609375 0.0966796875 0.05859375
0 0.2509765625 0.0830078125 0.08984375 0.046875
0 0.35595703125 0.0478515625 0.0400390625 0.095703125
0 0.91015625 0.71826171875 0.044921875 0.0849609375
0 0.62939453125 0.69775390625 0.0947265625 0.0400390625
0 0.8291015625 0.3837890625 0.04296875 0.076171875
0 0.15478515625 0.73876953125 0.0595703125 0.0732421875
0 0.9814453125 0.646484375 0.033203125 0.083984375
0 0.47607421875 0.3828125 0.0576171875 0.056640625
0 0.54345703125 0.29833984375 0.0693359375 0.0458984375
0 0.44970703125 0.17333984375 0.1259765625 0.0791015625
0 0.1982421875 0.34375 0.048828125 0.07421875
0 0.7294921875 0.95947265625 0.099609375 0.0615234375
0 0.0537109375 0.91259765625 0.107421875 0.0517578125
0 0.21142578125 0.7470703125 0.0634765625 0.0546875
0 0.5791015625 0.232421875 0.091796875 0.060546875
0 0.76611328125 0.97021484375 0.0615234375 0.0595703125
0 0.560546875 0.4462890625 0.05859375 0.052734375
0 0.67431640625 0.8232421875 0.0771484375 0.044921875
0 0.4609375 0.87548828125 0.06640625 0.0458984375
0 0.14404296875 0.20458984375 0.0654296875 0.0654296875
0 0.2861328125 0.66943359375 0.078125 0.0419921875
0 0.21728515625 0.87744140625 0.0791015625 0.0439453125
0 0.13134765625 0.7744140625 0.0615234375 0.03515625
0 0.02783203125 0.42724609375 0.0556640625 0.0439453125
0 0.35498046875 0.986328125 0.0732421875 0.0234375
0 0.44775390625 0.55419921875 0.0771484375 0.0478515625
0 0.158203125 0.0576171875 0.03125 0.083984375
0 0.20263671875 0.10107421875 0.0947265625 0.0322265625
0 0.2705078125 0.9453125 0.087890625 0.03125
0 0.74951171875 0.44921875 0.0380859375 0.068359375
0 0.3251953125 0.5244140625 0.09375 0.05078125
0 0.04345703125 0.30859375 0.0615234375 0.044921875
0 0.62158203125 0.14306640625 0.0361328125 0.0517578125
0 0.38818359375 0.56494140625 0.0791015625 0.0380859375
0 0.07763671875 0.80322265625 0.0498046875 0.0263671875
0 0.9052734375 0.103515625 0.08984375 0.041015625
0 0.7880859375 0.90380859375 0.033203125 0.0869140625
0 0.0400390625 0.546875 0.080078125 0.04296875
0 0.169921875 0.14697265625 0.033203125 0.0712890625
0 0.97314453125 0.5244140625 0.0537109375 0.025390625
0 0.17626953125 0.50732421875 0.0869140625 0.0556640625
0 0.79150390625 0.17529296875 0.0478515625 0.0478515625
0 0.37939453125 0.62060546875 0.0556640625 0.0322265625
0 0.47216796875 0.82666015625 0.0419921875 0.0224609375
0 0.5537109375 0.48193359375 0.0546875 0.0361328125
0 0.2236328125 0.54248046875 0.08203125 0.0419921875
0 0.724609375 0.171875 0.08203125 0.03515625
0 0.8564453125 0.2412109375 0.0546875 0.046875
0 0.64697265625 0.92138671875 0.0419921875 0.0302734375
0 0.47412109375 0.7138671875 0.1064453125 0.037109375
0 0.943359375 0.38037109375 0.05078125 0.0419921875
0 0.15283203125 0.93017578125 0.0458984375 0.0263671875
0 0.3720703125 0.49169921875 0.046875 0.0322265625
0 0.4921875 0.751953125 0.056640625 0.044921875
0 0.544921875 0.51904296875 0.056640625 0.0400390625
0 0.41748046875 0.5224609375 0.0654296875 0.0546875
0 0.802734375 0.51416015625 0.05078125 0.0712890625
0 0.87451171875 0.51220703125 0.0615234375 0.0517578125
0 0.91552734375 0.5654296875 0.0439453125 0.0859375
0 0.84228515625 0.5576171875 0.0791015625 0.03125
0 0.841796875 0.59521484375 0.0859375 0.0439453125
0 0.8095703125 0.08349609375 0.064453125 0.0791015625
0 0.71435546875 0.12744140625 0.0498046875 0.0341796875
0 0.98095703125 0.78466796875 0.0380859375 0.0634765625
0 0.72705078125 0.857421875 0.0517578125 0.044921875
0 0.8515625 0.88427734375 0.0546875 0.0517578125
0 0.11376953125 0.587890625 0.0791015625 0.044921875
0 0.681640625 0.2060546875 0.0625 0.0859375
0 0.56103515625 0.7705078125 0.0693359375 0.095703125
0 0.53857421875 0.1015625 0.0654296875 0.078125
0 0.9482421875 0.34130859375 0.0703125 0.0869140625
0 0.92822265625 0.80224609375 0.0869140625 0.0986328125
0 0.05615234375 0.12646484375 0.0791015625 0.0615234375
0 0.29345703125 0.2099609375 0.0966796875 0.05859375
0 0.2509765625 0.0830078125 0.08984375 0.046875
0 0.35595703125 0.0478515625 0.0400390625 0.095703125
0 0.91015625 0.71826171875 0.044921875 0.0849609375
0 0.62939453125 0.69775390625 0.0947265625 0.0400390625
0 0.8291015625 0.3837890625 0.04296875 0.076171875
0 0.15478515625 0.73876953125 0.0595703125 0.0732421875
0 0.9814453125 0.646484375 0.033203125 0.083984375
0 0.47607421875 0.3828125 0.0576171875 0.056640625
0 0.54345703125 0.29833984375 0.0693359375 0.0458984375
0 0.44970703125 0.17333984375 0.1259765625 0.0791015625
0 0.1982421875 0.34375 0.048828125 0.07421875
0 0.7294921875 0.95947265625 0.099609375 0.0615234375
0 0.0537109375 0.91259765625 0.107421875 0.0517578125
0 0.21142578125 0.7470703125 0.0634765625 0.0546875
0 0.5791015625 0.232421875 0.091796875 0.060546875
0 0.76611328125 0.97021484375 0.0615234375 0.0595703125
0 0.560546875 0.4462890625 0.05859375 0.052734375
0 0.67431640625 0.8232421875 0.0771484375 0.044921875
0 0.4609375 0.87548828125 0.06640625 0.0458984375
0 0.14404296875 0.20458984375 0.0654296875 0.0654296875
0 0.2861328125 0.66943359375 0.078125 0.0419921875
0 0.21728515625 0.87744140625 0.0791015625 0.0439453125
0 0.13134765625 0.7744140625 0.0615234375 0.03515625
0 0.02783203125 0.42724609375 0.0556640625 0.0439453125
0 0.35498046875 0.986328125 0.0732421875 0.0234375
0 0.44775390625 0.55419921875 0.0771484375 0.0478515625
0 0.158203125 0.0576171875 0.03125 0.083984375
0 0.20263671875 0.10107421875 0.0947265625 0.0322265625
0 0.2705078125 0.9453125 0.087890625 0.03125
0 0.74951171875 0.44921875 0.0380859375 0.068359375
0 0.3251953125 0.5244140625 0.09375 0.05078125
0 0.04345703125 0.30859375 0.0615234375 0.044921875
0 0.62158203125 0.14306640625 0.0361328125 0.0517578125
0 0.38818359375 0.56494140625 0.0791015625 0.0380859375
0 0.07763671875 0.80322265625 0.0498046875 0.0263671875
0 0.9052734375 0.103515625 0.08984375 0.041015625
0 0.7880859375 0.90380859375 0.033203125 0.0869140625
0 0.0400390625 0.546875 0.080078125 0.04296875
0 0.169921875 0.14697265625 0.033203125 0.0712890625
0 0.97314453125 0.5244140625 0.0537109375 0.025390625
0 0.17626953125 0.50732421875 0.0869140625 0.0556640625
0 0.79150390625 0.17529296875 0.0478515625 0.0478515625
0 0.37939453125 0.62060546875 0.0556640625 0.0322265625
0 0.47216796875 0.82666015625 0.0419921875 0.0224609375
0 0.5537109375 0.48193359375 0.0546875 0.0361328125
0 0.2236328125 0.54248046875 0.08203125 0.0419921875
0 0.724609375 0.171875 0.08203125 0.03515625
0 0.8564453125 0.2412109375 0.0546875 0.046875
0 0.64697265625 0.92138671875 0.0419921875 0.0302734375
0 0.47412109375 0.7138671875 0.1064453125 0.037109375
0 0.943359375 0.38037109375 0.05078125 0.0419921875
0 0.15283203125 0.93017578125 0.0458984375 0.0263671875
0 0.3720703125 0.49169921875 0.046875 0.0322265625
0 0.4921875 0.751953125 0.056640625 0.044921875
0 0.544921875 0.51904296875 0.056640625 0.0400390625
0 0.41748046875 0.5224609375 0.0654296875 0.0546875
0 0.802734375 0.51416015625 0.05078125 0.0712890625
0 0.87451171875 0.51220703125 0.0615234375 0.0517578125
0 0.91552734375 0.5654296875 0.0439453125 0.0859375
0 0.84228515625 0.5576171875 0.0791015625 0.03125
0 0.841796875 0.59521484375 0.0859375 0.0439453125
0 0.8095703125 0.08349609375 0.064453125 0.0791015625
0 0.71435546875 0.12744140625 0.0498046875 0.0341796875
0 0.98095703125 0.78466796875 0.0380859375 0.0634765625
0 0.72705078125 0.857421875 0.0517578125 0.044921875
0 0.8515625 0.88427734375 0.0546875 0.0517578125
0 0.11376953125 0.587890625 0.0791015625 0.044921875
0 0.681640625 0.2060546875 0.0625 0.0859375
0 0.56103515625 0.7705078125 0.0693359375 0.095703125
0 0.53857421875 0.1015625 0.0654296875 0.078125
0 0.9482421875 0.34130859375 0.0703125 0.0869140625
0 0.92822265625 0.80224609375 0.0869140625 0.0986328125
0 0.05615234375 0.12646484375 0.0791015625 0.0615234375
0 0.29345703125 0.2099609375 0.0966796875 0.05859375
0 0.2509765625 0.0830078125 0.08984375 0.046875
0 0.35595703125 0.0478515625 0.0400390625 0.095703125
0 0.91015625 0.71826171875 0.044921875 0.0849609375
0 0.62939453125 0.69775390625 0.0947265625 0.0400390625
0 0.8291015625 0.3837890625 0.04296875 0.076171875
0 0.15478515625 0.73876953125 0.0595703125 0.0732421875
0 0.9814453125 0.646484375 0.033203125 0.083984375
0 0.47607421875 0.3828125 0.0576171875 0.056640625
0 0.54345703125 0.29833984375 0.0693359375 0.0458984375
0 0.44970703125 0.17333984375 0.1259765625 0.0791015625
0 0.1982421875 0.34375 0.048828125 0.07421875
0 0.7294921875 0.95947265625 0.099609375 0.0615234375
0 0.0537109375 0.91259765625 0.107421875 0.0517578125
0 0.21142578125 0.7470703125 0.0634765625 0.0546875
0 0.5791015625 0.232421875 0.091796875 0.060546875
0 0.76611328125 0.97021484375 0.0615234375 0.0595703125
0 0.560546875 0.4462890625 0.05859375 0.052734375
0 0.67431640625 0.8232421875 0.0771484375 0.044921875
0 0.4609375 0.87548828125 0.06640625 0.0458984375
0 0.14404296875 0.20458984375 0.0654296875 0.0654296875
0 0.2861328125 0.66943359375 0.078125 0.0419921875
0 0.21728515625 0.87744140625 0.0791015625 0.0439453125
0 0.13134765625 0.7744140625 0.0615234375 0.03515625
0 0.02783203125 0.42724609375 0.0556640625 0.0439453125
0 0.35498046875 0.986328125 0.0732421875 0.0234375
0 0.44775390625 0.55419921875 0.0771484375 0.0478515625
0 0.158203125 0.0576171875 0.03125 0.083984375
0 0.20263671875 0.10107421875 0.0947265625 0.0322265625
0 0.2705078125 0.9453125 0.087890625 0.03125
0 0.74951171875 0.44921875 0.0380859375 0.068359375
0 0.3251953125 0.5244140625 0.09375 0.05078125
0 0.04345703125 0.30859375 0.0615234375 0.044921875
0 0.62158203125 0.14306640625 0.0361328125 0.0517578125
0 0.38818359375 0.56494140625 0.0791015625 0.0380859375
0 0.07763671875 0.80322265625 0.0498046875 0.0263671875
0 0.9052734375 0.103515625 0.08984375 0.041015625
0 0.7880859375 0.90380859375 0.033203125 0.0869140625
0 0.0400390625 0.546875 0.080078125 0.04296875
0 0.169921875 0.14697265625 0.033203125 0.0712890625
0 0.97314453125 0.5244140625 0.0537109375 0.025390625
0 0.17626953125 0.50732421875 0.0869140625 0.0556640625
0 0.79150390625 0.17529296875 0.0478515625 0.0478515625
0 0.37939453125 0.62060546875 0.0556640625 0.0322265625
0 0.47216796875 0.82666015625 0.0419921875 0.0224609375
0 0.5537109375 0.48193359375 0.0546875 0.0361328125
0 0.2236328125 0.54248046875 0.08203125 0.0419921875
0 0.724609375 0.171875 0.08203125 0.03515625
0 0.8564453125 0.2412109375 0.0546875 0.046875
0 0.64697265625 0.92138671875 0.0419921875 0.0302734375
0 0.47412109375 0.7138671875 0.1064453125 0.037109375
0 0.943359375 0.38037109375 0.05078125 0.0419921875
0 0.15283203125 0.93017578125 0.0458984375 0.0263671875
0 0.3720703125 0.49169921875 0.046875 0.0322265625
0 0.4921875 0.751953125 0.056640625 0.044921875
0 0.544921875 0.51904296875 0.056640625 0.0400390625
0 0.41748046875 0.5224609375 0.0654296875 0.0546875
0 0.802734375 0.51416015625 0.05078125 0.0712890625
0 0.87451171875 0.51220703125 0.0615234375 0.0517578125
0 0.91552734375 0.5654296875 0.0439453125 0.0859375
0 0.84228515625 0.5576171875 0.0791015625 0.03125
0 0.841796875 0.59521484375 0.0859375 0.0439453125
0 0.8095703125 0.08349609375 0.064453125 0.0791015625
0 0.71435546875 0.12744140625 0.0498046875 0.0341796875
0 0.98095703125 0.78466796875 0.0380859375 0.0634765625
0 0.72705078125 0.857421875 0.0517578125 0.044921875
0 0.8515625 0.88427734375 0.0546875 0.0517578125
0 0.11376953125 0.587890625 0.0791015625 0.044921875
