0 0.61865234375 0.1162109375 0.0576171875 0.0859375
0 0.53125 0.5830078125 0.05859375 0.083984375
0 0.11376953125 0.47216796875 0.0810546875 0.0751953125
0 0.169921875 0.5625 0.07421875 0.080078125
0 0.04443359375 0.1640625 0.0888671875 0.09765625
0 0.0947265625 0.08837890625 0.0390625 0.0947265625
0 0.41650390625 0.3330078125 0.0615234375 0.08203125
0 0.58349609375 0.33740234375 0.0498046875 0.1240234375
0 0.2802734375 0.3046875 0.041015625 0.103515625
0 0.931640625 0.5087890625 0.05859375 0.087890625
0 0.708984375 0.19384765625 0.044921875 0.0771484375
0 0.49169921875 0.47802734375 0.0478515625 0.0947265625
0 0.70166015625 0.42138671875 0.0595703125 0.0732421875
0 0.02783203125 0.0947265625 0.0439453125 0.0859375
0 0.16796875 0.4736328125 0.033203125 0.08984375
0 0.11376953125 0.32861328125 0.0693359375 0.0693359375
0 0.474609375 0.0693359375 0.083984375 0.099609375
0 0.544921875 0.44873046875 0.072265625 0.0556640625
0 0.17333984375 0.3544921875 0.0322265625 0.099609375
0 0.92431640625 0.1015625 0.0498046875 0.08984375
0 0.63427734375 0.56201171875 0.0400390625 0.0693359375
0 0.23388671875 0.2880859375 0.0361328125 0.0625
0 0.1484375 0.62158203125 0.0390625 0.0634765625
0 0.7578125 0.40283203125 0.041015625 0.0791015625
0 0.09228515625 0.14697265625 0.0517578125 0.0712890625
0 0.3203125 0.88330078125 0.068359375 0.0634765625
0 0.91943359375 0.26611328125 0.0673828125 0.0537109375
0 0.197265625 0.83203125 0.041015625 0.068359375
0 0.40087890625 0.60888671875 0.0576171875 0.0556640625
0 0.876953125 0.5595703125 0.05859375 0.072265625
0 0.47021484375 0.49169921875 0.0634765625 0.0595703125
0 0.85693359375 0.18994140625 0.0537109375 0.0654296875
0 0.474609375 0.4013671875 0.046875 0.0703125
0 0.06884765625 0.64013671875 0.0615234375 0.0439453125
0 0.92919921875 0.685546875 0.0576171875 0.03515625
0 0.6572265625 0.87353515625 0.05078125 0.0419921875
0 0.833984375 0.53759765625 0.07421875 0.0927734375
0 0.75634765625 0.19921875 0.0283203125 0.06640625
0 0.88037109375 0.29541015625 0.0439453125 0.1064453125
0 0.48193359375 0.72900390625 0.0537109375 0.0478515625
0 0.73876953125 0.0185546875 0.0498046875 0.037109375
0 0.9169921875 0.216796875 0.037109375 0.052734375
0 0.2890625 0.244140625 0.037109375 0.056640625
0 0.44482421875 0.248046875 0.0400390625 0.056640625
0 0.07568359375 0.72802734375 0.0458984375 0.0654296875
0 0.03955078125 0.94873046875 0.0419921875 0.0341796875
0 0.94580078125 0.09765625 0.0400390625 0.076171875
0 0.283203125 0.98046875 0.025390625 0.0390625
0 0.93896484375 0.849609375 0.0380859375 0.041015625
0 0.54248046875 0.744140625 0.0263671875 0.052734375
0 0.93603515625 0.47314453125 0.0302734375 0.0615234375
0 0.388671875 0.013671875 0.037109375 0.02734375
0 0.69384765625 0.490234375 0.0361328125 0.072265625
0 0.67578125 0.5380859375 0.03125 0.064453125
0 0.119140625 0.70263671875 0.037109375 0.0302734375
0 0.73876953125 0.9384765625 0.0693359375 0.0546875
0 0.837890625 0.828125 0.029296875 0.060546875
0 0.62158203125 0.26220703125 0.0283203125 0.0595703125
0 0.22509765625 0.962890625 0.0361328125 0.046875
0 0.08349609375 0.685546875 0.0419921875 0.025390625
0 0.5244140625 0.64013671875 0.025390625 0.0458984375
0 0.146484375 0.05029296875 0.046875 0.0556640625
0 0.95556640625 0.65869140625 0.0478515625 0.0576171875
0 0.29443359375 0.494140625 0.0732421875 0.103515625
0 0.29052734375 0.70068359375 0.1064453125 0.0400390625
0 0.44677734375 0.45263671875 0.0341796875 0.0361328125
0 0.40625 0.46142578125 0.06640625 0.1201171875
0 0.71630859375 0.66259765625 0.0693359375 0.0908203125
0 0.49951171875 0.20751953125 0.0654296875 0.0615234375
0 0.61865234375 0.1162109375 0.0576171875 0.0859375
0 0.53125 0.5830078125 0.05859375 0.083984375
0 0.11376953125 0.47216796875 0.0810546875 0.0751953125
0 0.169921875 0.5625 0.07421875 0.080078125
0 0.04443359375 0.1640625 0.0888671875 0.09765625
0 0.0947265625 0.08837890625 0.0390625 0.0947265625
0 0.41650390625 0.3330078125 0.0615234375 0.08203125
0 0.58349609375 0.33740234375 0.0498046875 0.1240234375
0 0.2802734375 0.3046875 0.041015625 0.103515625
0 0.931640625 0.5087890625 0.05859375 0.087890625
0 0.708984375 0.19384765625 0.044921875 0.0771484375
0 0.49169921875 0.47802734375 0.0478515625 0.0947265625
0 0.70166015625 0.42138671875 0.0595703125 0.0732421875
0 0.02783203125 0.0947265625 0.0439453125 0.0859375
0 0.16796875 0.4736328125 0.033203125 0.08984375
0 0.11376953125 0.32861328125 0.0693359375 0.0693359375
0 0.474609375 0.0693359375 0.083984375 0.099609375
0 0.544921875 0.44873046875 0.072265625 0.0556640625
0 0.17333984375 0.3544921875 0.0322265625 0.099609375
0 0.92431640625 0.1015625 0.0498046875 0.08984375
0 0.63427734375 0.56201171875 0.0400390625 0.0693359375
0 0.23388671875 0.2880859375 0.0361328125 0.0625
0 0.1484375 0.62158203125 0.0390625 0.0634765625
0 0.7578125 0.40283203125 0.041015625 0.0791015625
0 0.09228515625 0.14697265625 0.0517578125 0.0712890625
0 0.3203125 0.88330078125 0.068359375 0.0634765625
0 0.91943359375 0.26611328125 0.0673828125 0.0537109375
0 0.197265625 0.83203125 0.041015625 0.068359375
0 0.40087890625 0.60888671875 0.0576171875 0.0556640625
0 0.876953125 0.5595703125 0.05859375 0.072265625
0 0.47021484375 0.49169921875 0.0634765625 0.0595703125
0 0.85693359375 0.18994140625 0.0537109375 0.0654296875
0 0.474609375 0.4013671875 0.046875 0.0703125
0 0.06884765625 0.64013671875 0.0615234375 0.0439453125
0 0.92919921875 0.685546875 0.0576171875 0.03515625
0 0.6572265625 0.87353515625 0.05078125 0.0419921875
0 0.833984375 0.53759765625 0.07421875 0.0927734375
0 0.75634765625 0.19921875 0.0283203125 0.06640625
0 0.88037109375 0.29541015625 0.0439453125 0.1064453125
0 0.48193359375 0.72900390625 0.0537109375 0.0478515625
0 0.73876953125 0.0185546875 0.0498046875 0.037109375
0 0.9169921875 0.216796875 0.037109375 0.052734375
0 0.2890625 0.244140625 0.037109375 0.056640625
0 0.44482421875 0.248046875 0.0400390625 0.056640625
0 0.07568359375 0.72802734375 0.0458984375 0.0654296875
0 0.03955078125 0.94873046875 0.0419921875 0.0341796875
0 0.94580078125 0.09765625 0.0400390625 0.076171875
0 0.283203125 0.98046875 0.025390625 0.0390625
0 0.93896484375 0.849609375 0.0380859375 0.041015625
0 0.54248046875 0.744140625 0.0263671875 0.052734375
0 0.93603515625 0.47314453125 0.0302734375 0.0615234375
0 0.388671875 0.013671875 0.037109375 0.02734375
0 0.69384765625 0.490234375 0.0361328125 0.072265625
0 0.67578125 0.5380859375 0.03125 0.064453125
0 0.119140625 0.70263671875 0.037109375 0.0302734375
0 0.73876953125 0.9384765625 0.0693359375 0.0546875
0 0.837890625 0.828125 0.029296875 0.060546875
0 0.62158203125 0.26220703125 0.0283203125 0.0595703125
0 0.22509765625 0.962890625 0.0361328125 0.046875
0 0.08349609375 0.685546875 0.0419921875 0.025390625
0 0.5244140625 0.64013671875 0.025390625 0.0458984375
0 0.146484375 0.05029296875 0.046875 0.0556640625
0 0.95556640625 0.65869140625 0.0478515625 0.0576171875
0 0.29443359375 0.494140625 0.0732421875 0.103515625
0 0.29052734375 0.70068359375 0.1064453125 0.0400390625
0 0.44677734375 0.45263671875 0.0341796875 0.0361328125
0 0.40625 0.46142578125 0.06640625 0.1201171875
0 0.71630859375 0.66259765625 0.0693359375 0.0908203125
0 0.49951171875 0.20751953125 0.0654296875 0.0615234375
0 0.61865234375 0.1162109375 0.0576171875 0.0859375
0 0.53125 0.5830078125 0.05859375 0.083984375
0 0.11376953125 0.47216796875 0.0810546875 0.0751953125
0 0.169921875 0.5625 0.07421875 0.080078125
0 0.04443359375 0.1640625 0.0888671875 0.09765625
0 0.0947265625 0.08837890625 0.0390625 0.0947265625
0 0.41650390625 0.3330078125 0.0615234375 0.08203125
0 0.58349609375 0.33740234375 0.0498046875 0.1240234375
0 0.2802734375 0.3046875 0.041015625 0.103515625
0 0.931640625 0.5087890625 0.05859375 0.087890625
0 0.708984375 0.19384765625 0.044921875 0.0771484375
0 0.49169921875 0.47802734375 0.0478515625 0.0947265625
0 0.70166015625 0.42138671875 0.0595703125 0.0732421875
0 0.02783203125 0.0947265625 0.0439453125 0.0859375
0 0.16796875 0.4736328125 0.033203125 0.08984375
0 0.11376953125 0.32861328125 0.0693359375 0.0693359375
0 0.474609375 0.0693359375 0.083984375 0.099609375
0 0.544921875 0.44873046875 0.072265625 0.0556640625
0 0.17333984375 0.3544921875 0.0322265625 0.099609375
0 0.92431640625 0.1015625 0.0498046875 0.08984375
0 0.63427734375 0.56201171875 0.0400390625 0.0693359375
0 0.23388671875 0.2880859375 0.0361328125 0.0625
0 0.1484375 0.62158203125 0.0390625 0.0634765625
0 0.7578125 0.40283203125 0.041015625 0.0791015625
0 0.09228515625 0.14697265625 0.0517578125 0.0712890625
0 0.3203125 0.88330078125 0.068359375 0.0634765625
0 0.91943359375 0.26611328125 0.0673828125 0.0537109375
0 0.197265625 0.83203125 0.041015625 0.068359375
0 0.40087890625 0.60888671875 0.0576171875 0.0556640625
0 0.876953125 0.5595703125 0.05859375 0.072265625
0 0.47021484375 0.49169921875 0.0634765625 0.0595703125
0 0.85693359375 0.18994140625 0.0537109375 0.0654296875
0 0.474609375 0.4013671875 0.046875 0.0703125
0 0.06884765625 0.64013671875 0.0615234375 0.0439453125
0 0.92919921875 0.685546875 0.0576171875 0.03515625
0 0.6572265625 0.87353515625 0.05078125 0.0419921875
0 0.833984375 0.53759765625 0.07421875 0.0927734375
0 0.75634765625 0.19921875 0.0283203125 0.06640625
0 0.88037109375 0.29541015625 0.0439453125 0.1064453125
0 0.48193359375 0.72900390625 0.0537109375 0.0478515625
0 0.73876953125 0.0185546875 0.0498046875 0.037109375
0 0.9169921875 0.216796875 0.037109375 0.052734375
0 0.2890625 0.244140625 0.037109375 0.056640625
0 0.44482421875 0.248046875 0.0400390625 0.056640625
0 0.07568359375 0.72802734375 0.0458984375 0.0654296875
0 0.03955078125 0.94873046875 0.0419921875 0.0341796875
0 0.94580078125 0.09765625 0.0400390625 0.076171875
0 0.283203125 0.98046875 0.025390625 0.0390625
0 0.93896484375 0.849609375 0.0380859375 0.041015625
0 0.54248046875 0.744140625 0.0263671875 0.052734375
0 0.93603515625 0.47314453125 0.0302734375 0.0615234375
0 0.388671875 0.013671875 0.037109375 0.02734375
0 0.69384765625 0.490234375 0.0361328125 0.072265625
0 0.67578125 0.5380859375 0.03125 0.064453125
0 0.119140625 0.70263671875 0.037109375 0.0302734375
0 0.73876953125 0.9384765625 0.0693359375 0.0546875
0 0.837890625 0.828125 0.029296875 0.060546875
0 0.62158203125 0.26220703125 0.0283203125 0.0595703125
0 0.22509765625 0.962890625 0.0361328125 0.046875
0 0.08349609375 0.685546875 0.0419921875 0.025390625
0 0.5244140625 0.64013671875 0.025390625 0.0458984375
0 0.146484375 0.05029296875 0.046875 0.0556640625
0 0.95556640625 0.65869140625 0.0478515625 0.0576171875
0 0.29443359375 0.494140625 0.0732421875 0.103515625
0 0.29052734375 0.70068359375 0.1064453125 0.0400390625
0 0.44677734375 0.45263671875 0.0341796875 0.0361328125
0 0.40625 0.46142578125 0.06640625 0.1201171875
0 0.71630859375 0.66259765625 0.0693359375 0.0908203125
0 0.49951171875 0.20751953125 0.0654296875 0.0615234375
