0 0.86083984375 0.173828125 0.1064453125 0.072265625
0 0.888671875 0.13427734375 0.072265625 0.0849609375
0 0.59423828125 0.56640625 0.1142578125 0.064453125
0 0.224609375 0.53662109375 0.087890625 0.1123046875
0 0.34130859375 0.77734375 0.1103515625 0.046875
0 0.59765625 0.232421875 0.091796875 0.0625
0 0.48779296875 0.125 0.1201171875 0.080078125
0 0.748046875 0.23193359375 0.091796875 0.0576171875
0 0.70458984375 0.92626953125 0.1357421875 0.0419921875
0 0.16943359375 0.31201171875 0.1083984375 0.0361328125
0 0.1650390625 0.57861328125 0.130859375 0.0400390625
0 0.95703125 0.1484375 0.0859375 0.0625
0 0.3837890625 0.892578125 0.09375 0.037109375
0 0.40087890625 0.50732421875 0.1767578125 0.0634765625
0 0.69482421875 0.333984375 0.0927734375 0.037109375
0 0.3955078125 0.251953125 0.107421875 0.029296875
0 0.64111328125 0.173828125 0.0849609375 0.033203125
0 0.54052734375 0.1845703125 0.1123046875 0.033203125
0 0.43798828125 0.14208984375 0.1064453125 0.0634765625
0 0.59912109375 0.27685546875 0.1083984375 0.0263671875
0 0.95703125 0.25390625 0.0859375 0.087890625
0 0.04052734375 0.8369140625 0.0810546875 0.03515625
0 0.13037109375 0.87109375 0.0986328125 0.033203125
0 0.31640625 0.85400390625 0.068359375 0.0927734375
0 0.60498046875 0.33642578125 0.1123046875 0.0283203125
0 0.19189453125 0.03076171875 0.0869140625 0.0439453125
0 0.2294921875 0.27294921875 0.09765625 0.0244140625
0 0.26708984375 0.19873046875 0.0869140625 0.0361328125
0 0.1201171875 0.22314453125 0.076171875 0.0322265625
0 0.3125 0.59375 0.083984375 0.0625
0 0.4228515625 0.20361328125 0.10546875 0.0556640625
0 0.73388671875 0.857421875 0.1396484375 0.044921875
0 0.8310546875 0.27783203125 0.12890625 0.0341796875
0 0.400390625 0.96435546875 0.125 0.0400390625
0 0.0439453125 0.2255859375 0.087890625 0.041015625
0 0.57421875 0.64501953125 0.119140625 0.0361328125
0 0.3232421875 0.17041015625 0.11328125 0.0556640625
0 0.04248046875 0.2587890625 0.0849609375 0.0234375
0 0.94287109375 0.595703125 0.1142578125 0.05078125
0 0.57666015625 0.95458984375 0.1220703125 0.0283203125
0 0.708984375 0.16748046875 0.1953125 0.0830078125
0 0.37841796875 0.2978515625 0.1279296875 0.033203125
0 0.23828125 0.86279296875 0.103515625 0.0341796875
0 0.08203125 0.9189453125 0.1328125 0.02734375
0 0.3447265625 0.92822265625 0.15625 0.0283203125
0 0.9775390625 0.9794921875 0.044921875 0.01953125
0 0.8876953125 0.61865234375 0.080078125 0.0224609375
0 0.97314453125 0.87646484375 0.0537109375 0.0244140625
0 0.12109375 0.84423828125 0.087890625 0.0361328125
0 0.11474609375 0.63623046875 0.1064453125 0.0439453125
0 0.79052734375 0.6298828125 0.1318359375 0.04296875
0 0.95458984375 0.9443359375 0.0791015625 0.03515625
0 0.53125 0.923828125 0.125 0.033203125
0 0.0390625 0.560546875 0.076171875 0.017578125
0 0.3876953125 0.66796875 0.0625 0.01953125
0 0.1689453125 0.1962890625 0.12109375 0.025390625
0 0.27978515625 0.22705078125 0.1142578125 0.0400390625
0 0.15087890625 0.52099609375 0.1025390625 0.0458984375
0 0.466796875 0.60302734375 0.103515625 0.0302734375
0 0.3798828125 0.572265625 0.109375 0.060546875
0 0.982421875 0.66552734375 0.03515625 0.0205078125
0 0.37158203125 0.6103515625 0.0849609375 0.015625
0 0.6650390625 0.62841796875 0.0859375 0.0244140625
0 0.92138671875 0.6396484375 0.0830078125 0.029296875
0 0.765625 0.89208984375 0.08203125 0.0166015625
0 0.05810546875 0.49560546875 0.1123046875 0.0458984375
0 0.65283203125 0.990234375 0.0400390625 0.01953125
0 0.3046875 0.55322265625 0.052734375 0.0283203125
0 0.328125 0.96630859375 0.103515625 0.0302734375
0 0.24462890625 0.9912109375 0.1044921875 0.017578125
0 0.03955078125 0.89404296875 0.0791015625 0.0439453125
0 0.02099609375 0.8525390625 0.0419921875 0.03125
0 0.83447265625 0.556640625 0.2099609375 0.1015625
0 0.884765625 0.2998046875 0.107421875 0.083984375
0 0.24609375 0.16796875 0.068359375 0.0546875
0 0.86083984375 0.173828125 0.1064453125 0.072265625
0 0.888671875 0.13427734375 0.072265625 0.0849609375
0 0.59423828125 0.56640625 0.1142578125 0.064453125
0 0.224609375 0.53662109375 0.087890625 0.1123046875
0 0.34130859375 0.77734375 0.1103515625 0.046875
0 0.59765625 0.232421875 0.091796875 0.0625
0 0.48779296875 0.125 0.1201171875 0.080078125
0 0.748046875 0.23193359375 0.091796875 0.0576171875
0 0.70458984375 0.92626953125 0.1357421875 0.0419921875
0 0.16943359375 0.31201171875 0.1083984375 0.0361328125
0 0.1650390625 0.57861328125 0.130859375 0.0400390625
0 0.95703125 0.1484375 0.0859375 0.0625
0 0.3837890625 0.892578125 0.09375 0.037109375
0 0.40087890625 0.50732421875 0.1767578125 0.0634765625
0 0.69482421875 0.333984375 0.0927734375 0.037109375
0 0.3955078125 0.251953125 0.107421875 0.029296875
0 0.64111328125 0.173828125 0.0849609375 0.033203125
0 0.54052734375 0.1845703125 0.1123046875 0.033203125
0 0.43798828125 0.14208984375 0.1064453125 0.0634765625
0 0.59912109375 0.27685546875 0.1083984375 0.0263671875
0 0.95703125 0.25390625 0.0859375 0.087890625
0 0.04052734375 0.8369140625 0.0810546875 0.03515625
0 0.13037109375 0.87109375 0.0986328125 0.033203125
0 0.31640625 0.85400390625 0.068359375 0.0927734375
0 0.60498046875 0.33642578125 0.1123046875 0.0283203125
0 0.19189453125 0.03076171875 0.0869140625 0.0439453125
0 0.2294921875 0.27294921875 0.09765625 0.0244140625
0 0.26708984375 0.19873046875 0.0869140625 0.0361328125
0 0.1201171875 0.22314453125 0.076171875 0.0322265625
0 0.3125 0.59375 0.083984375 0.0625
0 0.4228515625 0.20361328125 0.10546875 0.0556640625
0 0.73388671875 0.857421875 0.1396484375 0.044921875
0 0.8310546875 0.27783203125 0.12890625 0.0341796875
0 0.400390625 0.96435546875 0.125 0.0400390625
0 0.0439453125 0.2255859375 0.087890625 0.041015625
0 0.57421875 0.64501953125 0.119140625 0.0361328125
0 0.3232421875 0.17041015625 0.11328125 0.0556640625
0 0.04248046875 0.2587890625 0.0849609375 0.0234375
0 0.94287109375 0.595703125 0.1142578125 0.05078125
0 0.57666015625 0.95458984375 0.1220703125 0.0283203125
0 0.708984375 0.16748046875 0.1953125 0.0830078125
0 0.37841796875 0.2978515625 0.1279296875 0.033203125
0 0.23828125 0.86279296875 0.103515625 0.0341796875
0 0.08203125 0.9189453125 0.1328125 0.02734375
0 0.3447265625 0.92822265625 0.15625 0.0283203125
0 0.9775390625 0.9794921875 0.044921875 0.01953125
0 0.8876953125 0.61865234375 0.080078125 0.0224609375
0 0.97314453125 0.87646484375 0.0537109375 0.0244140625
0 0.12109375 0.84423828125 0.087890625 0.0361328125
0 0.11474609375 0.63623046875 0.1064453125 0.0439453125
0 0.79052734375 0.6298828125 0.1318359375 0.04296875
0 0.95458984375 0.9443359375 0.0791015625 0.03515625
0 0.53125 0.923828125 0.125 0.033203125
0 0.0390625 0.560546875 0.076171875 0.017578125
0 0.3876953125 0.66796875 0.0625 0.01953125
0 0.1689453125 0.1962890625 0.12109375 0.025390625
0 0.27978515625 0.22705078125 0.1142578125 0.0400390625
0 0.15087890625 0.52099609375 0.1025390625 0.0458984375
0 0.466796875 0.60302734375 0.103515625 0.0302734375
0 0.3798828125 0.572265625 0.109375 0.060546875
0 0.982421875 0.66552734375 0.03515625 0.0205078125
0 0.37158203125 0.6103515625 0.0849609375 0.015625
0 0.6650390625 0.62841796875 0.0859375 0.0244140625
0 0.92138671875 0.6396484375 0.0830078125 0.029296875
0 0.765625 0.89208984375 0.08203125 0.0166015625
0 0.05810546875 0.49560546875 0.1123046875 0.0458984375
0 0.65283203125 0.990234375 0.0400390625 0.01953125
0 0.3046875 0.55322265625 0.052734375 0.0283203125
0 0.328125 0.96630859375 0.103515625 0.0302734375
0 0.24462890625 0.9912109375 0.1044921875 0.017578125
0 0.03955078125 0.89404296875 0.0791015625 0.0439453125
0 0.02099609375 0.8525390625 0.0419921875 0.03125
0 0.83447265625 0.556640625 0.2099609375 0.1015625
0 0.884765625 0.2998046875 0.107421875 0.083984375
0 0.24609375 0.16796875 0.068359375 0.0546875
0 0.86083984375 0.173828125 0.1064453125 0.072265625
0 0.888671875 0.13427734375 0.072265625 0.0849609375
0 0.59423828125 0.56640625 0.1142578125 0.064453125
0 0.224609375 0.53662109375 0.087890625 0.1123046875
0 0.34130859375 0.77734375 0.1103515625 0.046875
0 0.59765625 0.232421875 0.091796875 0.0625
0 0.48779296875 0.125 0.1201171875 0.080078125
0 0.748046875 0.23193359375 0.091796875 0.0576171875
0 0.70458984375 0.92626953125 0.1357421875 0.0419921875
0 0.16943359375 0.31201171875 0.1083984375 0.0361328125
0 0.1650390625 0.57861328125 0.130859375 0.0400390625
0 0.95703125 0.1484375 0.0859375 0.0625
0 0.3837890625 0.892578125 0.09375 0.037109375
0 0.40087890625 0.50732421875 0.1767578125 0.0634765625
0 0.69482421875 0.333984375 0.0927734375 0.037109375
0 0.3955078125 0.251953125 0.107421875 0.029296875
0 0.64111328125 0.173828125 0.0849609375 0.033203125
0 0.54052734375 0.1845703125 0.1123046875 0.033203125
0 0.43798828125 0.14208984375 0.1064453125 0.0634765625
0 0.59912109375 0.27685546875 0.1083984375 0.0263671875
0 0.95703125 0.25390625 0.0859375 0.087890625
0 0.04052734375 0.8369140625 0.0810546875 0.03515625
0 0.13037109375 0.87109375 0.0986328125 0.033203125
0 0.31640625 0.85400390625 0.068359375 0.0927734375
0 0.60498046875 0.33642578125 0.1123046875 0.0283203125
0 0.19189453125 0.03076171875 0.0869140625 0.0439453125
0 0.2294921875 0.27294921875 0.09765625 0.0244140625
0 0.26708984375 0.19873046875 0.0869140625 0.0361328125
0 0.1201171875 0.22314453125 0.076171875 0.0322265625
0 0.3125 0.59375 0.083984375 0.0625
0 0.4228515625 0.20361328125 0.10546875 0.0556640625
0 0.73388671875 0.857421875 0.1396484375 0.044921875
0 0.8310546875 0.27783203125 0.12890625 0.0341796875
0 0.400390625 0.96435546875 0.125 0.0400390625
0 0.0439453125 0.2255859375 0.087890625 0.041015625
0 0.57421875 0.64501953125 0.119140625 0.0361328125
0 0.3232421875 0.17041015625 0.11328125 0.0556640625
0 0.04248046875 0.2587890625 0.0849609375 0.0234375
0 0.94287109375 0.595703125 0.1142578125 0.05078125
0 0.57666015625 0.95458984375 0.1220703125 0.0283203125
0 0.708984375 0.16748046875 0.1953125 0.0830078125
0 0.37841796875 0.2978515625 0.1279296875 0.033203125
0 0.23828125 0.86279296875 0.103515625 0.0341796875
0 0.08203125 0.9189453125 0.1328125 0.02734375
0 0.3447265625 0.92822265625 0.15625 0.0283203125
0 0.9775390625 0.9794921875 0.044921875 0.01953125
0 0.8876953125 0.61865234375 0.080078125 0.0224609375
0 0.97314453125 0.87646484375 0.0537109375 0.0244140625
0 0.12109375 0.84423828125 0.087890625 0.0361328125
0 0.11474609375 0.63623046875 0.1064453125 0.0439453125
0 0.79052734375 0.6298828125 0.1318359375 0.04296875
0 0.95458984375 0.9443359375 0.0791015625 0.03515625
0 0.53125 0.923828125 0.125 0.033203125
0 0.0390625 0.560546875 0.076171875 0.017578125
0 0.3876953125 0.66796875 0.0625 0.01953125
0 0.1689453125 0.1962890625 0.12109375 0.025390625
0 0.27978515625 0.22705078125 0.1142578125 0.0400390625
0 0.15087890625 0.52099609375 0.1025390625 0.0458984375
0 0.466796875 0.60302734375 0.103515625 0.0302734375
0 0.3798828125 0.572265625 0.109375 0.060546875
0 0.982421875 0.66552734375 0.03515625 0.0205078125
0 0.37158203125 0.6103515625 0.0849609375 0.015625
0 0.6650390625 0.62841796875 0.0859375 0.0244140625
0 0.92138671875 0.6396484375 0.0830078125 0.029296875
0 0.765625 0.89208984375 0.08203125 0.0166015625
0 0.05810546875 0.49560546875 0.1123046875 0.0458984375
0 0.65283203125 0.990234375 0.0400390625 0.01953125
0 0.3046875 0.55322265625 0.052734375 0.0283203125
0 0.328125 0.96630859375 0.103515625 0.0302734375
0 0.24462890625 0.9912109375 0.1044921875 0.017578125
0 0.03955078125 0.89404296875 0.0791015625 0.0439453125
0 0.02099609375 0.8525390625 0.0419921875 0.03125
0 0.83447265625 0.556640625 0.2099609375 0.1015625
0 0.884765625 0.2998046875 0.107421875 0.083984375
0 0.24609375 0.16796875 0.068359375 0.0546875
