0 0.49658203125 0.810546875 0.0986328125 0.0703125
0 0.63916015625 0.21630859375 0.0615234375 0.0712890625
0 0.79443359375 0.19921875 0.0771484375 0.083984375
0 0.9599609375 0.580078125 0.080078125 0.052734375
0 0.26220703125 0.52294921875 0.0712890625 0.0810546875
0 0.166015625 0.23828125 0.0859375 0.05078125
0 0.47802734375 0.583984375 0.1552734375 0.048828125
0 0.466796875 0.10205078125 0.076171875 0.0849609375
0 0.2119140625 0.1181640625 0.080078125 0.06640625
0 0.5107421875 0.2138671875 0.099609375 0.06640625
0 0.12158203125 0.44091796875 0.1220703125 0.0751953125
0 0.95361328125 0.85888671875 0.0791015625 0.0439453125
0 0.72412109375 0.3671875 0.0634765625 0.037109375
0 0.20166015625 0.51171875 0.0888671875 0.064453125
0 0.033203125 0.11767578125 0.06640625 0.0576171875
0 0.92822265625 0.66650390625 0.0927734375 0.0400390625
0 0.43115234375 0.5283203125 0.0908203125 0.0625
0 0.234375 0.56982421875 0.09375 0.0634765625
0 0.1953125 0.38720703125 0.103515625 0.0869140625
0 0.8701171875 0.103515625 0.095703125 0.04296875
0 0.427734375 0.34375 0.095703125 0.03515625
0 0.05908203125 0.0224609375 0.1103515625 0.037109375
0 0.28955078125 0.27099609375 0.0732421875 0.0595703125
0 0.56640625 0.27392578125 0.07421875 0.0556640625
0 0.044921875 0.650390625 0.087890625 0.0546875
0 0.72021484375 0.6416015625 0.1298828125 0.072265625
0 0.8037109375 0.53662109375 0.05859375 0.0439453125
0 0.60107421875 0.04736328125 0.0947265625 0.0322265625
0 0.60693359375 0.85595703125 0.0947265625 0.0283203125
0 0.8046875 0.64794921875 0.04296875 0.0732421875
0 0.64990234375 0.7880859375 0.0732421875 0.046875
0 0.6201171875 0.5927734375 0.0859375 0.03125
0 0.4677734375 0.31689453125 0.083984375 0.0380859375
0 0.9609375 0.3154296875 0.056640625 0.029296875
0 0.10107421875 0.7099609375 0.0830078125 0.037109375
0 0.64990234375 0.13525390625 0.0849609375 0.0263671875
0 0.60595703125 0.01220703125 0.0556640625 0.0244140625
0 0.10986328125 0.60791015625 0.1591796875 0.0302734375
0 0.8642578125 0.76416015625 0.10546875 0.0380859375
0 0.9833984375 0.4111328125 0.033203125 0.03515625
0 0.38623046875 0.015625 0.0537109375 0.03125
0 0.64501953125 0.71435546875 0.1123046875 0.0341796875
0 0.38037109375 0.94775390625 0.1083984375 0.0439453125
0 0.64990234375 0.58203125 0.0556640625 0.056640625
0 0.880859375 0.00927734375 0.052734375 0.0185546875
0 0.26708984375 0.73193359375 0.0908203125 0.0341796875
0 0.353515625 0.41796875 0.07421875 0.037109375
0 0.9609375 0.7021484375 0.06640625 0.037109375
0 0.55712890625 0.98046875 0.0693359375 0.02734375
0 0.26220703125 0.87255859375 0.1201171875 0.0380859375
0 0.05224609375 0.86376953125 0.0947265625 0.0478515625
0 0.80419921875 0.990234375 0.0673828125 0.015625
0 0.22509765625 0.81982421875 0.1064453125 0.0361328125
0 0.4580078125 0.01171875 0.05859375 0.0234375
0 0.1904296875 0.07177734375 0.1171875 0.0380859375
0 0.9716796875 0.9765625 0.056640625 0.041015625
0 0.91650390625 0.78466796875 0.0791015625 0.0458984375
0 0.96337890625 0.3603515625 0.0732421875 0.03515625
0 0.9921875 0.83935546875 0.015625 0.0166015625
0 0.3740234375 0.90576171875 0.087890625 0.0283203125
0 0.87060546875 0.96240234375 0.0791015625 0.0361328125
0 0.181640625 0.31494140625 0.1484375 0.0439453125
0 0.0380859375 0.58154296875 0.072265625 0.0361328125
0 0.01953125 0.36962890625 0.0390625 0.0419921875
0 0.4296875 0.705078125 0.076171875 0.013671875
0 0.0859375 0.63427734375 0.125 0.0341796875
0 0.7998046875 0.548828125 0.0625 0.048828125
0 0.9873046875 0.111328125 0.025390625 0.015625
0 0.17236328125 0.55078125 0.0654296875 0.0625
0 0.48486328125 0.2841796875 0.1064453125 0.025390625
0 0.185546875 0.529296875 0.091796875 0.033203125
0 0.7939453125 0.0712890625 0.05859375 0.025390625
0 0.7412109375 0.04248046875 0.046875 0.0224609375
0 0.48486328125 0.25830078125 0.0595703125 0.0185546875
0 0.1318359375 0.7421875 0.0546875 0.02734375
0 0.36572265625 0.7529296875 0.1650390625 0.056640625
0 0.6494140625 0.80078125 0.076171875 0.044921875
0 0.529296875 0.09423828125 0.05859375 0.0400390625
0 0.056640625 0.42724609375 0.06640625 0.0400390625
0 0.26318359375 0.044921875 0.1025390625 0.029296875
0 0.44482421875 0.52099609375 0.0615234375 0.0537109375
0 0.10888671875 0.3291015625 0.0849609375 0.029296875
0 0.8046875 0.40283203125 0.03515625 0.0439453125
0 0.24609375 0.67138671875 0.0859375 0.0283203125
0 0.55029296875 0.3134765625 0.0712890625 0.01953125
0 0.34765625 0.06005859375 0.126953125 0.0419921875
0 0.01953125 0.95458984375 0.0390625 0.0185546875
0 0.11328125 0.9033203125 0.1640625 0.044921875
0 0.2509765625 0.24462890625 0.140625 0.0927734375
0 0.046875 0.0673828125 0.09375 0.02734375
0 0.3359375 0.7861328125 0.076171875 0.025390625
0 0.94091796875 0.625 0.0751953125 0.048828125
0 0.49658203125 0.810546875 0.0986328125 0.0703125
0 0.63916015625 0.21630859375 0.0615234375 0.0712890625
0 0.79443359375 0.19921875 0.0771484375 0.083984375
0 0.9599609375 0.580078125 0.080078125 0.052734375
0 0.26220703125 0.52294921875 0.0712890625 0.0810546875
0 0.166015625 0.23828125 0.0859375 0.05078125
0 0.47802734375 0.583984375 0.1552734375 0.048828125
0 0.466796875 0.10205078125 0.076171875 0.0849609375
0 0.2119140625 0.1181640625 0.080078125 0.06640625
0 0.5107421875 0.2138671875 0.099609375 0.06640625
0 0.12158203125 0.44091796875 0.1220703125 0.0751953125
0 0.95361328125 0.85888671875 0.0791015625 0.0439453125
0 0.72412109375 0.3671875 0.0634765625 0.037109375
0 0.20166015625 0.51171875 0.0888671875 0.064453125
0 0.033203125 0.11767578125 0.06640625 0.0576171875
0 0.92822265625 0.66650390625 0.0927734375 0.0400390625
0 0.43115234375 0.5283203125 0.0908203125 0.0625
0 0.234375 0.56982421875 0.09375 0.0634765625
0 0.1953125 0.38720703125 0.103515625 0.0869140625
0 0.8701171875 0.103515625 0.095703125 0.04296875
0 0.427734375 0.34375 0.095703125 0.03515625
0 0.05908203125 0.0224609375 0.1103515625 0.037109375
0 0.28955078125 0.27099609375 0.0732421875 0.0595703125
0 0.56640625 0.27392578125 0.07421875 0.0556640625
0 0.044921875 0.650390625 0.087890625 0.0546875
0 0.72021484375 0.6416015625 0.1298828125 0.072265625
0 0.8037109375 0.53662109375 0.05859375 0.0439453125
0 0.60107421875 0.04736328125 0.0947265625 0.0322265625
0 0.60693359375 0.85595703125 0.0947265625 0.0283203125
0 0.8046875 0.64794921875 0.04296875 0.0732421875
0 0.64990234375 0.7880859375 0.0732421875 0.046875
0 0.6201171875 0.5927734375 0.0859375 0.03125
0 0.4677734375 0.31689453125 0.083984375 0.0380859375
0 0.9609375 0.3154296875 0.056640625 0.029296875
0 0.10107421875 0.7099609375 0.0830078125 0.037109375
0 0.64990234375 0.13525390625 0.0849609375 0.0263671875
0 0.60595703125 0.01220703125 0.0556640625 0.0244140625
0 0.10986328125 0.60791015625 0.1591796875 0.0302734375
0 0.8642578125 0.76416015625 0.10546875 0.0380859375
0 0.9833984375 0.4111328125 0.033203125 0.03515625
0 0.38623046875 0.015625 0.0537109375 0.03125
0 0.64501953125 0.71435546875 0.1123046875 0.0341796875
0 0.38037109375 0.94775390625 0.1083984375 0.0439453125
0 0.64990234375 0.58203125 0.0556640625 0.056640625
0 0.880859375 0.00927734375 0.052734375 0.0185546875
0 0.26708984375 0.73193359375 0.0908203125 0.0341796875
0 0.353515625 0.41796875 0.07421875 0.037109375
0 0.9609375 0.7021484375 0.06640625 0.037109375
0 0.55712890625 0.98046875 0.0693359375 0.02734375
0 0.26220703125 0.87255859375 0.1201171875 0.0380859375
0 0.05224609375 0.86376953125 0.0947265625 0.0478515625
0 0.80419921875 0.990234375 0.0673828125 0.015625
0 0.22509765625 0.81982421875 0.1064453125 0.0361328125
0 0.4580078125 0.01171875 0.05859375 0.0234375
0 0.1904296875 0.07177734375 0.1171875 0.0380859375
0 0.9716796875 0.9765625 0.056640625 0.041015625
0 0.91650390625 0.78466796875 0.0791015625 0.0458984375
0 0.96337890625 0.3603515625 0.0732421875 0.03515625
0 0.9921875 0.83935546875 0.015625 0.0166015625
0 0.3740234375 0.90576171875 0.087890625 0.0283203125
0 0.87060546875 0.96240234375 0.0791015625 0.0361328125
0 0.181640625 0.31494140625 0.1484375 0.0439453125
0 0.0380859375 0.58154296875 0.072265625 0.0361328125
0 0.01953125 0.36962890625 0.0390625 0.0419921875
0 0.4296875 0.705078125 0.076171875 0.013671875
0 0.0859375 0.63427734375 0.125 0.0341796875
0 0.7998046875 0.548828125 0.0625 0.048828125
0 0.9873046875 0.111328125 0.025390625 0.015625
0 0.17236328125 0.55078125 0.0654296875 0.0625
0 0.48486328125 0.2841796875 0.1064453125 0.025390625
0 0.185546875 0.529296875 0.091796875 0.033203125
0 0.7939453125 0.0712890625 0.05859375 0.025390625
0 0.7412109375 0.04248046875 0.046875 0.0224609375
0 0.48486328125 0.25830078125 0.0595703125 0.0185546875
0 0.1318359375 0.7421875 0.0546875 0.02734375
0 0.36572265625 0.7529296875 0.1650390625 0.056640625
0 0.6494140625 0.80078125 0.076171875 0.044921875
0 0.529296875 0.09423828125 0.05859375 0.0400390625
0 0.056640625 0.42724609375 0.06640625 0.0400390625
0 0.26318359375 0.044921875 0.1025390625 0.029296875
0 0.44482421875 0.52099609375 0.0615234375 0.0537109375
0 0.10888671875 0.3291015625 0.0849609375 0.029296875
0 0.8046875 0.40283203125 0.03515625 0.0439453125
0 0.24609375 0.67138671875 0.0859375 0.0283203125
0 0.55029296875 0.3134765625 0.0712890625 0.01953125
0 0.34765625 0.06005859375 0.126953125 0.0419921875
0 0.01953125 0.95458984375 0.0390625 0.0185546875
0 0.11328125 0.9033203125 0.1640625 0.044921875
0 0.2509765625 0.24462890625 0.140625 0.0927734375
0 0.046875 0.0673828125 0.09375 0.02734375
0 0.3359375 0.7861328125 0.076171875 0.025390625
0 0.94091796875 0.625 0.0751953125 0.048828125
0 0.49658203125 0.810546875 0.0986328125 0.0703125
0 0.63916015625 0.21630859375 0.0615234375 0.0712890625
0 0.79443359375 0.19921875 0.0771484375 0.083984375
0 0.9599609375 0.580078125 0.080078125 0.052734375
0 0.26220703125 0.52294921875 0.0712890625 0.0810546875
0 0.166015625 0.23828125 0.0859375 0.05078125
0 0.47802734375 0.583984375 0.1552734375 0.048828125
0 0.466796875 0.10205078125 0.076171875 0.0849609375
0 0.2119140625 0.1181640625 0.080078125 0.06640625
0 0.5107421875 0.2138671875 0.099609375 0.06640625
0 0.12158203125 0.44091796875 0.1220703125 0.0751953125
0 0.95361328125 0.85888671875 0.0791015625 0.0439453125
0 0.72412109375 0.3671875 0.0634765625 0.037109375
0 0.20166015625 0.51171875 0.0888671875 0.064453125
0 0.033203125 0.11767578125 0.06640625 0.0576171875
0 0.92822265625 0.66650390625 0.0927734375 0.0400390625
0 0.43115234375 0.5283203125 0.0908203125 0.0625
0 0.234375 0.56982421875 0.09375 0.0634765625
0 0.1953125 0.38720703125 0.103515625 0.0869140625
0 0.8701171875 0.103515625 0.095703125 0.04296875
0 0.427734375 0.34375 0.095703125 0.03515625
0 0.05908203125 0.0224609375 0.1103515625 0.037109375
0 0.28955078125 0.27099609375 0.0732421875 0.0595703125
0 0.56640625 0.27392578125 0.07421875 0.0556640625
0 0.044921875 0.650390625 0.087890625 0.0546875
0 0.72021484375 0.6416015625 0.1298828125 0.072265625
0 0.8037109375 0.53662109375 0.05859375 0.0439453125
0 0.60107421875 0.04736328125 0.0947265625 0.0322265625
0 0.60693359375 0.85595703125 0.0947265625 0.0283203125
0 0.8046875 0.64794921875 0.04296875 0.0732421875
0 0.64990234375 0.7880859375 0.0732421875 0.046875
0 0.6201171875 0.5927734375 0.0859375 0.03125
0 0.4677734375 0.31689453125 0.083984375 0.0380859375
0 0.9609375 0.3154296875 0.056640625 0.029296875
0 0.10107421875 0.7099609375 0.0830078125 0.037109375
0 0.64990234375 0.13525390625 0.0849609375 0.0263671875
0 0.60595703125 0.01220703125 0.0556640625 0.0244140625
0 0.10986328125 0.60791015625 0.1591796875 0.0302734375
0 0.8642578125 0.76416015625 0.10546875 0.0380859375
0 0.9833984375 0.4111328125 0.033203125 0.03515625
0 0.38623046875 0.015625 0.0537109375 0.03125
0 0.64501953125 0.71435546875 0.1123046875 0.0341796875
0 0.38037109375 0.94775390625 0.1083984375 0.0439453125
0 0.64990234375 0.58203125 0.0556640625 0.056640625
0 0.880859375 0.00927734375 0.052734375 0.0185546875
0 0.26708984375 0.73193359375 0.0908203125 0.0341796875
0 0.353515625 0.41796875 0.07421875 0.037109375
0 0.9609375 0.7021484375 0.06640625 0.037109375
0 0.55712890625 0.98046875 0.0693359375 0.02734375
0 0.26220703125 0.87255859375 0.1201171875 0.0380859375
0 0.05224609375 0.86376953125 0.0947265625 0.0478515625
0 0.80419921875 0.990234375 0.0673828125 0.015625
0 0.22509765625 0.81982421875 0.1064453125 0.0361328125
0 0.4580078125 0.01171875 0.05859375 0.0234375
0 0.1904296875 0.07177734375 0.1171875 0.0380859375
0 0.9716796875 0.9765625 0.056640625 0.041015625
0 0.91650390625 0.78466796875 0.0791015625 0.0458984375
0 0.96337890625 0.3603515625 0.0732421875 0.03515625
0 0.9921875 0.83935546875 0.015625 0.0166015625
0 0.3740234375 0.90576171875 0.087890625 0.0283203125
0 0.87060546875 0.96240234375 0.0791015625 0.0361328125
0 0.181640625 0.31494140625 0.1484375 0.0439453125
0 0.0380859375 0.58154296875 0.072265625 0.0361328125
0 0.01953125 0.36962890625 0.0390625 0.0419921875
0 0.4296875 0.705078125 0.076171875 0.013671875
0 0.0859375 0.63427734375 0.125 0.0341796875
0 0.7998046875 0.548828125 0.0625 0.048828125
0 0.9873046875 0.111328125 0.025390625 0.015625
0 0.17236328125 0.55078125 0.0654296875 0.0625
0 0.48486328125 0.2841796875 0.1064453125 0.025390625
0 0.185546875 0.529296875 0.091796875 0.033203125
0 0.7939453125 0.0712890625 0.05859375 0.025390625
0 0.7412109375 0.04248046875 0.046875 0.0224609375
0 0.48486328125 0.25830078125 0.0595703125 0.0185546875
0 0.1318359375 0.7421875 0.0546875 0.02734375
0 0.36572265625 0.7529296875 0.1650390625 0.056640625
0 0.6494140625 0.80078125 0.076171875 0.044921875
0 0.529296875 0.09423828125 0.05859375 0.0400390625
0 0.056640625 0.42724609375 0.06640625 0.0400390625
0 0.26318359375 0.044921875 0.1025390625 0.029296875
0 0.44482421875 0.52099609375 0.0615234375 0.0537109375
0 0.10888671875 0.3291015625 0.0849609375 0.029296875
0 0.8046875 0.40283203125 0.03515625 0.0439453125
0 0.24609375 0.67138671875 0.0859375 0.0283203125
0 0.55029296875 0.3134765625 0.0712890625 0.01953125
0 0.34765625 0.06005859375 0.126953125 0.0419921875
0 0.01953125 0.95458984375 0.0390625 0.0185546875
0 0.11328125 0.9033203125 0.1640625 0.044921875
0 0.2509765625 0.24462890625 0.140625 0.0927734375
0 0.046875 0.0673828125 0.09375 0.02734375
0 0.3359375 0.7861328125 0.076171875 0.025390625
0 0.94091796875 0.625 0.0751953125 0.048828125
