0 0.04345703125 0.27783203125 0.0712890625 0.0869140625
0 0.2177734375 0.056640625 0.087890625 0.109375
0 0.345703125 0.39794921875 0.09765625 0.0693359375
0 0.78955078125 0.31640625 0.0947265625 0.08984375
0 0.9140625 0.1865234375 0.08203125 0.072265625
0 0.76220703125 0.046875 0.0419921875 0.09375
0 0.24365234375 0.30908203125 0.0830078125 0.0654296875
0 0.95751953125 0.4697265625 0.0849609375 0.083984375
0 0.55029296875 0.27490234375 0.0634765625 0.0673828125
0 0.09228515625 0.6318359375 0.1005859375 0.05078125
0 0.13037109375 0.69482421875 0.1083984375 0.0634765625
0 0.84912109375 0.59912109375 0.0732421875 0.0576171875
0 0.046875 0.740234375 0.076171875 0.056640625
0 0.44384765625 0.1328125 0.0869140625 0.052734375
0 0.96728515625 0.1064453125 0.0654296875 0.06640625
0 0.85400390625 0.93310546875 0.0751953125 0.0908203125
0 0.46142578125 0.5634765625 0.1123046875 0.0625
0 0.78173828125 0.880859375 0.0986328125 0.0390625
0 0.1494140625 0.35986328125 0.08984375 0.0400390625
0 0.5673828125 0.3525390625 0.087890625 0.046875
0 0.68701171875 0.623046875 0.0712890625 0.046875
0 0.9912109375 0.3369140625 0.017578125 0.072265625
0 0.4296875 0.7607421875 0.08984375 0.04296875
0 0.689453125 0.6767578125 0.08203125 0.029296875
0 0.69091796875 0.4208984375 0.0810546875 0.0859375
0 0.24462890625 0.65380859375 0.0986328125 0.0361328125
0 0.55615234375 0.6982421875 0.1103515625 0.05078125
0 0.9765625 0.72802734375 0.046875 0.0576171875
0 0.52294921875 0.95361328125 0.0673828125 0.0498046875
0 0.90625 0.7080078125 0.05859375 0.0546875
0 0.724609375 0.47314453125 0.10546875 0.0458984375
0 0.662109375 0.060546875 0.111328125 0.076171875
0 0.8408203125 0.650390625 0.064453125 0.029296875
0 0.048828125 0.6435546875 0.09765625 0.072265625
0 0.5751953125 0.61474609375 0.068359375 0.0615234375
0 0.41552734375 0.2646484375 0.1064453125 0.095703125
0 0.36083984375 0.03564453125 0.1787109375 0.0615234375
0 0.69775390625 0.130859375 0.0693359375 0.044921875
0 0.8271484375 0.7529296875 0.0703125 0.04296875
0 0.69970703125 0.97021484375 0.0654296875 0.0322265625
0 0.2734375 0.63037109375 0.068359375 0.0556640625
0 0.74169921875 0.4140625 0.0732421875 0.0625
0 0.552734375 0.37158203125 0.07421875 0.0419921875
0 0.7822265625 0.7197265625 0.095703125 0.03515625
0 0.20361328125 0.6103515625 0.0634765625 0.05859375
0 0.32666015625 0.98779296875 0.0791015625 0.0244140625
0 0.9560546875 0.3154296875 0.0703125 0.060546875
0 0.880859375 0.2744140625 0.1015625 0.083984375
0 0.578125 0.16162109375 0.048828125 0.0283203125
0 0.97021484375 0.767578125 0.0595703125 0.0234375
0 0.25830078125 0.36328125 0.0966796875 0.08984375
0 0.5400390625 0.9892578125 0.056640625 0.017578125
0 0.02392578125 0.447265625 0.0478515625 0.033203125
0 0.59423828125 0.77783203125 0.0908203125 0.0361328125
0 0.609375 0.8076171875 0.10546875 0.033203125
0 0.39453125 0.7939453125 0.11328125 0.041015625
0 0.97021484375 0.44873046875 0.0595703125 0.0380859375
0 0.640625 0.5400390625 0.080078125 0.04296875
0 0.90087890625 0.916015625 0.0888671875 0.033203125
0 0.91064453125 0.98486328125 0.1083984375 0.0302734375
0 0.46630859375 0.68310546875 0.1279296875 0.0791015625
0 0.8046875 0.67041015625 0.06640625 0.0322265625
0 0.45654296875 0.34765625 0.0654296875 0.05859375
0 0.46484375 0.009765625 0.05078125 0.01953125
0 0.65869140625 0.4541015625 0.0556640625 0.04296875
0 0.54248046875 0.8330078125 0.0517578125 0.0234375
0 0.01904296875 0.7822265625 0.0380859375 0.02734375
0 0.5341796875 0.794921875 0.078125 0.06640625
0 0.26513671875 0.74560546875 0.1279296875 0.0537109375
0 0.7734375 0.43310546875 0.09765625 0.0517578125
0 0.04345703125 0.27783203125 0.0712890625 0.0869140625
0 0.2177734375 0.056640625 0.087890625 0.109375
0 0.345703125 0.39794921875 0.09765625 0.0693359375
0 0.78955078125 0.31640625 0.0947265625 0.08984375
0 0.9140625 0.1865234375 0.08203125 0.072265625
0 0.76220703125 0.046875 0.0419921875 0.09375
0 0.24365234375 0.30908203125 0.0830078125 0.0654296875
0 0.95751953125 0.4697265625 0.0849609375 0.083984375
0 0.55029296875 0.27490234375 0.0634765625 0.0673828125
0 0.09228515625 0.6318359375 0.1005859375 0.05078125
0 0.13037109375 0.69482421875 0.1083984375 0.0634765625
0 0.84912109375 0.59912109375 0.0732421875 0.0576171875
0 0.046875 0.740234375 0.076171875 0.056640625
0 0.44384765625 0.1328125 0.0869140625 0.052734375
0 0.96728515625 0.1064453125 0.0654296875 0.06640625
0 0.85400390625 0.93310546875 0.0751953125 0.0908203125
0 0.46142578125 0.5634765625 0.1123046875 0.0625
0 0.78173828125 0.880859375 0.0986328125 0.0390625
0 0.1494140625 0.35986328125 0.08984375 0.0400390625
0 0.5673828125 0.3525390625 0.087890625 0.046875
0 0.68701171875 0.623046875 0.0712890625 0.046875
0 0.9912109375 0.3369140625 0.017578125 0.072265625
0 0.4296875 0.7607421875 0.08984375 0.04296875
0 0.689453125 0.6767578125 0.08203125 0.029296875
0 0.69091796875 0.4208984375 0.0810546875 0.0859375
0 0.24462890625 0.65380859375 0.0986328125 0.0361328125
0 0.55615234375 0.6982421875 0.1103515625 0.05078125
0 0.9765625 0.72802734375 0.046875 0.0576171875
0 0.52294921875 0.95361328125 0.0673828125 0.0498046875
0 0.90625 0.7080078125 0.05859375 0.0546875
0 0.724609375 0.47314453125 0.10546875 0.0458984375
0 0.662109375 0.060546875 0.111328125 0.076171875
0 0.8408203125 0.650390625 0.064453125 0.029296875
0 0.048828125 0.6435546875 0.09765625 0.072265625
0 0.5751953125 0.61474609375 0.068359375 0.0615234375
0 0.41552734375 0.2646484375 0.1064453125 0.095703125
0 0.36083984375 0.03564453125 0.1787109375 0.0615234375
0 0.69775390625 0.130859375 0.0693359375 0.044921875
0 0.8271484375 0.7529296875 0.0703125 0.04296875
0 0.69970703125 0.97021484375 0.0654296875 0.0322265625
0 0.2734375 0.63037109375 0.068359375 0.0556640625
0 0.74169921875 0.4140625 0.0732421875 0.0625
0 0.552734375 0.37158203125 0.07421875 0.0419921875
0 0.7822265625 0.7197265625 0.095703125 0.03515625
0 0.20361328125 0.6103515625 0.0634765625 0.05859375
0 0.32666015625 0.98779296875 0.0791015625 0.0244140625
0 0.9560546875 0.3154296875 0.0703125 0.060546875
0 0.880859375 0.2744140625 0.1015625 0.083984375
0 0.578125 0.16162109375 0.048828125 0.0283203125
0 0.97021484375 0.767578125 0.0595703125 0.0234375
0 0.25830078125 0.36328125 0.0966796875 0.08984375
0 0.5400390625 0.9892578125 0.056640625 0.017578125
0 0.02392578125 0.447265625 0.0478515625 0.033203125
0 0.59423828125 0.77783203125 0.0908203125 0.0361328125
0 0.609375 0.8076171875 0.10546875 0.033203125
0 0.39453125 0.7939453125 0.11328125 0.041015625
0 0.97021484375 0.44873046875 0.0595703125 0.0380859375
0 0.640625 0.5400390625 0.080078125 0.04296875
0 0.90087890625 0.916015625 0.0888671875 0.033203125
0 0.91064453125 0.98486328125 0.1083984375 0.0302734375
0 0.46630859375 0.68310546875 0.1279296875 0.0791015625
0 0.8046875 0.67041015625 0.06640625 0.0322265625
0 0.45654296875 0.34765625 0.0654296875 0.05859375
0 0.46484375 0.009765625 0.05078125 0.01953125
0 0.65869140625 0.4541015625 0.0556640625 0.04296875
0 0.54248046875 0.8330078125 0.0517578125 0.0234375
0 0.01904296875 0.7822265625 0.0380859375 0.02734375
0 0.5341796875 0.794921875 0.078125 0.06640625
0 0.26513671875 0.74560546875 0.1279296875 0.0537109375
0 0.7734375 0.43310546875 0.09765625 0.0517578125
0 0.04345703125 0.27783203125 0.0712890625 0.0869140625
0 0.2177734375 0.056640625 0.087890625 0.109375
0 0.345703125 0.39794921875 0.09765625 0.0693359375
0 0.78955078125 0.31640625 0.0947265625 0.08984375
0 0.9140625 0.1865234375 0.08203125 0.072265625
0 0.76220703125 0.046875 0.0419921875 0.09375
0 0.24365234375 0.30908203125 0.0830078125 0.0654296875
0 0.95751953125 0.4697265625 0.0849609375 0.083984375
0 0.55029296875 0.27490234375 0.0634765625 0.0673828125
0 0.09228515625 0.6318359375 0.1005859375 0.05078125
0 0.13037109375 0.69482421875 0.1083984375 0.0634765625
0 0.84912109375 0.59912109375 0.0732421875 0.0576171875
0 0.046875 0.740234375 0.076171875 0.056640625
0 0.44384765625 0.1328125 0.0869140625 0.052734375
0 0.96728515625 0.1064453125 0.0654296875 0.06640625
0 0.85400390625 0.93310546875 0.0751953125 0.0908203125
0 0.46142578125 0.5634765625 0.1123046875 0.0625
0 0.78173828125 0.880859375 0.0986328125 0.0390625
0 0.1494140625 0.35986328125 0.08984375 0.0400390625
0 0.5673828125 0.3525390625 0.087890625 0.046875
0 0.68701171875 0.623046875 0.0712890625 0.046875
0 0.9912109375 0.3369140625 0.017578125 0.072265625
0 0.4296875 0.7607421875 0.08984375 0.04296875
0 0.689453125 0.6767578125 0.08203125 0.029296875
0 0.69091796875 0.4208984375 0.0810546875 0.0859375
0 0.24462890625 0.65380859375 0.0986328125 0.0361328125
0 0.55615234375 0.6982421875 0.1103515625 0.05078125
0 0.9765625 0.72802734375 0.046875 0.0576171875
0 0.52294921875 0.95361328125 0.0673828125 0.0498046875
0 0.90625 0.7080078125 0.05859375 0.0546875
0 0.724609375 0.47314453125 0.10546875 0.0458984375
0 0.662109375 0.060546875 0.111328125 0.076171875
0 0.8408203125 0.650390625 0.064453125 0.029296875
0 0.048828125 0.6435546875 0.09765625 0.072265625
0 0.5751953125 0.61474609375 0.068359375 0.0615234375
0 0.41552734375 0.2646484375 0.1064453125 0.095703125
0 0.36083984375 0.03564453125 0.1787109375 0.0615234375
0 0.69775390625 0.130859375 0.0693359375 0.044921875
0 0.8271484375 0.7529296875 0.0703125 0.04296875
0 0.69970703125 0.97021484375 0.0654296875 0.0322265625
0 0.2734375 0.63037109375 0.068359375 0.0556640625
0 0.74169921875 0.4140625 0.0732421875 0.0625
0 0.552734375 0.37158203125 0.07421875 0.0419921875
0 0.7822265625 0.7197265625 0.095703125 0.03515625
0 0.20361328125 0.6103515625 0.0634765625 0.05859375
0 0.32666015625 0.98779296875 0.0791015625 0.0244140625
0 0.9560546875 0.3154296875 0.0703125 0.060546875
0 0.880859375 0.2744140625 0.1015625 0.083984375
0 0.578125 0.16162109375 0.048828125 0.0283203125
0 0.97021484375 0.767578125 0.0595703125 0.0234375
0 0.25830078125 0.36328125 0.0966796875 0.08984375
0 0.5400390625 0.9892578125 0.056640625 0.017578125
0 0.02392578125 0.447265625 0.0478515625 0.033203125
0 0.59423828125 0.77783203125 0.0908203125 0.0361328125
0 0.609375 0.8076171875 0.10546875 0.033203125
0 0.39453125 0.7939453125 0.11328125 0.041015625
0 0.97021484375 0.44873046875 0.0595703125 0.0380859375
0 0.640625 0.5400390625 0.080078125 0.04296875
0 0.90087890625 0.916015625 0.0888671875 0.033203125
0 0.91064453125 0.98486328125 0.1083984375 0.0302734375
0 0.46630859375 0.68310546875 0.1279296875 0.0791015625
0 0.8046875 0.67041015625 0.06640625 0.0322265625
0 0.45654296875 0.34765625 0.0654296875 0.05859375
0 0.46484375 0.009765625 0.05078125 0.01953125
0 0.65869140625 0.4541015625 0.0556640625 0.04296875
0 0.54248046875 0.8330078125 0.0517578125 0.0234375
0 0.01904296875 0.7822265625 0.0380859375 0.02734375
0 0.5341796875 0.794921875 0.078125 0.06640625
0 0.26513671875 0.74560546875 0.1279296875 0.0537109375
0 0.7734375 0.43310546875 0.09765625 0.0517578125
