0 0.45947265625 0.86083984375 0.0693359375 0.0927734375
0 0.96044921875 0.94287109375 0.0439453125 0.1103515625
0 0.0869140625 0.03466796875 0.052734375 0.0693359375
0 0.162109375 0.46240234375 0.048828125 0.1044921875
0 0.3359375 0.974609375 0.068359375 0.05078125
0 0.20849609375 0.14404296875 0.0439453125 0.1103515625
0 0.89013671875 0.30126953125 0.0419921875 0.0791015625
0 0.4736328125 0.05224609375 0.046875 0.0791015625
0 0.02294921875 0.31884765625 0.0458984375 0.0498046875
0 0.35546875 0.865234375 0.07421875 0.146484375
0 0.96337890625 0.58642578125 0.0537109375 0.0693359375
0 0.13623046875 0.8671875 0.0673828125 0.05078125
0 0.75390625 0.2568359375 0.0546875 0.1015625
0 0.69189453125 0.68505859375 0.0400390625 0.0615234375
0 0.744140625 0.3359375 0.03515625 0.083984375
0 0.134765625 0.25732421875 0.0703125 0.1025390625
0 0.90283203125 0.41943359375 0.0654296875 0.0849609375
0 0.0283203125 0.48828125 0.056640625 0.0546875
0 0.51611328125 0.28125 0.0302734375 0.091796875
0 0.0986328125 0.5341796875 0.171875 0.03515625
0 0.396484375 0.56591796875 0.037109375 0.0771484375
0 0.244140625 0.3447265625 0.060546875 0.05078125
0 0.0703125 0.6923828125 0.111328125 0.05078125
0 0.853515625 0.89794921875 0.123046875 0.0400390625
0 0.40185546875 0.24658203125 0.0322265625 0.0693359375
0 0.162109375 0.0283203125 0.05078125 0.0546875
0 0.06201171875 0.6318359375 0.0361328125 0.076171875
0 0.287109375 0.16748046875 0.068359375 0.0322265625
0 0.16943359375 0.40185546875 0.0595703125 0.0322265625
0 0.29833984375 0.40576171875 0.0849609375 0.0498046875
0 0.9267578125 0.83984375 0.0234375 0.06640625
0 0.10693359375 0.564453125 0.0888671875 0.029296875
0 0.482421875 0.66064453125 0.05859375 0.0537109375
0 0.087890625 0.76025390625 0.0703125 0.0380859375
0 0.97900390625 0.3271484375 0.0224609375 0.0546875
0 0.51123046875 0.92333984375 0.0849609375 0.0322265625
0 0.8662109375 0.61865234375 0.029296875 0.0693359375
0 0.7412109375 0.67822265625 0.037109375 0.0556640625
0 0.81396484375 0.2734375 0.0439453125 0.060546875
0 0.5458984375 0.84521484375 0.130859375 0.0400390625
0 0.6064453125 0.98876953125 0.072265625 0.0185546875
0 0.98779296875 0.876953125 0.0244140625 0.080078125
0 0.21044921875 0.689453125 0.0537109375 0.03515625
0 0.9755859375 0.7451171875 0.03125 0.0546875
0 0.42578125 0.0146484375 0.033203125 0.029296875
0 0.95654296875 0.52392578125 0.0361328125 0.0576171875
0 0.19921875 0.01513671875 0.029296875 0.0302734375
0 0.603515625 0.8857421875 0.05078125 0.048828125
0 0.18310546875 0.267578125 0.0517578125 0.095703125
0 0.10546875 0.17041015625 0.068359375 0.0556640625
0 0.4140625 0.75 0.05078125 0.03515625
0 0.892578125 0.95068359375 0.05078125 0.0498046875
0 0.86083984375 0.02880859375 0.0400390625 0.0537109375
0 0.64892578125 0.97265625 0.0263671875 0.0546875
0 0.2314453125 0.59521484375 0.0625 0.0322265625
0 0.173828125 0.240234375 0.06640625 0.150390625
0 0.75 0.08349609375 0.029296875 0.0498046875
0 0.580078125 0.77197265625 0.033203125 0.0400390625
0 0.7001953125 0.0478515625 0.044921875 0.037109375
0 0.25048828125 0.580078125 0.0478515625 0.05859375
0 0.28369140625 0.630859375 0.0556640625 0.044921875
0 0.15625 0.68310546875 0.046875 0.0380859375
0 0.869140625 0.41259765625 0.091796875 0.0361328125
0 0.94775390625 0.283203125 0.0419921875 0.078125
0 0.45947265625 0.86083984375 0.0693359375 0.0927734375
0 0.96044921875 0.94287109375 0.0439453125 0.1103515625
0 0.0869140625 0.03466796875 0.052734375 0.0693359375
0 0.162109375 0.46240234375 0.048828125 0.1044921875
0 0.3359375 0.974609375 0.068359375 0.05078125
0 0.20849609375 0.14404296875 0.0439453125 0.1103515625
0 0.89013671875 0.30126953125 0.0419921875 0.0791015625
0 0.4736328125 0.05224609375 0.046875 0.0791015625
0 0.02294921875 0.31884765625 0.0458984375 0.0498046875
0 0.35546875 0.865234375 0.07421875 0.146484375
0 0.96337890625 0.58642578125 0.0537109375 0.0693359375
0 0.13623046875 0.8671875 0.0673828125 0.05078125
0 0.75390625 0.2568359375 0.0546875 0.1015625
0 0.69189453125 0.68505859375 0.0400390625 0.0615234375
0 0.744140625 0.3359375 0.03515625 0.083984375
0 0.134765625 0.25732421875 0.0703125 0.1025390625
0 0.90283203125 0.41943359375 0.0654296875 0.0849609375
0 0.0283203125 0.48828125 0.056640625 0.0546875
0 0.51611328125 0.28125 0.0302734375 0.091796875
0 0.0986328125 0.5341796875 0.171875 0.03515625
0 0.396484375 0.56591796875 0.037109375 0.0771484375
0 0.244140625 0.3447265625 0.060546875 0.05078125
0 0.0703125 0.6923828125 0.111328125 0.05078125
0 0.853515625 0.89794921875 0.123046875 0.0400390625
0 0.40185546875 0.24658203125 0.0322265625 0.0693359375
0 0.162109375 0.0283203125 0.05078125 0.0546875
0 0.06201171875 0.6318359375 0.0361328125 0.076171875
0 0.287109375 0.16748046875 0.068359375 0.0322265625
0 0.16943359375 0.40185546875 0.0595703125 0.0322265625
0 0.29833984375 0.40576171875 0.0849609375 0.0498046875
0 0.9267578125 0.83984375 0.0234375 0.06640625
0 0.10693359375 0.564453125 0.0888671875 0.029296875
0 0.482421875 0.66064453125 0.05859375 0.0537109375
0 0.087890625 0.76025390625 0.0703125 0.0380859375
0 0.97900390625 0.3271484375 0.0224609375 0.0546875
0 0.51123046875 0.92333984375 0.0849609375 0.0322265625
0 0.8662109375 0.61865234375 0.029296875 0.0693359375
0 0.7412109375 0.67822265625 0.037109375 0.0556640625
0 0.81396484375 0.2734375 0.0439453125 0.060546875
0 0.5458984375 0.84521484375 0.130859375 0.0400390625
0 0.6064453125 0.98876953125 0.072265625 0.0185546875
0 0.98779296875 0.876953125 0.0244140625 0.080078125
0 0.21044921875 0.689453125 0.0537109375 0.03515625
0 0.9755859375 0.7451171875 0.03125 0.0546875
0 0.42578125 0.0146484375 0.033203125 0.029296875
0 0.95654296875 0.52392578125 0.0361328125 0.0576171875
0 0.19921875 0.01513671875 0.029296875 0.0302734375
0 0.603515625 0.8857421875 0.05078125 0.048828125
0 0.18310546875 0.267578125 0.0517578125 0.095703125
0 0.10546875 0.17041015625 0.068359375 0.0556640625
0 0.4140625 0.75 0.05078125 0.03515625
0 0.892578125 0.95068359375 0.05078125 0.0498046875
0 0.86083984375 0.02880859375 0.0400390625 0.0537109375
0 0.64892578125 0.97265625 0.0263671875 0.0546875
0 0.2314453125 0.59521484375 0.0625 0.0322265625
0 0.173828125 0.240234375 0.06640625 0.150390625
0 0.75 0.08349609375 0.029296875 0.0498046875
0 0.580078125 0.77197265625 0.033203125 0.0400390625
0 0.7001953125 0.0478515625 0.044921875 0.037109375
0 0.25048828125 0.580078125 0.0478515625 0.05859375
0 0.28369140625 0.630859375 0.0556640625 0.044921875
0 0.15625 0.68310546875 0.046875 0.0380859375
0 0.869140625 0.41259765625 0.091796875 0.0361328125
0 0.94775390625 0.283203125 0.0419921875 0.078125
0 0.45947265625 0.86083984375 0.0693359375 0.0927734375
0 0.96044921875 0.94287109375 0.0439453125 0.1103515625
0 0.0869140625 0.03466796875 0.052734375 0.0693359375
0 0.162109375 0.46240234375 0.048828125 0.1044921875
0 0.3359375 0.974609375 0.068359375 0.05078125
0 0.20849609375 0.14404296875 0.0439453125 0.1103515625
0 0.89013671875 0.30126953125 0.0419921875 0.0791015625
0 0.4736328125 0.05224609375 0.046875 0.0791015625
0 0.02294921875 0.31884765625 0.0458984375 0.0498046875
0 0.35546875 0.865234375 0.07421875 0.146484375
0 0.96337890625 0.58642578125 0.0537109375 0.0693359375
0 0.13623046875 0.8671875 0.0673828125 0.05078125
0 0.75390625 0.2568359375 0.0546875 0.1015625
0 0.69189453125 0.68505859375 0.0400390625 0.0615234375
0 0.744140625 0.3359375 0.03515625 0.083984375
0 0.134765625 0.25732421875 0.0703125 0.1025390625
0 0.90283203125 0.41943359375 0.0654296875 0.0849609375
0 0.0283203125 0.48828125 0.056640625 0.0546875
0 0.51611328125 0.28125 0.0302734375 0.091796875
0 0.0986328125 0.5341796875 0.171875 0.03515625
0 0.396484375 0.56591796875 0.037109375 0.0771484375
0 0.244140625 0.3447265625 0.060546875 0.05078125
0 0.0703125 0.6923828125 0.111328125 0.05078125
0 0.853515625 0.89794921875 0.123046875 0.0400390625
0 0.40185546875 0.24658203125 0.0322265625 0.0693359375
0 0.162109375 0.0283203125 0.05078125 0.0546875
0 0.06201171875 0.6318359375 0.0361328125 0.076171875
0 0.287109375 0.16748046875 0.068359375 0.0322265625
0 0.16943359375 0.40185546875 0.0595703125 0.0322265625
0 0.29833984375 0.40576171875 0.0849609375 0.0498046875
0 0.9267578125 0.83984375 0.0234375 0.06640625
0 0.10693359375 0.564453125 0.0888671875 0.029296875
0 0.482421875 0.66064453125 0.05859375 0.0537109375
0 0.087890625 0.76025390625 0.0703125 0.0380859375
0 0.97900390625 0.3271484375 0.0224609375 0.0546875
0 0.51123046875 0.92333984375 0.0849609375 0.0322265625
0 0.8662109375 0.61865234375 0.029296875 0.0693359375
0 0.7412109375 0.67822265625 0.037109375 0.0556640625
0 0.81396484375 0.2734375 0.0439453125 0.060546875
0 0.5458984375 0.84521484375 0.130859375 0.0400390625
0 0.6064453125 0.98876953125 0.072265625 0.0185546875
0 0.98779296875 0.876953125 0.0244140625 0.080078125
0 0.21044921875 0.689453125 0.0537109375 0.03515625
0 0.9755859375 0.7451171875 0.03125 0.0546875
0 0.42578125 0.0146484375 0.033203125 0.029296875
0 0.95654296875 0.52392578125 0.0361328125 0.0576171875
0 0.19921875 0.01513671875 0.029296875 0.0302734375
0 0.603515625 0.8857421875 0.05078125 0.048828125
0 0.18310546875 0.267578125 0.0517578125 0.095703125
0 0.10546875 0.17041015625 0.068359375 0.0556640625
0 0.4140625 0.75 0.05078125 0.03515625
0 0.892578125 0.95068359375 0.05078125 0.0498046875
0 0.86083984375 0.02880859375 0.0400390625 0.0537109375
0 0.64892578125 0.97265625 0.0263671875 0.0546875
0 0.2314453125 0.59521484375 0.0625 0.0322265625
0 0.173828125 0.240234375 0.06640625 0.150390625
0 0.75 0.08349609375 0.029296875 0.0498046875
0 0.580078125 0.77197265625 0.033203125 0.0400390625
0 0.7001953125 0.0478515625 0.044921875 0.037109375
0 0.25048828125 0.580078125 0.0478515625 0.05859375
0 0.28369140625 0.630859375 0.0556640625 0.044921875
0 0.15625 0.68310546875 0.046875 0.0380859375
0 0.869140625 0.41259765625 0.091796875 0.0361328125
0 0.94775390625 0.283203125 0.0419921875 0.078125
