0 0.30615234375 0.14599609375 0.0556640625 0.0986328125
0 0.064453125 0.91357421875 0.080078125 0.1005859375
0 0.34765625 0.62451171875 0.072265625 0.0810546875
0 0.14697265625 0.4462890625 0.0654296875 0.09375
0 0.158203125 0.78955078125 0.08203125 0.0791015625
0 0.1826171875 0.61181640625 0.0625 0.0771484375
0 0.02587890625 0.40966796875 0.0517578125 0.0830078125
0 0.68994140625 0.51416015625 0.0478515625 0.0830078125
0 0.5341796875 0.0654296875 0.05078125 0.08203125
0 0.16796875 0.85693359375 0.046875 0.0693359375
0 0.33447265625 0.06005859375 0.0556640625 0.0791015625
0 0.1123046875 0.498046875 0.1640625 0.056640625
0 0.0146484375 0.8681640625 0.029296875 0.0625
0 0.056640625 0.109375 0.0234375 0.0703125
0 0.86865234375 0.5205078125 0.0400390625 0.072265625
0 0.62158203125 0.451171875 0.0458984375 0.083984375
0 0.49951171875 0.5615234375 0.0615234375 0.0703125
0 0.48291015625 0.93603515625 0.0654296875 0.0517578125
0 0.23828125 0.60888671875 0.05078125 0.0615234375
0 0.46728515625 0.49560546875 0.0693359375 0.0751953125
0 0.6142578125 0.56884765625 0.052734375 0.0693359375
0 0.470703125 0.67724609375 0.0390625 0.0693359375
0 0.42626953125 0.576171875 0.0849609375 0.0546875
0 0.2021484375 0.06201171875 0.056640625 0.0693359375
0 0.38818359375 0.51806640625 0.0537109375 0.0771484375
0 0.70556640625 0.04345703125 0.0283203125 0.0771484375
0 0.82470703125 0.2880859375 0.0556640625 0.0625
0 0.28515625 0.3837890625 0.0625 0.06640625
0 0.70751953125 0.43505859375 0.0400390625 0.0791015625
0 0.8896484375 0.033203125 0.0546875 0.0625
0 0.88916015625 0.65869140625 0.0263671875 0.0791015625
0 0.041015625 0.55859375 0.072265625 0.05859375
0 0.1826171875 0.228515625 0.0546875 0.06640625
0 0.93896484375 0.8505859375 0.0498046875 0.076171875
0 0.98486328125 0.1845703125 0.0302734375 0.1015625
0 0.33740234375 0.470703125 0.0595703125 0.041015625
0 0.1806640625 0.67822265625 0.064453125 0.0478515625
0 0.984375 0.03466796875 0.025390625 0.0673828125
0 0.98193359375 0.8388671875 0.0322265625 0.08203125
0 0.79443359375 0.58251953125 0.0478515625 0.0654296875
0 0.81201171875 0.947265625 0.0712890625 0.060546875
0 0.85302734375 0.14794921875 0.0400390625 0.0810546875
0 0.69775390625 0.9052734375 0.0517578125 0.0625
0 0.6396484375 0.8232421875 0.02734375 0.080078125
0 0.79541015625 0.541015625 0.0478515625 0.06640625
0 0.60400390625 0.265625 0.0302734375 0.076171875
0 0.9326171875 0.66455078125 0.056640625 0.0791015625
0 0.521484375 0.90283203125 0.046875 0.0498046875
0 0.16357421875 0.98193359375 0.0322265625 0.0322265625
0 0.66552734375 0.42529296875 0.0439453125 0.0732421875
0 0.42822265625 0.4404296875 0.0634765625 0.046875
0 0.49951171875 0.7783203125 0.0537109375 0.044921875
0 0.38916015625 0.3740234375 0.0400390625 0.06640625
0 0.892578125 0.8115234375 0.05078125 0.05859375
0 0.49658203125 0.23388671875 0.0556640625 0.0537109375
0 0.4375 0.02099609375 0.025390625 0.0419921875
0 0.578125 0.7177734375 0.048828125 0.046875
0 0.9326171875 0.5908203125 0.05859375 0.044921875
0 0.10107421875 0.5283203125 0.0556640625 0.048828125
0 0.78662109375 0.68310546875 0.0439453125 0.0654296875
0 0.625 0.82421875 0.0234375 0.083984375
0 0.333984375 0.37255859375 0.07421875 0.0439453125
0 0.6162109375 0.94677734375 0.0546875 0.0224609375
0 0.67626953125 0.7412109375 0.0458984375 0.041015625
0 0.26708984375 0.66943359375 0.0830078125 0.0380859375
0 0.77734375 0.24951171875 0.0390625 0.0654296875
0 0.65380859375 0.20751953125 0.0576171875 0.0615234375
0 0.39111328125 0.615234375 0.0302734375 0.072265625
0 0.41552734375 0.6123046875 0.0537109375 0.0546875
0 0.02685546875 0.62744140625 0.0458984375 0.0556640625
0 0.92138671875 0.7890625 0.0517578125 0.064453125
0 0.32958984375 0.93701171875 0.0400390625 0.0400390625
0 0.30615234375 0.14599609375 0.0556640625 0.0986328125
0 0.064453125 0.91357421875 0.080078125 0.1005859375
0 0.34765625 0.62451171875 0.072265625 0.0810546875
0 0.14697265625 0.4462890625 0.0654296875 0.09375
0 0.158203125 0.78955078125 0.08203125 0.0791015625
0 0.1826171875 0.61181640625 0.0625 0.0771484375
0 0.02587890625 0.40966796875 0.0517578125 0.0830078125
0 0.68994140625 0.51416015625 0.0478515625 0.0830078125
0 0.5341796875 0.0654296875 0.05078125 0.08203125
0 0.16796875 0.85693359375 0.046875 0.0693359375
0 0.33447265625 0.06005859375 0.0556640625 0.0791015625
0 0.1123046875 0.498046875 0.1640625 0.056640625
0 0.0146484375 0.8681640625 0.029296875 0.0625
0 0.056640625 0.109375 0.0234375 0.0703125
0 0.86865234375 0.5205078125 0.0400390625 0.072265625
0 0.62158203125 0.451171875 0.0458984375 0.083984375
0 0.49951171875 0.5615234375 0.0615234375 0.0703125
0 0.48291015625 0.93603515625 0.0654296875 0.0517578125
0 0.23828125 0.60888671875 0.05078125 0.0615234375
0 0.46728515625 0.49560546875 0.0693359375 0.0751953125
0 0.6142578125 0.56884765625 0.052734375 0.0693359375
0 0.470703125 0.67724609375 0.0390625 0.0693359375
0 0.42626953125 0.576171875 0.0849609375 0.0546875
0 0.2021484375 0.06201171875 0.056640625 0.0693359375
0 0.38818359375 0.51806640625 0.0537109375 0.0771484375
0 0.70556640625 0.04345703125 0.0283203125 0.0771484375
0 0.82470703125 0.2880859375 0.0556640625 0.0625
0 0.28515625 0.3837890625 0.0625 0.06640625
0 0.70751953125 0.43505859375 0.0400390625 0.0791015625
0 0.8896484375 0.033203125 0.0546875 0.0625
0 0.88916015625 0.65869140625 0.0263671875 0.0791015625
0 0.041015625 0.55859375 0.072265625 0.05859375
0 0.1826171875 0.228515625 0.0546875 0.06640625
0 0.93896484375 0.8505859375 0.0498046875 0.076171875
0 0.98486328125 0.1845703125 0.0302734375 0.1015625
0 0.33740234375 0.470703125 0.0595703125 0.041015625
0 0.1806640625 0.67822265625 0.064453125 0.0478515625
0 0.984375 0.03466796875 0.025390625 0.0673828125
0 0.98193359375 0.8388671875 0.0322265625 0.08203125
0 0.79443359375 0.58251953125 0.0478515625 0.0654296875
0 0.81201171875 0.947265625 0.0712890625 0.060546875
0 0.85302734375 0.14794921875 0.0400390625 0.0810546875
0 0.69775390625 0.9052734375 0.0517578125 0.0625
0 0.6396484375 0.8232421875 0.02734375 0.080078125
0 0.79541015625 0.541015625 0.0478515625 0.06640625
0 0.60400390625 0.265625 0.0302734375 0.076171875
0 0.9326171875 0.66455078125 0.056640625 0.0791015625
0 0.521484375 0.90283203125 0.046875 0.0498046875
0 0.16357421875 0.98193359375 0.0322265625 0.0322265625
0 0.66552734375 0.42529296875 0.0439453125 0.0732421875
0 0.42822265625 0.4404296875 0.0634765625 0.046875
0 0.49951171875 0.7783203125 0.0537109375 0.044921875
0 0.38916015625 0.3740234375 0.0400390625 0.06640625
0 0.892578125 0.8115234375 0.05078125 0.05859375
0 0.49658203125 0.23388671875 0.0556640625 0.0537109375
0 0.4375 0.02099609375 0.025390625 0.0419921875
0 0.578125 0.7177734375 0.048828125 0.046875
0 0.9326171875 0.5908203125 0.05859375 0.044921875
0 0.10107421875 0.5283203125 0.0556640625 0.048828125
0 0.78662109375 0.68310546875 0.0439453125 0.0654296875
0 0.625 0.82421875 0.0234375 0.083984375
0 0.333984375 0.37255859375 0.07421875 0.0439453125
0 0.6162109375 0.94677734375 0.0546875 0.0224609375
0 0.67626953125 0.7412109375 0.0458984375 0.041015625
0 0.26708984375 0.66943359375 0.0830078125 0.0380859375
0 0.77734375 0.24951171875 0.0390625 0.0654296875
0 0.65380859375 0.20751953125 0.0576171875 0.0615234375
0 0.39111328125 0.615234375 0.0302734375 0.072265625
0 0.41552734375 0.6123046875 0.0537109375 0.0546875
0 0.02685546875 0.62744140625 0.0458984375 0.0556640625
0 0.92138671875 0.7890625 0.0517578125 0.064453125
0 0.32958984375 0.93701171875 0.0400390625 0.0400390625
0 0.30615234375 0.14599609375 0.0556640625 0.0986328125
0 0.064453125 0.91357421875 0.080078125 0.1005859375
0 0.34765625 0.62451171875 0.072265625 0.0810546875
0 0.14697265625 0.4462890625 0.0654296875 0.09375
0 0.158203125 0.78955078125 0.08203125 0.0791015625
0 0.1826171875 0.61181640625 0.0625 0.0771484375
0 0.02587890625 0.40966796875 0.0517578125 0.0830078125
0 0.68994140625 0.51416015625 0.0478515625 0.0830078125
0 0.5341796875 0.0654296875 0.05078125 0.08203125
0 0.16796875 0.85693359375 0.046875 0.0693359375
0 0.33447265625 0.06005859375 0.0556640625 0.0791015625
0 0.1123046875 0.498046875 0.1640625 0.056640625
0 0.0146484375 0.8681640625 0.029296875 0.0625
0 0.056640625 0.109375 0.0234375 0.0703125
0 0.86865234375 0.5205078125 0.0400390625 0.072265625
0 0.62158203125 0.451171875 0.0458984375 0.083984375
0 0.49951171875 0.5615234375 0.0615234375 0.0703125
0 0.48291015625 0.93603515625 0.0654296875 0.0517578125
0 0.23828125 0.60888671875 0.05078125 0.0615234375
0 0.46728515625 0.49560546875 0.0693359375 0.0751953125
0 0.6142578125 0.56884765625 0.052734375 0.0693359375
0 0.470703125 0.67724609375 0.0390625 0.0693359375
0 0.42626953125 0.576171875 0.0849609375 0.0546875
0 0.2021484375 0.06201171875 0.056640625 0.0693359375
0 0.38818359375 0.51806640625 0.0537109375 0.0771484375
0 0.70556640625 0.04345703125 0.0283203125 0.0771484375
0 0.82470703125 0.2880859375 0.0556640625 0.0625
0 0.28515625 0.3837890625 0.0625 0.06640625
0 0.70751953125 0.43505859375 0.0400390625 0.0791015625
0 0.8896484375 0.033203125 0.0546875 0.0625
0 0.88916015625 0.65869140625 0.0263671875 0.0791015625
0 0.041015625 0.55859375 0.072265625 0.05859375
0 0.1826171875 0.228515625 0.0546875 0.06640625
0 0.93896484375 0.8505859375 0.0498046875 0.076171875
0 0.98486328125 0.1845703125 0.0302734375 0.1015625
0 0.33740234375 0.470703125 0.0595703125 0.041015625
0 0.1806640625 0.67822265625 0.064453125 0.0478515625
0 0.984375 0.03466796875 0.025390625 0.0673828125
0 0.98193359375 0.8388671875 0.0322265625 0.08203125
0 0.79443359375 0.58251953125 0.0478515625 0.0654296875
0 0.81201171875 0.947265625 0.0712890625 0.060546875
0 0.85302734375 0.14794921875 0.0400390625 0.0810546875
0 0.69775390625 0.9052734375 0.0517578125 0.0625
0 0.6396484375 0.8232421875 0.02734375 0.080078125
0 0.79541015625 0.541015625 0.0478515625 0.06640625
0 0.60400390625 0.265625 0.0302734375 0.076171875
0 0.9326171875 0.66455078125 0.056640625 0.0791015625
0 0.521484375 0.90283203125 0.046875 0.0498046875
0 0.16357421875 0.98193359375 0.0322265625 0.0322265625
0 0.66552734375 0.42529296875 0.0439453125 0.0732421875
0 0.42822265625 0.4404296875 0.0634765625 0.046875
0 0.49951171875 0.7783203125 0.0537109375 0.044921875
0 0.38916015625 0.3740234375 0.0400390625 0.06640625
0 0.892578125 0.8115234375 0.05078125 0.05859375
0 0.49658203125 0.23388671875 0.0556640625 0.0537109375
0 0.4375 0.02099609375 0.025390625 0.0419921875
0 0.578125 0.7177734375 0.048828125 0.046875
0 0.9326171875 0.5908203125 0.05859375 0.044921875
0 0.10107421875 0.5283203125 0.0556640625 0.048828125
0 0.78662109375 0.68310546875 0.0439453125 0.0654296875
0 0.625 0.82421875 0.0234375 0.083984375
0 0.333984375 0.37255859375 0.07421875 0.0439453125
0 0.6162109375 0.94677734375 0.0546875 0.0224609375
0 0.67626953125 0.7412109375 0.0458984375 0.041015625
0 0.26708984375 0.66943359375 0.0830078125 0.0380859375
0 0.77734375 0.24951171875 0.0390625 0.0654296875
0 0.65380859375 0.20751953125 0.0576171875 0.0615234375
0 0.39111328125 0.615234375 0.0302734375 0.072265625
0 0.41552734375 0.6123046875 0.0537109375 0.0546875
0 0.02685546875 0.62744140625 0.0458984375 0.0556640625
0 0.92138671875 0.7890625 0.0517578125 0.064453125
0 0.32958984375 0.93701171875 0.0400390625 0.0400390625
