0 0.9150390625 0.4677734375 0.078125 0.083984375
0 0.48974609375 0.26318359375 0.0732421875 0.0732421875
0 0.0810546875 0.25927734375 0.095703125 0.0615234375
0 0.20068359375 0.09423828125 0.0556640625 0.0830078125
0 0.2470703125 0.1708984375 0.091796875 0.048828125
0 0.6728515625 0.1650390625 0.06640625 0.072265625
0 0.91845703125 0.189453125 0.0908203125 0.076171875
0 0.58251953125 0.7353515625 0.0869140625 0.0859375
0 0.716796875 0.26513671875 0.037109375 0.0791015625
0 0.37451171875 0.06103515625 0.0986328125 0.0634765625
0 0.15576171875 0.74658203125 0.0732421875 0.0810546875
0 0.7783203125 0.0849609375 0.02734375 0.080078125
0 0.33447265625 0.076171875 0.0830078125 0.083984375
0 0.17919921875 0.87939453125 0.0908203125 0.0458984375
0 0.97900390625 0.376953125 0.0419921875 0.080078125
0 0.111328125 0.06396484375 0.07421875 0.0693359375
0 0.71337890625 0.54150390625 0.0576171875 0.0517578125
0 0.40185546875 0.29833984375 0.0771484375 0.0634765625
0 0.87548828125 0.35791015625 0.0634765625 0.0439453125
0 0.32177734375 0.3427734375 0.1025390625 0.0625
0 0.505859375 0.08837890625 0.083984375 0.0439453125
0 0.97119140625 0.908203125 0.0576171875 0.02734375
0 0.18896484375 0.017578125 0.0908203125 0.033203125
0 0.31494140625 0.9013671875 0.0947265625 0.048828125
0 0.9111328125 0.2880859375 0.138671875 0.0390625
0 0.21875 0.470703125 0.08984375 0.03125
0 0.8154296875 0.3427734375 0.03125 0.068359375
0 0.9306640625 0.57177734375 0.111328125 0.0634765625
0 0.61474609375 0.34375 0.0556640625 0.1171875
0 0.6064453125 0.94287109375 0.0546875 0.0654296875
0 0.24755859375 0.56787109375 0.0966796875 0.0439453125
0 0.21728515625 0.9755859375 0.0654296875 0.044921875
0 0.40380859375 0.40234375 0.0830078125 0.05078125
0 0.865234375 0.47216796875 0.05859375 0.0498046875
0 0.92724609375 0.0458984375 0.0654296875 0.056640625
0 0.3984375 0.7509765625 0.078125 0.041015625
0 0.68798828125 0.68212890625 0.1064453125 0.0322265625
0 0.94580078125 0.64892578125 0.0537109375 0.0576171875
0 0.15576171875 0.30126953125 0.0537109375 0.0361328125
0 0.89501953125 0.24267578125 0.0283203125 0.0654296875
0 0.98388671875 0.1396484375 0.0322265625 0.06640625
0 0.3828125 0.33056640625 0.083984375 0.0439453125
0 0.61474609375 0.4521484375 0.0498046875 0.025390625
0 0.83056640625 0.2119140625 0.0361328125 0.046875
0 0.62744140625 0.7001953125 0.0712890625 0.0234375
0 0.89404296875 0.6494140625 0.0693359375 0.04296875
0 0.619140625 0.0126953125 0.0625 0.0234375
0 0.01171875 0.015625 0.0234375 0.03125
0 0.80029296875 0.544921875 0.0732421875 0.021484375
0 0.45849609375 0.92724609375 0.0517578125 0.0244140625
0 0.396484375 0.79931640625 0.076171875 0.0478515625
0 0.693359375 0.03125 0.091796875 0.05078125
0 0.00732421875 0.01708984375 0.0146484375 0.0341796875
0 0.822265625 0.93505859375 0.052734375 0.0322265625
0 0.01025390625 0.9873046875 0.0205078125 0.021484375
0 0.8818359375 0.89697265625 0.037109375 0.0478515625
0 0.9140625 0.85400390625 0.080078125 0.0380859375
0 0.76513671875 0.46923828125 0.0869140625 0.0634765625
0 0.40576171875 0.9638671875 0.0693359375 0.072265625
0 0.02880859375 0.61962890625 0.0556640625 0.0478515625
0 0.33935546875 0.712890625 0.1064453125 0.037109375
0 0.51708984375 0.94873046875 0.0693359375 0.0263671875
0 0.09228515625 0.58935546875 0.0634765625 0.0478515625
0 0.5595703125 0.62109375 0.05078125 0.0390625
0 0.87744140625 0.5869140625 0.0810546875 0.0546875
0 0.71630859375 0.369140625 0.0478515625 0.03515625
0 0.8701171875 0.283203125 0.107421875 0.0546875
0 0.8466796875 0.7412109375 0.05078125 0.044921875
0 0.24853515625 0.82666015625 0.0673828125 0.0302734375
0 0.42724609375 0.1611328125 0.0869140625 0.072265625
0 0.09619140625 0.982421875 0.0419921875 0.03515625
0 0.9150390625 0.4677734375 0.078125 0.083984375
0 0.48974609375 0.26318359375 0.0732421875 0.0732421875
0 0.0810546875 0.25927734375 0.095703125 0.0615234375
0 0.20068359375 0.09423828125 0.0556640625 0.0830078125
0 0.2470703125 0.1708984375 0.091796875 0.048828125
0 0.6728515625 0.1650390625 0.06640625 0.072265625
0 0.91845703125 0.189453125 0.0908203125 0.076171875
0 0.58251953125 0.7353515625 0.0869140625 0.0859375
0 0.716796875 0.26513671875 0.037109375 0.0791015625
0 0.37451171875 0.06103515625 0.0986328125 0.0634765625
0 0.15576171875 0.74658203125 0.0732421875 0.0810546875
0 0.7783203125 0.0849609375 0.02734375 0.080078125
0 0.33447265625 0.076171875 0.0830078125 0.083984375
0 0.17919921875 0.87939453125 0.0908203125 0.0458984375
0 0.97900390625 0.376953125 0.0419921875 0.080078125
0 0.111328125 0.06396484375 0.07421875 0.0693359375
0 0.71337890625 0.54150390625 0.0576171875 0.0517578125
0 0.40185546875 0.29833984375 0.0771484375 0.0634765625
0 0.87548828125 0.35791015625 0.0634765625 0.0439453125
0 0.32177734375 0.3427734375 0.1025390625 0.0625
0 0.505859375 0.08837890625 0.083984375 0.0439453125
0 0.97119140625 0.908203125 0.0576171875 0.02734375
0 0.18896484375 0.017578125 0.0908203125 0.033203125
0 0.31494140625 0.9013671875 0.0947265625 0.048828125
0 0.9111328125 0.2880859375 0.138671875 0.0390625
0 0.21875 0.470703125 0.08984375 0.03125
0 0.8154296875 0.3427734375 0.03125 0.068359375
0 0.9306640625 0.57177734375 0.111328125 0.0634765625
0 0.61474609375 0.34375 0.0556640625 0.1171875
0 0.6064453125 0.94287109375 0.0546875 0.0654296875
0 0.24755859375 0.56787109375 0.0966796875 0.0439453125
0 0.21728515625 0.9755859375 0.0654296875 0.044921875
0 0.40380859375 0.40234375 0.0830078125 0.05078125
0 0.865234375 0.47216796875 0.05859375 0.0498046875
0 0.92724609375 0.0458984375 0.0654296875 0.056640625
0 0.3984375 0.7509765625 0.078125 0.041015625
0 0.68798828125 0.68212890625 0.1064453125 0.0322265625
0 0.94580078125 0.64892578125 0.0537109375 0.0576171875
0 0.15576171875 0.30126953125 0.0537109375 0.0361328125
0 0.89501953125 0.24267578125 0.0283203125 0.0654296875
0 0.98388671875 0.1396484375 0.0322265625 0.06640625
0 0.3828125 0.33056640625 0.083984375 0.0439453125
0 0.61474609375 0.4521484375 0.0498046875 0.025390625
0 0.83056640625 0.2119140625 0.0361328125 0.046875
0 0.62744140625 0.7001953125 0.0712890625 0.0234375
0 0.89404296875 0.6494140625 0.0693359375 0.04296875
0 0.619140625 0.0126953125 0.0625 0.0234375
0 0.01171875 0.015625 0.0234375 0.03125
0 0.80029296875 0.544921875 0.0732421875 0.021484375
0 0.45849609375 0.92724609375 0.0517578125 0.0244140625
0 0.396484375 0.79931640625 0.076171875 0.0478515625
0 0.693359375 0.03125 0.091796875 0.05078125
0 0.00732421875 0.01708984375 0.0146484375 0.0341796875
0 0.822265625 0.93505859375 0.052734375 0.0322265625
0 0.01025390625 0.9873046875 0.0205078125 0.021484375
0 0.8818359375 0.89697265625 0.037109375 0.0478515625
0 0.9140625 0.85400390625 0.080078125 0.0380859375
0 0.76513671875 0.46923828125 0.0869140625 0.0634765625
0 0.40576171875 0.9638671875 0.0693359375 0.072265625
0 0.02880859375 0.61962890625 0.0556640625 0.0478515625
0 0.33935546875 0.712890625 0.1064453125 0.037109375
0 0.51708984375 0.94873046875 0.0693359375 0.0263671875
0 0.09228515625 0.58935546875 0.0634765625 0.0478515625
0 0.5595703125 0.62109375 0.05078125 0.0390625
0 0.87744140625 0.5869140625 0.0810546875 0.0546875
0 0.71630859375 0.369140625 0.0478515625 0.03515625
0 0.8701171875 0.283203125 0.107421875 0.0546875
0 0.8466796875 0.7412109375 0.05078125 0.044921875
0 0.24853515625 0.82666015625 0.0673828125 0.0302734375
0 0.42724609375 0.1611328125 0.0869140625 0.072265625
0 0.09619140625 0.982421875 0.0419921875 0.03515625
0 0.9150390625 0.4677734375 0.078125 0.083984375
0 0.48974609375 0.26318359375 0.0732421875 0.0732421875
0 0.0810546875 0.25927734375 0.095703125 0.0615234375
0 0.20068359375 0.09423828125 0.0556640625 0.0830078125
0 0.2470703125 0.1708984375 0.091796875 0.048828125
0 0.6728515625 0.1650390625 0.06640625 0.072265625
0 0.91845703125 0.189453125 0.0908203125 0.076171875
0 0.58251953125 0.7353515625 0.0869140625 0.0859375
0 0.716796875 0.26513671875 0.037109375 0.0791015625
0 0.37451171875 0.06103515625 0.0986328125 0.0634765625
0 0.15576171875 0.74658203125 0.0732421875 0.0810546875
0 0.7783203125 0.0849609375 0.02734375 0.080078125
0 0.33447265625 0.076171875 0.0830078125 0.083984375
0 0.17919921875 0.87939453125 0.0908203125 0.0458984375
0 0.97900390625 0.376953125 0.0419921875 0.080078125
0 0.111328125 0.06396484375 0.07421875 0.0693359375
0 0.71337890625 0.54150390625 0.0576171875 0.0517578125
0 0.40185546875 0.29833984375 0.0771484375 0.0634765625
0 0.87548828125 0.35791015625 0.0634765625 0.0439453125
0 0.32177734375 0.3427734375 0.1025390625 0.0625
0 0.505859375 0.08837890625 0.083984375 0.0439453125
0 0.97119140625 0.908203125 0.0576171875 0.02734375
0 0.18896484375 0.017578125 0.0908203125 0.033203125
0 0.31494140625 0.9013671875 0.0947265625 0.048828125
0 0.9111328125 0.2880859375 0.138671875 0.0390625
0 0.21875 0.470703125 0.08984375 0.03125
0 0.8154296875 0.3427734375 0.03125 0.068359375
0 0.9306640625 0.57177734375 0.111328125 0.0634765625
0 0.61474609375 0.34375 0.0556640625 0.1171875
0 0.6064453125 0.94287109375 0.0546875 0.0654296875
0 0.24755859375 0.56787109375 0.0966796875 0.0439453125
0 0.21728515625 0.9755859375 0.0654296875 0.044921875
0 0.40380859375 0.40234375 0.0830078125 0.05078125
0 0.865234375 0.47216796875 0.05859375 0.0498046875
0 0.92724609375 0.0458984375 0.0654296875 0.056640625
0 0.3984375 0.7509765625 0.078125 0.041015625
0 0.68798828125 0.68212890625 0.1064453125 0.0322265625
0 0.94580078125 0.64892578125 0.0537109375 0.0576171875
0 0.15576171875 0.30126953125 0.0537109375 0.0361328125
0 0.89501953125 0.24267578125 0.0283203125 0.0654296875
0 0.98388671875 0.1396484375 0.0322265625 0.06640625
0 0.3828125 0.33056640625 0.083984375 0.0439453125
0 0.61474609375 0.4521484375 0.0498046875 0.025390625
0 0.83056640625 0.2119140625 0.0361328125 0.046875
0 0.62744140625 0.7001953125 0.0712890625 0.0234375
0 0.89404296875 0.6494140625 0.0693359375 0.04296875
0 0.619140625 0.0126953125 0.0625 0.0234375
0 0.01171875 0.015625 0.0234375 0.03125
0 0.80029296875 0.544921875 0.0732421875 0.021484375
0 0.45849609375 0.92724609375 0.0517578125 0.0244140625
0 0.396484375 0.79931640625 0.076171875 0.0478515625
0 0.693359375 0.03125 0.091796875 0.05078125
0 0.00732421875 0.01708984375 0.0146484375 0.0341796875
0 0.822265625 0.93505859375 0.052734375 0.0322265625
0 0.01025390625 0.9873046875 0.0205078125 0.021484375
0 0.8818359375 0.89697265625 0.037109375 0.0478515625
0 0.9140625 0.85400390625 0.080078125 0.0380859375
0 0.76513671875 0.46923828125 0.0869140625 0.0634765625
0 0.40576171875 0.9638671875 0.0693359375 0.072265625
0 0.02880859375 0.61962890625 0.0556640625 0.0478515625
0 0.33935546875 0.712890625 0.1064453125 0.037109375
0 0.51708984375 0.94873046875 0.0693359375 0.0263671875
0 0.09228515625 0.58935546875 0.0634765625 0.0478515625
0 0.5595703125 0.62109375 0.05078125 0.0390625
0 0.87744140625 0.5869140625 0.0810546875 0.0546875
0 0.71630859375 0.369140625 0.0478515625 0.03515625
0 0.8701171875 0.283203125 0.107421875 0.0546875
0 0.8466796875 0.7412109375 0.05078125 0.044921875
0 0.24853515625 0.82666015625 0.0673828125 0.0302734375
0 0.42724609375 0.1611328125 0.0869140625 0.072265625
0 0.09619140625 0.982421875 0.0419921875 0.03515625
