0 0.953125 0.799316 0.078125 0.0478516 
0 0.989258 0.515625 0.0214844 0.0390625 
0 0.0175781 0.550781 0.0351562 0.0351562 
0 0.641602 0.813477 0.119141 0.0371094 
0 0.415039 0.015625 0.0488281 0.03125 
0 0.750977 0.814453 0.103516 0.0371094 
0 0.506348 0.122559 0.0693359 0.0322266 
0 0.237305 0.699219 0.103516 0.0390625 
0 0.0205078 0.856445 0.0410156 0.0449219 
0 0.146973 0.977539 0.0517578 0.0371094 
0 0.644531 0.78418 0.117188 0.0410156 
0 0.540039 0.505371 0.0898438 0.0400391 
0 0.986816 0.765625 0.0263672 0.0507812 
0 0.253418 0.981445 0.0810547 0.0371094 
0 0.287109 0.458008 0.0976562 0.0351562 
0 0.0292969 0.978027 0.0566406 0.0439453 
0 0.674805 0.496582 0.0390625 0.0576172 
0 0.0175781 0.0170898 0.0351562 0.0341797 
0 0.473145 0.501465 0.0576172 0.0322266 
0 0.770996 0.172363 0.0537109 0.0361328 
0 0.57666 0.250488 0.0771484 0.0341797 
0 0.650391 0.0883789 0.0332031 0.0771484 
0 0.868164 0.446289 0.0410156 0.0527344 
0 0.373047 0.807129 0.154297 0.0341797 
0 0.282715 0.569824 0.100586 0.0498047 
0 0.0449219 0.417969 0.0898438 0.0449219 
0 0.349609 0.200684 0.105469 0.0302734 
0 0.959961 0.264648 0.0605469 0.0273438 
0 0.399902 0.628906 0.0947266 0.0390625 
0 0.967773 0.471191 0.0488281 0.0498047 
0 0.401855 0.920898 0.102539 0.0410156 
0 0.473633 0.207031 0.0917969 0.0351562 
0 0.942383 0.908203 0.111328 0.046875 
0 0.842773 0.547852 0.0527344 0.0527344 
0 0.168945 0.142578 0.0585938 0.0292969 
0 0.689453 0.0795898 0.03125 0.0556641 
0 0.79834 0.699219 0.0615234 0.046875 
0 0.0375977 0.925781 0.0751953 0.0488281 
0 0.433105 0.69873 0.0751953 0.0458984 
0 0.759766 0.581055 0.046875 0.0566406 
0 0.755371 0.20752 0.125977 0.0341797 
0 0.644043 0.979492 0.0361328 0.0410156 
0 0.803711 0.975586 0.107422 0.0332031 
0 0.691406 0.385742 0.0585938 0.0683594 
0 0.439453 0.539062 0.09375 0.0429688 
0 0.823242 0.944336 0.115234 0.0449219 
0 0.306152 0.745117 0.100586 0.0722656 
0 0.273926 0.925781 0.0302734 0.0800781 
0 0.414062 0.845703 0.113281 0.0410156 
0 0.0678711 0.265625 0.0810547 0.0390625 
0 0.0439453 0.741211 0.0878906 0.0429688 
0 0.769531 0.756836 0.09375 0.0410156 
0 0.127441 0.166016 0.0419922 0.0585938 
0 0.400879 0.88623 0.108398 0.0537109 
0 0.194336 0.55957 0.115234 0.0605469 
0 0.944824 0.122559 0.110352 0.0439453 
0 0.0844727 0.819336 0.161133 0.0449219 
0 0.740234 0.400391 0.0390625 0.107422 
0 0.674316 0.881836 0.139648 0.0761719 
0 0.532227 0.87207 0.126953 0.0644531 
0 0.931641 0.227539 0.0585938 0.0332031 
0 0.17627 0.74707 0.0634766 0.0449219 
0 0.704102 0.286133 0.115234 0.123047 
0 0.156738 0.635742 0.133789 0.0449219 
0 0.616699 0.168457 0.100586 0.0478516 
0 0.515625 0.0205078 0.0546875 0.0410156 
0 0.0756836 0.316406 0.102539 0.0410156 
0 0.537109 0.454102 0.0585938 0.0488281 
0 0.897949 0.172852 0.0771484 0.0449219 
0 0.430176 0.0961914 0.0380859 0.0732422 
0 0.633789 0.598145 0.115234 0.0439453 
0 0.812988 0.793945 0.0673828 0.0527344 
0 0.976562 0.380371 0.046875 0.147461 
0 0.888184 0.649414 0.0673828 0.0488281 
0 0.397949 0.463379 0.0888672 0.0439453 
0 0.34668 0.529297 0.0527344 0.0859375 
0 0.437012 0.152344 0.131836 0.078125 
0 0.54541 0.104004 0.0693359 0.0888672 
0 0.475586 0.258789 0.0761719 0.0410156 
0 0.550781 0.160156 0.0625 0.046875 
0 0.399414 0.771484 0.0878906 0.046875 
0 0.325684 0.29541 0.0986328 0.0439453 
0 0.278809 0.196289 0.0654297 0.0546875 
0 0.573242 0.0898438 0.0722656 0.0585938 
0 0.743164 0.0839844 0.0449219 0.0839844 
0 0.461426 0.972656 0.120117 0.0507812 
0 0.19873 0.119629 0.0439453 0.0654297 
0 0.366211 0.159668 0.0800781 0.0517578 
0 0.605957 0.483398 0.0986328 0.0957031 
0 0.815918 0.376953 0.0732422 0.0585938 
0 0.0371094 0.484375 0.0488281 0.0527344 
0 0.50293 0.327637 0.078125 0.0830078 
0 0.291504 0.357422 0.0908203 0.0898438 
0 0.723633 0.458496 0.0488281 0.0712891 
0 0.133789 0.398438 0.107422 0.101562 
0 0.901367 0.349121 0.0683594 0.112305 
