0 0.666992 0.0249023 0.0683594 0.0498047 
0 0.274902 0.629883 0.0537109 0.0566406 
0 0.836914 0.623047 0.078125 0.0664062 
0 0.415527 0.289551 0.0537109 0.0537109 
0 0.724609 0.330566 0.0585938 0.0634766 
0 0.980957 0.493164 0.0380859 0.0878906 
0 0.504883 0.236816 0.0683594 0.0654297 
0 0.0258789 0.835449 0.0517578 0.137695 
0 0.361816 0.792969 0.0537109 0.0507812 
0 0.924805 0.595703 0.0703125 0.0800781 
0 0.0356445 0.0131836 0.0556641 0.0263672 
0 0.849609 0.967773 0.09375 0.0644531 
0 0.152344 0.340332 0.0839844 0.0595703 
0 0.874023 0.692383 0.0917969 0.09375 
0 0.632812 0.973633 0.0664062 0.0527344 
0 0.387207 0.76709 0.0576172 0.0400391 
0 0.065918 0.623047 0.0869141 0.0585938 
0 0.466797 0.282715 0.0703125 0.0791016 
0 0.979492 0.168457 0.0410156 0.0986328 
0 0.589844 0.956543 0.0859375 0.0849609 
0 0.289062 0.236816 0.0625 0.100586 
0 0.595215 0.369141 0.0712891 0.0742188 
0 0.923828 0.280762 0.0664062 0.0576172 
0 0.159668 0.439453 0.0693359 0.117188 
0 0.416504 0.59375 0.0673828 0.0566406 
0 0.473145 0.065918 0.0595703 0.0888672 
0 0.3125 0.669922 0.0585938 0.078125 
0 0.793945 0.546387 0.0839844 0.110352 
0 0.149414 0.0810547 0.109375 0.09375 
0 0.585938 0.655273 0.0664062 0.0683594 
0 0.219238 0.0581055 0.133789 0.102539 
0 0.163574 0.533691 0.0615234 0.0849609 
0 0.0869141 0.244629 0.0605469 0.0673828 
0 0.836914 0.475098 0.0722656 0.108398 
0 0.0883789 0.162598 0.0595703 0.104492 
0 0.330078 0.316895 0.0605469 0.0615234 
0 0.122559 0.692871 0.120117 0.0576172 
0 0.246094 0.556641 0.0546875 0.0957031 
0 0.0893555 0.50293 0.0615234 0.0917969 
0 0.117676 0.597656 0.0576172 0.0742188 
0 0.911621 0.21582 0.0673828 0.0878906 
0 0.786133 0.248535 0.0527344 0.0771484 
0 0.59082 0.13623 0.0683594 0.0615234 
0 0.299805 0.980469 0.0527344 0.0390625 
0 0.611328 0.206055 0.0820312 0.0703125 
0 0.331055 0.56543 0.0839844 0.0644531 
0 0.202148 0.199219 0.0800781 0.0644531 
0 0.961914 0.662109 0.0761719 0.128906 
0 0.402344 0.972656 0.0585938 0.0546875 
0 0.471191 0.774414 0.143555 0.113281 
0 0.637695 0.279297 0.115234 0.0664062 
0 0.363281 0.487305 0.0976562 0.0683594 
0 0.819336 0.131348 0.0742188 0.112305 
0 0.953125 0.362305 0.09375 0.123047 
0 0.241211 0.944336 0.0488281 0.0800781 
0 0.0795898 0.927246 0.0830078 0.145508 
0 0.252441 0.727539 0.116211 0.0644531 
