0 0.529297 0.0170898 0.0820312 0.0341797 
0 0.116699 0.972656 0.139648 0.0546875 
0 0.244141 0.979492 0.195312 0.0410156 
0 0.386719 0.984375 0.0898438 0.03125 
0 0.0356445 0.224121 0.0712891 0.0947266 
0 0.586914 0.332031 0.0664062 0.0722656 
0 0.440918 0.865234 0.0966797 0.0859375 
0 0.495117 0.19043 0.123047 0.119141 
0 0.523438 0.269531 0.0898438 0.0820312 
0 0.0522461 0.119629 0.104492 0.239258 
0 0.845215 0.319824 0.125977 0.112305 
0 0.980957 0.351562 0.0380859 0.173828 
0 0.21582 0.172852 0.142578 0.103516 
0 0.185059 0.268066 0.21582 0.12793 
0 0.240723 0.348633 0.155273 0.115234 
0 0.150879 0.0952148 0.198242 0.0927734 
0 0.446777 0.78418 0.112305 0.103516 
0 0.932617 0.398926 0.103516 0.182617 
0 0.899902 0.137207 0.0927734 0.0908203 
0 0.509277 0.928711 0.0810547 0.103516 
0 0.854492 0.528809 0.185547 0.100586 
0 0.137695 0.412109 0.222656 0.101562 
0 0.640625 0.962402 0.107422 0.0751953 
0 0.324219 0.910156 0.101562 0.105469 
0 0.633789 0.636719 0.126953 0.185547 
0 0.477051 0.645508 0.104492 0.150391 
0 0.150879 0.520508 0.149414 0.158203 
0 0.137207 0.638184 0.147461 0.163086 
0 0.75 0.791016 0.144531 0.175781 
