0 0.0268555 0.239258 0.0517578 0.0839844 
0 0.976562 0.776855 0.046875 0.102539 
0 0.963867 0.217773 0.0488281 0.0566406 
0 0.68457 0.935059 0.0800781 0.0751953 
0 0.733398 0.958984 0.0644531 0.0820312 
0 0.447754 0.729492 0.0556641 0.0878906 
0 0.0185547 0.96582 0.0371094 0.0683594 
0 0.702637 0.870605 0.0732422 0.0693359 
0 0.166016 0.445801 0.101562 0.141602 
0 0.987793 0.974609 0.0244141 0.0507812 
0 0.691406 0.757812 0.0585938 0.0585938 
0 0.925293 0.981934 0.0947266 0.0361328 
0 0.0917969 0.0439453 0.0917969 0.0878906 
0 0.47168 0.364746 0.0683594 0.0634766 
0 0.835938 0.971191 0.0820312 0.0576172 
0 0.750977 0.0195312 0.146484 0.0390625 
0 0.469238 0.438965 0.0732422 0.0771484 
0 0.969238 0.862793 0.0615234 0.0908203 
0 0.12793 0.976074 0.179688 0.0478516 
0 0.218262 0.788086 0.0673828 0.0683594 
0 0.634277 0.870117 0.0791016 0.0644531 
0 0.245605 0.719727 0.0986328 0.101562 
0 0.20166 0.83252 0.0771484 0.0732422 
0 0.195312 0.908203 0.0800781 0.0820312 
0 0.744629 0.515625 0.0693359 0.078125 
0 0.392578 0.890625 0.101562 0.0820312 
0 0.171875 0.725586 0.0722656 0.0761719 
0 0.904297 0.0234375 0.101562 0.046875 
0 0.972656 0.48291 0.0546875 0.0654297 
0 0.242676 0.956055 0.0654297 0.0722656 
0 0.320312 0.808105 0.0742188 0.0732422 
0 0.433594 0.833984 0.0683594 0.0703125 
0 0.889648 0.147949 0.0605469 0.0693359 
0 0.671387 0.8125 0.114258 0.0703125 
0 0.927246 0.251953 0.0693359 0.0859375 
0 0.360352 0.741211 0.0644531 0.0761719 
0 0.0556641 0.884277 0.111328 0.0908203 
0 0.313477 0.046875 0.0644531 0.0644531 
0 0.739746 0.0732422 0.0634766 0.0742188 
0 0.532715 0.320312 0.0791016 0.123047 
0 0.264648 0.530762 0.0917969 0.0712891 
0 0.15332 0.0512695 0.0878906 0.102539 
0 0.267578 0.884277 0.0703125 0.0791016 
0 0.678711 0.569336 0.09375 0.150391 
0 0.845703 0.770508 0.0976562 0.0878906 
0 0.285645 0.347656 0.0771484 0.0742188 
0 0.787598 0.874023 0.0888672 0.0957031 
0 0.392578 0.256348 0.0722656 0.0869141 
0 0.641602 0.0581055 0.0996094 0.0810547 
0 0.601562 0.961914 0.0820312 0.0761719 
0 0.106445 0.743652 0.0761719 0.0810547 
