0 0.687012 0.146484 0.0771484 0.0507812 
0 0.823242 0.991211 0.0742188 0.0175781 
0 0.00732422 0.720703 0.0146484 0.0429688 
0 0.371582 0.785156 0.0498047 0.0507812 
0 0.983398 0.0625 0.0332031 0.0800781 
0 0.0131836 0.510254 0.0263672 0.0830078 
0 0.535156 0.368652 0.0664062 0.0595703 
0 0.550293 0.32373 0.0869141 0.0712891 
0 0.901855 0.724609 0.0595703 0.0742188 
0 0.732422 0.0161133 0.0800781 0.0322266 
0 0.625977 0.0273438 0.0839844 0.0546875 
0 0.342773 0.568848 0.0761719 0.0654297 
0 0.858398 0.703125 0.0605469 0.0898438 
0 0.933594 0.29248 0.0820312 0.0615234 
0 0.300293 0.599609 0.0966797 0.0859375 
0 0.147461 0.235352 0.0683594 0.0644531 
0 0.328613 0.787109 0.0517578 0.0625 
0 0.864258 0.267578 0.0878906 0.0742188 
0 0.339355 0.645996 0.0849609 0.0576172 
0 0.650391 0.191406 0.117188 0.078125 
0 0.355469 0.109863 0.0820312 0.0654297 
0 0.256348 0.283203 0.0869141 0.0820312 
0 0.850586 0.0507812 0.0917969 0.0996094 
0 0.970703 0.680664 0.0585938 0.0683594 
0 0.959473 0.754395 0.0654297 0.0751953 
0 0.518555 0.124023 0.0878906 0.0800781 
0 0.974121 0.961914 0.0517578 0.0742188 
0 0.177734 0.55127 0.0820312 0.0654297 
0 0.945312 0.229004 0.109375 0.0732422 
0 0.452148 0.136719 0.0722656 0.101562 
0 0.379883 0.183105 0.0625 0.0830078 
0 0.589844 0.769531 0.0742188 0.0742188 
0 0.569336 0.597168 0.0722656 0.0654297 
0 0.137695 0.171387 0.0683594 0.0771484 
0 0.0229492 0.242676 0.0458984 0.0712891 
0 0.328125 0.71875 0.078125 0.0742188 
0 0.786133 0.109375 0.158203 0.101562 
0 0.72168 0.864258 0.0800781 0.0800781 
0 0.404297 0.676758 0.0820312 0.0800781 
0 0.660645 0.0869141 0.0947266 0.09375 
0 0.262207 0.799805 0.0771484 0.0722656 
0 0.884766 0.345703 0.0625 0.0664062 
0 0.807129 0.576172 0.0927734 0.0703125 
0 0.763672 0.222168 0.0976562 0.0751953 
0 0.522461 0.779297 0.0800781 0.0644531 
0 0.787598 0.773438 0.0693359 0.0859375 
0 0.307617 0.195801 0.0878906 0.0751953 
0 0.0708008 0.431641 0.0673828 0.09375 
0 0.251953 0.863281 0.0644531 0.0800781 
0 0.163086 0.382812 0.0683594 0.0703125 
0 0.576172 0.679199 0.101562 0.0888672 
0 0.0522461 0.788086 0.0693359 0.0683594 
0 0.424805 0.309082 0.09375 0.0712891 
0 0.100586 0.625 0.0800781 0.0859375 
