0 0.206543 0.559082 0.106445 0.0615234 
0 0.62207 0.526367 0.0605469 0.0761719 
0 0.669434 0.101074 0.12793 0.106445 
0 0.0605469 0.449219 0.121094 0.0742188 
0 0.616211 0.453125 0.0683594 0.0742188 
0 0.233398 0.0366211 0.115234 0.0732422 
0 0.908691 0.544434 0.0810547 0.108398 
0 0.35498 0.453613 0.0634766 0.0537109 
0 0.838867 0.371582 0.0839844 0.178711 
0 0.928223 0.47168 0.141602 0.0839844 
0 0.761719 0.112305 0.0898438 0.134766 
0 0.258301 0.405273 0.0888672 0.0722656 
0 0.0654297 0.869141 0.126953 0.0761719 
0 0.501953 0.456543 0.0546875 0.0595703 
0 0.0859375 0.0732422 0.0644531 0.09375 
0 0.248047 0.326172 0.134766 0.105469 
0 0.195312 0.506836 0.0761719 0.138672 
0 0.0205078 0.971191 0.0410156 0.0576172 
0 0.567383 0.556152 0.0800781 0.110352 
0 0.0595703 0.768066 0.0605469 0.0654297 
0 0.333984 0.775391 0.0839844 0.0859375 
0 0.199707 0.172852 0.0771484 0.0644531 
0 0.504883 0.380859 0.0683594 0.0566406 
0 0.864258 0.665039 0.171875 0.162109 
0 0.344727 0.513672 0.154297 0.0683594 
0 0.449219 0.333008 0.0761719 0.0820312 
0 0.34668 0.886719 0.0742188 0.128906 
0 0.417969 0.126465 0.078125 0.106445 
0 0.107422 0.273926 0.175781 0.114258 
0 0.732422 0.552734 0.0898438 0.0703125 
0 0.514648 0.11377 0.0683594 0.149414 
0 0.516602 0.894531 0.107422 0.109375 
0 0.224121 0.885742 0.165039 0.126953 
0 0.679688 0.900391 0.105469 0.179688 
0 0.575195 0.27002 0.167969 0.145508 
0 0.800781 0.864746 0.101562 0.178711 
0 0.458984 0.600098 0.0820312 0.194336 
0 0.667969 0.748047 0.148438 0.191406 
0 0.956543 0.160156 0.0830078 0.175781 
