0 0.501953 0.312988 0.09375 0.0419922 
0 0.215332 0.114258 0.0400391 0.0742188 
0 0.985352 0.272949 0.0292969 0.0673828 
0 0.136719 0.0166016 0.214844 0.0332031 
0 0.0136719 0.709961 0.0273438 0.0527344 
0 0.488281 0.21875 0.0546875 0.0332031 
0 0.17041 0.961914 0.0654297 0.0488281 
0 0.0205078 0.664551 0.0410156 0.0517578 
0 0.652344 0.682129 0.0664062 0.0419922 
0 0.650391 0.597168 0.113281 0.0400391 
0 0.973633 0.78418 0.0527344 0.0371094 
0 0.44043 0.520996 0.0800781 0.0419922 
0 0.916016 0.5 0.0683594 0.0351562 
0 0.970703 0.976562 0.0527344 0.0429688 
0 0.244629 0.166992 0.0419922 0.119141 
0 0.0317383 0.390625 0.0634766 0.169922 
0 0.19873 0.510742 0.0595703 0.0527344 
0 0.108887 0.239258 0.100586 0.0683594 
0 0.0595703 0.628906 0.101562 0.0566406 
0 0.708496 0.0361328 0.0419922 0.0722656 
0 0.79541 0.48584 0.0712891 0.0634766 
0 0.279785 0.147461 0.0341797 0.0878906 
0 0.547852 0.571777 0.0449219 0.0888672 
0 0.914062 0.463379 0.101562 0.0361328 
0 0.977051 0.0244141 0.0439453 0.0488281 
0 0.969727 0.104492 0.0605469 0.0488281 
0 0.881348 0.646484 0.135742 0.0429688 
0 0.0883789 0.92334 0.0615234 0.15332 
0 0.491211 0.561523 0.0449219 0.0957031 
0 0.550781 0.353516 0.0605469 0.0371094 
0 0.282227 0.830078 0.0996094 0.046875 
0 0.471191 0.0415039 0.102539 0.0419922 
0 0.416504 0.316895 0.112305 0.0595703 
0 0.692383 0.94043 0.0410156 0.0683594 
0 0.0561523 0.583008 0.0771484 0.046875 
0 0.100098 0.16748 0.0888672 0.0634766 
0 0.239258 0.458984 0.0605469 0.0820312 
0 0.609375 0.245117 0.0507812 0.0664062 
0 0.523926 0.736328 0.0400391 0.105469 
0 0.852539 0.0913086 0.0449219 0.147461 
0 0.355957 0.140137 0.0537109 0.137695 
0 0.639648 0.0410156 0.0644531 0.0820312 
0 0.374023 0.459961 0.103516 0.0585938 
0 0.793945 0.102051 0.0566406 0.0576172 
0 0.223633 0.660156 0.0566406 0.0585938 
0 0.899902 0.561523 0.149414 0.0976562 
0 0.679688 0.276367 0.09375 0.246094 
0 0.186523 0.571777 0.0839844 0.0517578 
0 0.755859 0.835449 0.0664062 0.0791016 
0 0.681641 0.853027 0.0761719 0.0615234 
0 0.0600586 0.298828 0.0693359 0.0644531 
0 0.369629 0.532227 0.0654297 0.0800781 
0 0.577148 0.304688 0.105469 0.177734 
0 0.526367 0.168945 0.107422 0.121094 
0 0.0625 0.539062 0.0507812 0.0742188 
0 0.418945 0.155762 0.0742188 0.12207 
0 0.849609 0.364258 0.0664062 0.132812 
0 0.115234 0.373047 0.0859375 0.0859375 
0 0.286133 0.53418 0.0566406 0.0722656 
0 0.259277 0.276855 0.0927734 0.0771484 
