0 0.26123 0.651367 0.0771484 0.0722656 
0 0.585938 0.0268555 0.115234 0.0537109 
0 0.0268555 0.211426 0.0537109 0.15918 
0 0.0981445 0.65918 0.0888672 0.134766 
0 0.976074 0.602539 0.0478516 0.121094 
0 0.389648 0.797852 0.105469 0.142578 
0 0.955078 0.166504 0.0898438 0.112305 
0 0.352051 0.280273 0.102539 0.138672 
0 0.860352 0.955566 0.142578 0.0869141 
0 0.960449 0.387695 0.0791016 0.0898438 
0 0.776367 0.600586 0.126953 0.0917969 
0 0.380859 0.935547 0.0976562 0.125 
0 0.704102 0.40332 0.0761719 0.0742188 
0 0.536133 0.965332 0.103516 0.0693359 
0 0.859375 0.763672 0.125 0.0917969 
0 0.0864258 0.904297 0.168945 0.164062 
0 0.487793 0.754883 0.102539 0.113281 
0 0.769531 0.104492 0.15625 0.152344 
0 0.298828 0.131348 0.0664062 0.0810547 
0 0.203125 0.154297 0.0859375 0.208984 
0 0.519531 0.313477 0.0820312 0.117188 
0 0.229492 0.697266 0.123047 0.152344 
0 0.63916 0.868652 0.176758 0.202148 
0 0.182129 0.379883 0.0771484 0.132812 
0 0.826172 0.44043 0.113281 0.146484 
0 0.0380859 0.422852 0.0742188 0.220703 
