0 0.983398 0.81543 0.0332031 0.0976562 
0 0.34375 0.80127 0.0585938 0.114258 
0 0.0131836 0.601562 0.0263672 0.0664062 
0 0.417969 0.0761719 0.101562 0.0742188 
0 0.0161133 0.677246 0.0322266 0.0830078 
0 0.195801 0.0317383 0.0908203 0.0634766 
0 0.499512 0.312988 0.0732422 0.0791016 
0 0.45166 0.739258 0.0576172 0.0878906 
0 0.323242 0.294922 0.0644531 0.167969 
0 0.705078 0.104004 0.0664062 0.0986328 
0 0.17627 0.348145 0.147461 0.15918 
0 0.308105 0.84082 0.0927734 0.207031 
0 0.97998 0.950195 0.0400391 0.0566406 
0 0.560547 0.367188 0.0546875 0.0507812 
0 0.751953 0.310059 0.078125 0.12207 
0 0.101562 0.345703 0.0683594 0.152344 
0 0.378906 0.191406 0.111328 0.189453 
0 0.0234375 0.291504 0.046875 0.0849609 
0 0.76416 0.112305 0.0947266 0.0800781 
0 0.848145 0.972656 0.0615234 0.0507812 
0 0.297363 0.361328 0.0751953 0.164062 
0 0.588867 0.785156 0.0957031 0.0917969 
0 0.717773 0.475586 0.105469 0.123047 
0 0.742676 0.189941 0.174805 0.0947266 
0 0.299316 0.977539 0.0830078 0.0449219 
0 0.835938 0.586426 0.0664062 0.0576172 
0 0.896484 0.272949 0.0625 0.0986328 
0 0.316895 0.537109 0.0712891 0.128906 
0 0.521484 0.186523 0.0820312 0.123047 
0 0.521484 0.857422 0.0820312 0.150391 
0 0.511719 0.732422 0.0839844 0.0820312 
0 0.523926 0.0639648 0.0810547 0.108398 
0 0.765137 0.950195 0.0791016 0.0722656 
0 0.393555 0.658203 0.0878906 0.195312 
0 0.812012 0.420898 0.0693359 0.0800781 
0 0.96875 0.508301 0.0625 0.104492 
0 0.685547 0.94873 0.0585938 0.0634766 
0 0.864258 0.916016 0.134766 0.0976562 
0 0.0454102 0.77832 0.0576172 0.0703125 
0 0.143555 0.149902 0.0839844 0.0927734 
0 0.603516 0.905273 0.0566406 0.0761719 
0 0.296387 0.0864258 0.106445 0.172852 
0 0.433105 0.373535 0.0751953 0.0693359 
0 0.0751953 0.45752 0.0722656 0.112305 
0 0.235352 0.687988 0.125 0.100586 
0 0.776855 0.689453 0.0654297 0.0761719 
0 0.963867 0.856445 0.0683594 0.105469 
0 0.213867 0.474609 0.111328 0.132812 
0 0.833984 0.291504 0.0859375 0.0693359 
0 0.868164 0.456543 0.0605469 0.135742 
0 0.950195 0.743164 0.0996094 0.115234 
0 0.283203 0.613281 0.101562 0.109375 
0 0.45459 0.463867 0.104492 0.0800781 
0 0.869141 0.746094 0.0742188 0.0644531 
0 0.919434 0.615723 0.0654297 0.0751953 
0 0.438965 0.958496 0.0693359 0.0810547 
0 0.074707 0.964844 0.0771484 0.0703125 
0 0.0454102 0.0429688 0.0908203 0.0859375 
0 0.568359 0.651367 0.0820312 0.0996094 
0 0.835938 0.805664 0.0722656 0.0683594 
0 0.664551 0.854004 0.0771484 0.0771484 
