0 0.431641 0.734863 0.175781 0.288086 
0 0.449707 0.855469 0.0888672 0.0898438 
0 0.942383 0.650391 0.115234 0.183594 
0 0.231934 0.0307617 0.100586 0.0615234 
0 0.59668 0.0927734 0.134766 0.0800781 
0 0.919434 0.526855 0.0966797 0.381836 
0 0.090332 0.552246 0.0966797 0.235352 
0 0.0844727 0.788574 0.0771484 0.0869141 
0 0.107422 0.0634766 0.0742188 0.115234 
0 0.797852 0.800781 0.134766 0.0664062 
0 0.15918 0.835938 0.117188 0.158203 
0 0.290527 0.526367 0.0986328 0.333984 
0 0.45166 0.467773 0.0888672 0.0761719 
0 0.435547 0.371094 0.101562 0.125 
0 0.448242 0.158691 0.138672 0.290039 
0 0.248047 0.303711 0.0742188 0.0742188 
0 0.274414 0.162109 0.0957031 0.115234 
0 0.111816 0.402832 0.166992 0.143555 
0 0.944336 0.895508 0.111328 0.185547 
0 0.896484 0.103516 0.164062 0.134766 
