0 0.520996 0.945312 0.0654297 0.0585938 
0 0.696289 0.808105 0.0878906 0.0693359 
0 0.473633 0.403809 0.0917969 0.200195 
0 0.977539 0.459961 0.0449219 0.130859 
0 0.760742 0.844238 0.113281 0.0712891 
0 0.63623 0.788086 0.0693359 0.0996094 
0 0.609863 0.106445 0.110352 0.078125 
0 0.46875 0.60498 0.121094 0.100586 
0 0.470703 0.0488281 0.132812 0.0898438 
0 0.517578 0.879395 0.113281 0.0849609 
0 0.929688 0.62207 0.103516 0.0996094 
0 0.414062 0.844238 0.0800781 0.110352 
0 0.211914 0.601074 0.105469 0.110352 
0 0.0673828 0.709961 0.134766 0.0742188 
0 0.287109 0.222168 0.117188 0.243164 
0 0.708008 0.533203 0.0917969 0.224609 
0 0.257324 0.734375 0.24707 0.132812 
0 0.570801 0.223633 0.0908203 0.150391 
0 0.835938 0.554199 0.0820312 0.106445 
0 0.68457 0.358398 0.136719 0.166016 
