0 0.0136719 0.534668 0.0273438 0.0791016 
0 0.48291 0.111328 0.104492 0.0820312 
0 0.081543 0.979492 0.0751953 0.0410156 
0 0.457031 0.158691 0.09375 0.0927734 
0 0.59082 0.108398 0.0996094 0.0683594 
0 0.287109 0.273926 0.0917969 0.124023 
0 0.536133 0.166016 0.107422 0.0742188 
0 0.765625 0.0786133 0.121094 0.110352 
0 0.259277 0.654297 0.0673828 0.0625 
0 0.136719 0.972656 0.0625 0.0546875 
0 0.398438 0.795898 0.0820312 0.0644531 
0 0.35498 0.764648 0.0869141 0.0664062 
0 0.215332 0.603516 0.0654297 0.0605469 
0 0.563477 0.52832 0.0839844 0.0800781 
0 0.165039 0.744141 0.078125 0.0742188 
0 0.109375 0.384766 0.101562 0.105469 
0 0.817383 0.970215 0.0917969 0.0595703 
0 0.216309 0.476562 0.0615234 0.0820312 
0 0.202148 0.231934 0.0820312 0.0712891 
0 0.589844 0.253418 0.0722656 0.0771484 
0 0.0742188 0.486816 0.0585938 0.0634766 
0 0.280762 0.91748 0.0673828 0.0673828 
0 0.197754 0.166992 0.0830078 0.0703125 
0 0.0351562 0.689941 0.0703125 0.100586 
0 0.479004 0.0209961 0.0986328 0.0419922 
0 0.231934 0.314453 0.0927734 0.0664062 
0 0.352539 0.430176 0.078125 0.0615234 
0 0.96875 0.0522461 0.0625 0.0888672 
0 0.960938 0.195801 0.078125 0.0869141 
0 0.607422 0.0439453 0.111328 0.0820312 
0 0.216797 0.046875 0.0703125 0.0898438 
0 0.208496 0.943359 0.0654297 0.0722656 
0 0.745605 0.62793 0.137695 0.0839844 
0 0.303711 0.163086 0.0761719 0.0996094 
0 0.414551 0.514648 0.0966797 0.0957031 
0 0.805664 0.294922 0.115234 0.0957031 
0 0.905273 0.711914 0.101562 0.0800781 
