0 0.286621 0.624512 0.0615234 0.0341797 
0 0.0175781 0.871094 0.0351562 0.0273438 
0 0.304199 0.871094 0.0634766 0.0429688 
0 0.761719 0.983398 0.0664062 0.0332031 
0 0.987305 0.37207 0.0253906 0.0410156 
0 0.73584 0.660156 0.0634766 0.0390625 
0 0.133301 0.811523 0.0888672 0.0332031 
0 0.949219 0.638672 0.0625 0.03125 
0 0.141602 0.529297 0.0820312 0.0273438 
0 0.197266 0.946777 0.136719 0.0498047 
0 0.620117 0.918945 0.0527344 0.0371094 
0 0.456543 0.280762 0.0595703 0.0400391 
0 0.947266 0.706543 0.0703125 0.0419922 
0 0.602539 0.29541 0.0761719 0.0283203 
0 0.907227 0.495605 0.0839844 0.0400391 
0 0.731445 0.44043 0.0683594 0.0410156 
0 0.373535 0.316406 0.0732422 0.03125 
0 0.772949 0.876465 0.0751953 0.0283203 
0 0.904297 0.855469 0.0703125 0.0390625 
0 0.172852 0.685547 0.0605469 0.03125 
0 0.464844 0.8125 0.0546875 0.0351562 
0 0.359863 0.871094 0.0751953 0.0390625 
0 0.34668 0.946289 0.0761719 0.0390625 
0 0.475586 0.923828 0.0761719 0.0351562 
0 0.825684 0.130859 0.0556641 0.0410156 
0 0.490234 0.783203 0.078125 0.03125 
0 0.435547 0.871582 0.0742188 0.0439453 
0 0.943848 0.9375 0.0771484 0.046875 
0 0.92041 0.538086 0.0771484 0.0449219 
0 0.735352 0.619141 0.0761719 0.046875 
0 0.711914 0.0336914 0.0566406 0.0341797 
0 0.527832 0.302734 0.0634766 0.0253906 
0 0.734863 0.165527 0.0673828 0.0380859 
0 0.330566 0.286621 0.0634766 0.0341797 
0 0.204102 0.788574 0.0878906 0.0380859 
0 0.952148 0.246582 0.0703125 0.0400391 
0 0.918945 0.90332 0.0898438 0.0371094 
0 0.845703 0.853516 0.0703125 0.0429688 
0 0.70166 0.133301 0.0771484 0.0361328 
0 0.369629 0.459473 0.0654297 0.0263672 
0 0.0996094 0.976562 0.0800781 0.03125 
0 0.570312 0.325684 0.0859375 0.0361328 
0 0.382324 0.602539 0.0751953 0.0351562 
0 0.279785 0.59668 0.0927734 0.0507812 
0 0.719727 0.897949 0.0839844 0.0439453 
0 0.860352 0.242676 0.0957031 0.0458984 
0 0.078125 0.834961 0.0898438 0.0449219 
0 0.192383 0.893555 0.078125 0.0488281 
0 0.375 0.491211 0.0722656 0.0332031 
0 0.587891 0.630371 0.0742188 0.0419922 
0 0.830566 0.20752 0.0517578 0.0400391 
0 0.697754 0.49707 0.0576172 0.0527344 
0 0.397949 0.663086 0.0654297 0.0527344 
0 0.543945 0.560547 0.0683594 0.0507812 
0 0.512207 0.132324 0.0830078 0.0478516 
0 0.23877 0.533691 0.0927734 0.0498047 
0 0.0585938 0.0986328 0.0625 0.046875 
0 0.145996 0.863281 0.0908203 0.0507812 
0 0.960938 0.293945 0.078125 0.0625 
0 0.144043 0.255371 0.0751953 0.0478516 
0 0.0419922 0.945312 0.078125 0.0449219 
0 0.231934 0.119141 0.0869141 0.0429688 
0 0.10498 0.589844 0.0947266 0.0390625 
0 0.759766 0.253418 0.0820312 0.0478516 
0 0.685059 0.337402 0.0556641 0.0322266 
0 0.109863 0.142578 0.0947266 0.0507812 
0 0.0854492 0.48291 0.0927734 0.0361328 
0 0.583984 0.18457 0.0898438 0.0410156 
0 0.256836 0.175293 0.0742188 0.0419922 
0 0.672852 0.156738 0.0605469 0.0556641 
0 0.104492 0.303711 0.0761719 0.0429688 
0 0.320312 0.167969 0.0683594 0.0429688 
0 0.737305 0.0898438 0.0566406 0.0527344 
0 0.963379 0.0561523 0.0654297 0.0458984 
0 0.194336 0.412598 0.130859 0.0556641 
0 0.254883 0.226562 0.0605469 0.0742188 
