0 0.990723 0.273926 0.0185547 0.0654297 
0 0.597168 0.658203 0.0478516 0.078125 
0 0.645508 0.42334 0.0410156 0.0419922 
0 0.845703 0.564453 0.0605469 0.0585938 
0 0.679688 0.962402 0.046875 0.0478516 
0 0.309082 0.0249023 0.0693359 0.0498047 
0 0.466797 0.844727 0.0800781 0.0917969 
0 0.496094 0.043457 0.0507812 0.0634766 
0 0.72168 0.980469 0.0566406 0.0390625 
0 0.384277 0.471191 0.0634766 0.0634766 
0 0.137207 0.444336 0.0634766 0.0625 
0 0.259277 0.345703 0.0556641 0.0429688 
0 0.80957 0.190918 0.0683594 0.0595703 
0 0.4375 0.402832 0.0449219 0.0771484 
0 0.601562 0.601562 0.0585938 0.0644531 
0 0.0976562 0.0883789 0.0898438 0.0869141 
0 0.916992 0.549805 0.0761719 0.0644531 
0 0.96875 0.209473 0.0625 0.0693359 
0 0.258301 0.0390625 0.112305 0.078125 
0 0.122559 0.722656 0.0615234 0.09375 
0 0.716797 0.535645 0.0605469 0.0751953 
0 0.881836 0.506348 0.0566406 0.0712891 
0 0.626953 0.192871 0.0800781 0.0693359 
0 0.649902 0.634766 0.0908203 0.0820312 
0 0.568359 0.153809 0.0585938 0.0634766 
0 0.771484 0.786133 0.0625 0.0800781 
0 0.946289 0.859375 0.0722656 0.0585938 
0 0.825684 0.503906 0.0791016 0.0957031 
0 0.613281 0.474609 0.0703125 0.0703125 
0 0.75 0.369141 0.0703125 0.0898438 
0 0.402832 0.754883 0.0732422 0.0722656 
0 0.189453 0.480469 0.0859375 0.0742188 
0 0.776855 0.955566 0.0751953 0.0830078 
0 0.863281 0.164551 0.0625 0.0673828 
0 0.604492 0.837891 0.0800781 0.0742188 
0 0.330566 0.686523 0.0947266 0.0605469 
0 0.961914 0.326172 0.0722656 0.164062 
0 0.751953 0.603027 0.0625 0.0634766 
0 0.839844 0.741211 0.0625 0.0644531 
0 0.364746 0.581543 0.145508 0.0654297 
0 0.710449 0.766113 0.0732422 0.0771484 
0 0.426758 0.940918 0.0605469 0.0849609 
0 0.96875 0.0771484 0.0625 0.0859375 
0 0.54834 0.494141 0.0751953 0.109375 
0 0.579102 0.0541992 0.0722656 0.0712891 
0 0.486816 0.382812 0.0634766 0.105469 
0 0.370605 0.0341797 0.0693359 0.0683594 
0 0.291992 0.319336 0.0683594 0.0742188 
0 0.112305 0.172852 0.0898438 0.109375 
0 0.309082 0.11377 0.102539 0.0966797 
0 0.298828 0.901367 0.078125 0.111328 
0 0.0375977 0.732422 0.0751953 0.0683594 
