0 0.143066 0.985352 0.0810547 0.0292969 
0 0.489258 0.328613 0.0488281 0.0576172 
0 0.439941 0.0214844 0.0732422 0.0429688 
0 0.726562 0.563965 0.126953 0.0869141 
0 0.270996 0.544434 0.0712891 0.0673828 
0 0.0854492 0.701172 0.0654297 0.0625 
0 0.64502 0.410645 0.125977 0.0751953 
0 0.87207 0.0185547 0.103516 0.0371094 
0 0.240723 0.616211 0.0654297 0.0644531 
0 0.237793 0.686523 0.0634766 0.0742188 
0 0.707031 0.473633 0.0820312 0.078125 
0 0.517578 0.0327148 0.105469 0.0654297 
0 0.741211 0.248535 0.0722656 0.0537109 
0 0.95752 0.302246 0.0849609 0.133789 
0 0.322754 0.667969 0.0927734 0.109375 
0 0.181152 0.84375 0.114258 0.0742188 
0 0.85791 0.681641 0.0927734 0.078125 
0 0.817383 0.15332 0.126953 0.0898438 
0 0.84082 0.619629 0.0722656 0.0595703 
0 0.708984 0.046875 0.0859375 0.0625 
0 0.0419922 0.661133 0.0839844 0.103516 
0 0.857422 0.974609 0.0722656 0.0507812 
0 0.384766 0.589844 0.078125 0.0859375 
0 0.262695 0.469238 0.142578 0.0908203 
0 0.043457 0.265625 0.0849609 0.0976562 
0 0.0854492 0.483398 0.0771484 0.09375 
0 0.650391 0.776367 0.09375 0.103516 
0 0.0454102 0.0966797 0.0849609 0.0839844 
0 0.301758 0.276367 0.0898438 0.123047 
0 0.271973 0.959961 0.0869141 0.0800781 
0 0.677246 0.938477 0.0791016 0.115234 
