0 0.0947266 0.389648 0.0449219 0.0351562 
0 0.349121 0.765137 0.0869141 0.0283203 
0 0.756836 0.355469 0.0527344 0.0703125 
0 0.768555 0.835449 0.0449219 0.0302734 
0 0.150879 0.773438 0.104492 0.046875 
0 0.81543 0.765625 0.0332031 0.0898438 
0 0.664551 0.0136719 0.0615234 0.0273438 
0 0.461914 0.0205078 0.0996094 0.0410156 
0 0.0449219 0.703125 0.0898438 0.0527344 
0 0.777832 0.132812 0.0283203 0.0703125 
0 0.450684 0.312012 0.104492 0.0458984 
0 0.170898 0.266602 0.128906 0.0527344 
0 0.373535 0.902344 0.0478516 0.0703125 
0 0.438477 0.240234 0.0917969 0.0332031 
0 0.0463867 0.0161133 0.0869141 0.0322266 
0 0.312012 0.734375 0.0810547 0.0507812 
0 0.113281 0.808594 0.0722656 0.046875 
0 0.814453 0.591797 0.0664062 0.0507812 
0 0.374023 0.615723 0.0859375 0.0439453 
0 0.688477 0.748047 0.0683594 0.0410156 
0 0.969727 0.892578 0.0527344 0.0488281 
0 0.270508 0.622559 0.0917969 0.0458984 
0 0.822754 0.263184 0.0419922 0.0400391 
0 0.224121 0.758301 0.0849609 0.0712891 
0 0.235352 0.408691 0.0703125 0.0458984 
0 0.376953 0.0576172 0.0664062 0.115234 
0 0.617188 0.581543 0.0605469 0.0458984 
0 0.307617 0.363281 0.0527344 0.0644531 
0 0.749512 0.32373 0.0791016 0.0595703 
0 0.413086 0.976562 0.103516 0.046875 
0 0.842773 0.635742 0.0605469 0.0761719 
0 0.732422 0.883789 0.144531 0.0488281 
0 0.540039 0.318359 0.107422 0.0507812 
0 0.314453 0.672852 0.117188 0.0917969 
0 0.910156 0.807129 0.113281 0.0576172 
0 0.0644531 0.13623 0.125 0.0869141 
0 0.809082 0.404297 0.0615234 0.0605469 
0 0.873047 0.544922 0.0585938 0.0664062 
0 0.177734 0.885742 0.0683594 0.0527344 
0 0.905273 0.632812 0.0488281 0.0722656 
0 0.0820312 0.246094 0.0585938 0.0820312 
0 0.712891 0.51709 0.0585938 0.0869141 
0 0.387207 0.685547 0.0869141 0.0585938 
0 0.36377 0.929688 0.0791016 0.0664062 
0 0.979492 0.537109 0.0410156 0.0859375 
0 0.0673828 0.762207 0.0644531 0.0771484 
0 0.449707 0.852051 0.15918 0.110352 
0 0.0498047 0.291504 0.0976562 0.0712891 
0 0.300781 0.480469 0.144531 0.109375 
0 0.522461 0.702148 0.117188 0.09375 
0 0.759766 0.666504 0.111328 0.0927734 
0 0.514648 0.583496 0.0839844 0.0654297 
