0 0.0078125 0.0170898 0.015625 0.0341797 
0 0.00830078 0.902344 0.0166016 0.0390625 
0 0.525879 0.624023 0.0537109 0.0332031 
0 0.473145 0.931641 0.0498047 0.0898438 
0 0.788086 0.165527 0.0292969 0.108398 
0 0.304199 0.662109 0.0263672 0.0625 
0 0.944336 0.427734 0.0371094 0.09375 
0 0.466797 0.626953 0.046875 0.0742188 
0 0.757324 0.665039 0.0439453 0.0488281 
0 0.0253906 0.34668 0.0507812 0.0605469 
0 0.824219 0.689453 0.0859375 0.0429688 
0 0.81543 0.191895 0.0410156 0.125977 
0 0.787109 0.740234 0.046875 0.0625 
0 0.977539 0.25293 0.0449219 0.078125 
0 0.411133 0.027832 0.0332031 0.0556641 
0 0.750977 0.29541 0.0839844 0.0458984 
0 0.986328 0.849121 0.0273438 0.106445 
0 0.913574 0.416016 0.0322266 0.113281 
0 0.245605 0.337402 0.0244141 0.0771484 
0 0.936523 0.0878906 0.0332031 0.121094 
0 0.51123 0.860352 0.0380859 0.0683594 
0 0.705566 0.595215 0.0361328 0.110352 
0 0.0131836 0.801758 0.0244141 0.0917969 
0 0.0244141 0.640625 0.0390625 0.0410156 
0 0.919922 0.529785 0.0429688 0.129883 
0 0.53418 0.659668 0.107422 0.0498047 
0 0.127441 0.0200195 0.0537109 0.0400391 
0 0.792969 0.478516 0.0351562 0.078125 
0 0.484863 0.916016 0.0498047 0.0683594 
0 0.646484 0.59668 0.0429688 0.0957031 
0 0.0537109 0.700195 0.107422 0.0449219 
0 0.981934 0.772461 0.0361328 0.0839844 
0 0.21875 0.0820312 0.046875 0.0839844 
0 0.908691 0.0297852 0.0458984 0.0595703 
0 0.740234 0.841797 0.0351562 0.0644531 
0 0.648438 0.0859375 0.046875 0.117188 
0 0.229492 0.0585938 0.0410156 0.0859375 
0 0.944336 0.871094 0.0410156 0.105469 
0 0.727539 0.969238 0.0644531 0.0537109 
0 0.154297 0.642578 0.0800781 0.0449219 
0 0.946289 0.19873 0.0488281 0.104492 
0 0.148926 0.95459 0.0595703 0.0654297 
0 0.426758 0.938477 0.0761719 0.0703125 
0 0.793945 0.870117 0.0332031 0.0566406 
0 0.0341797 0.321777 0.0585938 0.0869141 
0 0.0776367 0.520508 0.0478516 0.0917969 
0 0.577148 0.865234 0.0957031 0.0664062 
0 0.34082 0.615234 0.0507812 0.0664062 
0 0.355957 0.315918 0.0478516 0.120117 
0 0.131348 0.355469 0.0498047 0.101562 
0 0.676758 0.456543 0.0644531 0.0830078 
0 0.342773 0.509766 0.046875 0.0742188 
0 0.763672 0.758789 0.0761719 0.0917969 
0 0.158203 0.855469 0.0429688 0.0820312 
0 0.12793 0.552734 0.0527344 0.0820312 
0 0.567383 0.229492 0.0703125 0.0878906 
0 0.11084 0.181152 0.0517578 0.0888672 
0 0.51123 0.761719 0.0537109 0.0820312 
0 0.360352 0.128906 0.0957031 0.0898438 
0 0.580078 0.59375 0.0820312 0.078125 
0 0.21582 0.168457 0.0664062 0.106445 
0 0.666504 0.311523 0.0634766 0.111328 
0 0.36084 0.773438 0.0634766 0.0703125 
0 0.666992 0.22168 0.0605469 0.0664062 
0 0.300293 0.897949 0.0615234 0.0634766 
0 0.782227 0.573242 0.0722656 0.0917969 
0 0.132812 0.499023 0.105469 0.111328 
0 0.463867 0.490234 0.0800781 0.0742188 
0 0.511719 0.437988 0.0859375 0.112305 
