0 0.817383 0.964844 0.046875 0.0566406 
0 0.716309 0.904785 0.0732422 0.19043 
0 0.661621 0.905273 0.137695 0.189453 
0 0.88916 0.666016 0.22168 0.09375 
0 0.422363 0.369141 0.104492 0.0761719 
0 0.90332 0.701172 0.193359 0.0625 
0 0.952637 0.772461 0.0947266 0.0449219 
0 0.462402 0.0615234 0.176758 0.123047 
0 0.123535 0.0878906 0.0615234 0.0878906 
0 0.273926 0.212891 0.102539 0.185547 
0 0.762695 0.940918 0.109375 0.116211 
0 0.361328 0.307617 0.0664062 0.123047 
0 0.964844 0.513672 0.0703125 0.183594 
0 0.0234375 0.44873 0.046875 0.141602 
0 0.416504 0.972656 0.0810547 0.0546875 
0 0.386719 0.231445 0.0839844 0.0605469 
0 0.695312 0.0341797 0.0585938 0.0683594 
0 0.132812 0.223633 0.0585938 0.0605469 
0 0.662109 0.0654297 0.0585938 0.117188 
0 0.422363 0.302734 0.0888672 0.125 
0 0.173828 0.95752 0.105469 0.0849609 
0 0.119629 0.165039 0.0654297 0.0683594 
0 0.182617 0.391602 0.179688 0.119141 
0 0.82666 0.348145 0.151367 0.0771484 
0 0.0424805 0.0517578 0.0849609 0.103516 
0 0.895996 0.0498047 0.125977 0.0996094 
0 0.32666 0.131348 0.100586 0.135742 
0 0.725586 0.132812 0.171875 0.222656 
0 0.616211 0.395508 0.0761719 0.150391 
0 0.918945 0.907715 0.162109 0.18457 
0 0.318848 0.944336 0.172852 0.111328 
