0 0.130371 0.246582 0.108398 0.0791016 
0 0.676758 0.0498047 0.0644531 0.0878906 
0 0.43457 0.711914 0.0546875 0.0546875 
0 0.633789 0.428711 0.138672 0.126953 
0 0.453125 0.525391 0.0839844 0.0605469 
0 0.564453 0.55957 0.113281 0.0917969 
0 0.0449219 0.382324 0.0898438 0.0732422 
0 0.169434 0.670898 0.0751953 0.0722656 
0 0.744141 0.0854492 0.078125 0.0712891 
0 0.0478516 0.0649414 0.09375 0.0986328 
0 0.639648 0.321289 0.0546875 0.128906 
0 0.802246 0.0205078 0.108398 0.0410156 
0 0.744141 0.532715 0.128906 0.0888672 
0 0.679688 0.203125 0.0839844 0.224609 
0 0.170898 0.114258 0.130859 0.09375 
0 0.15332 0.365234 0.142578 0.0664062 
0 0.668945 0.69043 0.117188 0.0761719 
0 0.325684 0.16748 0.116211 0.0771484 
0 0.517578 0.69043 0.101562 0.078125 
0 0.337891 0.849609 0.0839844 0.265625 
0 0.349609 0.0820312 0.109375 0.0839844 
0 0.882324 0.748535 0.102539 0.0830078 
0 0.472168 0.293945 0.0830078 0.0976562 
0 0.879883 0.558594 0.0761719 0.253906 
0 0.814453 0.912109 0.09375 0.164062 
0 0.215332 0.916016 0.131836 0.15625 
0 0.0410156 0.625977 0.0820312 0.107422 
0 0.484375 0.88916 0.103516 0.22168 
0 0.338379 0.454102 0.106445 0.166016 
0 0.0390625 0.94043 0.0761719 0.119141 
