0 0.150391 0.699707 0.0605469 0.110352 
0 0.895508 0.955566 0.0859375 0.0869141 
0 0.512207 0.439453 0.0654297 0.0898438 
0 0.710938 0.753906 0.078125 0.195312 
0 0.450195 0.26123 0.0800781 0.0634766 
0 0.967773 0.548828 0.0644531 0.078125 
0 0.0200195 0.829102 0.0400391 0.0722656 
0 0.0454102 0.0791016 0.0908203 0.0898438 
0 0.683594 0.409668 0.0859375 0.225586 
0 0.580078 0.0205078 0.0839844 0.0410156 
0 0.294434 0.54834 0.0732422 0.108398 
0 0.583496 0.46875 0.151367 0.103516 
0 0.79248 0.629883 0.0654297 0.0957031 
0 0.19043 0.628906 0.142578 0.0703125 
0 0.65332 0.962891 0.154297 0.0742188 
0 0.927734 0.625488 0.0625 0.0615234 
0 0.127441 0.772461 0.112305 0.0800781 
0 0.602051 0.59375 0.141602 0.0761719 
0 0.943848 0.40332 0.112305 0.078125 
0 0.870117 0.21582 0.0878906 0.0996094 
0 0.556641 0.316406 0.123047 0.0703125 
0 0.899414 0.902344 0.134766 0.121094 
0 0.413574 0.159668 0.106445 0.0712891 
0 0.930664 0.0317383 0.123047 0.0634766 
0 0.388672 0.456055 0.150391 0.0878906 
0 0.268555 0.339355 0.111328 0.0693359 
0 0.643555 0.160156 0.09375 0.0820312 
0 0.177734 0.0786133 0.0761719 0.102539 
0 0.307129 0.896484 0.0849609 0.203125 
0 0.384766 0.642578 0.115234 0.0898438 
0 0.487793 0.0639648 0.0615234 0.0751953 
0 0.367188 0.0537109 0.107422 0.0820312 
0 0.3125 0.242188 0.0839844 0.148438 
0 0.17334 0.408691 0.0791016 0.0849609 
0 0.941895 0.105469 0.114258 0.0859375 
0 0.226074 0.518555 0.100586 0.0839844 
0 0.867188 0.475586 0.15625 0.119141 
0 0.385742 0.842773 0.0839844 0.138672 
0 0.729492 0.0878906 0.0839844 0.109375 
0 0.813477 0.291016 0.0761719 0.09375 
0 0.046875 0.369141 0.09375 0.0976562 
0 0.941406 0.768066 0.113281 0.133789 
