0 0.61084 0.0639648 0.366211 0.12793 
0 0.954102 0.0820312 0.0917969 0.164062 
0 0.48584 0.849609 0.227539 0.109375 
0 0.97168 0.213379 0.0566406 0.100586 
0 0.785156 0.270508 0.296875 0.0996094 
0 0.325195 0.53418 0.189453 0.0761719 
0 0.632324 0.964355 0.112305 0.0712891 
0 0.0888672 0.935059 0.121094 0.129883 
0 0.445312 0.513672 0.136719 0.0742188 
0 0.0444336 0.492188 0.0888672 0.0917969 
0 0.605469 0.552246 0.101562 0.0791016 
0 0.395996 0.605469 0.260742 0.125 
0 0.0639648 0.449707 0.124023 0.0908203 
0 0.887695 0.635742 0.212891 0.0722656 
0 0.0463867 0.236328 0.0927734 0.294922 
0 0.822266 0.51123 0.136719 0.135742 
0 0.0625 0.39209 0.125 0.0791016 
0 0.0444336 0.0615234 0.0888672 0.123047 
0 0.165527 0.494629 0.102539 0.133789 
