0 0.019043 0.977539 0.0380859 0.0449219 
0 0.733887 0.0175781 0.129883 0.0351562 
0 0.532715 0.255859 0.100586 0.113281 
0 0.43457 0.510742 0.0839844 0.103516 
0 0.0263672 0.624023 0.0527344 0.0917969 
0 0.617188 0.773438 0.0898438 0.101562 
0 0.41748 0.702148 0.0771484 0.0605469 
0 0.790039 0.568359 0.0996094 0.0898438 
0 0.863281 0.330078 0.144531 0.105469 
0 0.104492 0.625977 0.0722656 0.0800781 
0 0.328125 0.138184 0.109375 0.12207 
0 0.210449 0.0551758 0.116211 0.110352 
0 0.602539 0.399414 0.105469 0.130859 
0 0.839844 0.891113 0.115234 0.145508 
0 0.79834 0.735352 0.141602 0.146484 
0 0.945312 0.143066 0.09375 0.0986328 
0 0.680664 0.887695 0.115234 0.162109 
0 0.0771484 0.390137 0.148438 0.19043 
