0 0.582031 0.982422 0.0800781 0.0351562 
0 0.163574 0.0859375 0.0537109 0.0625 
0 0.165039 0.983887 0.0703125 0.0322266 
0 0.385254 0.829102 0.0732422 0.0917969 
0 0.258789 0.0849609 0.0917969 0.0898438 
0 0.371582 0.0170898 0.0595703 0.0341797 
0 0.757812 0.978027 0.111328 0.0439453 
0 0.283691 0.403809 0.116211 0.0732422 
0 0.0561523 0.720703 0.0966797 0.0878906 
0 0.191406 0.344238 0.0664062 0.0576172 
0 0.340332 0.758789 0.0888672 0.0761719 
0 0.595703 0.253906 0.0859375 0.0664062 
0 0.179688 0.882812 0.101562 0.078125 
0 0.662109 0.758301 0.0976562 0.0673828 
0 0.572266 0.801758 0.0976562 0.0957031 
0 0.204102 0.142578 0.0761719 0.0605469 
0 0.0668945 0.059082 0.0791016 0.0732422 
0 0.191895 0.628906 0.0791016 0.0664062 
0 0.414062 0.318359 0.0878906 0.0703125 
0 0.0258789 0.779297 0.0517578 0.0898438 
0 0.219238 0.706055 0.0908203 0.0839844 
0 0.456543 0.939453 0.0947266 0.0742188 
0 0.711914 0.650391 0.0800781 0.0664062 
0 0.546875 0.368164 0.078125 0.0742188 
0 0.818359 0.741699 0.105469 0.0888672 
0 0.0527344 0.97168 0.0722656 0.0566406 
0 0.0356445 0.188477 0.0712891 0.078125 
0 0.391113 0.0771484 0.0927734 0.0917969 
0 0.754883 0.915527 0.0839844 0.0810547 
0 0.555176 0.152832 0.125977 0.0791016 
0 0.774414 0.0605469 0.0898438 0.109375 
0 0.967773 0.239258 0.0644531 0.0878906 
0 0.267578 0.972656 0.078125 0.0546875 
0 0.620605 0.47998 0.0751953 0.0791016 
0 0.286621 0.226074 0.0771484 0.0712891 
0 0.300781 0.591309 0.132812 0.0810547 
0 0.0703125 0.575195 0.0996094 0.0878906 
0 0.418945 0.213867 0.0839844 0.103516 
0 0.706055 0.44873 0.0898438 0.178711 
0 0.945312 0.489258 0.0820312 0.148438 
