0 0.848633 0.11084 0.0683594 0.0576172 
0 0.977051 0.299316 0.0458984 0.0732422 
0 0.399414 0.19043 0.128906 0.0683594 
0 0.437988 0.228516 0.124023 0.0625 
0 0.399414 0.536133 0.0488281 0.0449219 
0 0.742188 0.126465 0.0800781 0.0634766 
0 0.277344 0.870117 0.0644531 0.0644531 
0 0.0336914 0.84082 0.0615234 0.0527344 
0 0.821777 0.871094 0.0478516 0.0546875 
0 0.241211 0.140625 0.0800781 0.117188 
0 0.47168 0.717773 0.115234 0.0722656 
0 0.730469 0.0200195 0.125 0.0400391 
0 0.334473 0.910156 0.0888672 0.101562 
0 0.922852 0.834961 0.0644531 0.0683594 
0 0.078125 0.747559 0.0644531 0.0576172 
0 0.821289 0.798828 0.0761719 0.0625 
0 0.767578 0.177734 0.09375 0.0742188 
0 0.788086 0.911133 0.107422 0.0605469 
0 0.916992 0.372559 0.103516 0.0712891 
0 0.155762 0.36084 0.0654297 0.0556641 
0 0.306641 0.175293 0.148438 0.0908203 
0 0.878906 0.0532227 0.0800781 0.0595703 
0 0.065918 0.370605 0.0673828 0.0654297 
0 0.646484 0.450195 0.0664062 0.0585938 
0 0.404297 0.455566 0.0859375 0.0732422 
0 0.554688 0.268555 0.101562 0.0644531 
0 0.0966797 0.831055 0.0800781 0.0644531 
0 0.583984 0.650391 0.0898438 0.0820312 
0 0.767578 0.541992 0.107422 0.0566406 
0 0.5625 0.509766 0.0703125 0.0761719 
0 0.090332 0.485352 0.0673828 0.078125 
0 0.921875 0.206055 0.0976562 0.0644531 
0 0.762695 0.979492 0.103516 0.0410156 
0 0.563477 0.353516 0.0878906 0.0664062 
0 0.768066 0.617188 0.0634766 0.0664062 
0 0.787109 0.347168 0.140625 0.0732422 
0 0.628906 0.57373 0.0664062 0.0673828 
0 0.866211 0.477539 0.0722656 0.0644531 
0 0.28418 0.491211 0.0683594 0.0761719 
0 0.478516 0.935547 0.105469 0.101562 
0 0.0209961 0.557617 0.0419922 0.0644531 
0 0.388672 0.369141 0.148438 0.0703125 
0 0.930664 0.59082 0.134766 0.0996094 
0 0.890137 0.962402 0.116211 0.0634766 
0 0.0380859 0.953125 0.0683594 0.09375 
0 0.555176 0.0395508 0.0849609 0.0791016 
0 0.179688 0.939453 0.0800781 0.121094 
