0 0.795898 0.984375 0.0820312 0.03125 
0 0.174805 0.983887 0.0839844 0.0322266 
0 0.0131836 0.737305 0.0263672 0.130859 
0 0.689453 0.560547 0.0488281 0.046875 
0 0.310547 0.0219727 0.078125 0.0439453 
0 0.410645 0.530273 0.0810547 0.0800781 
0 0.223145 0.0341797 0.100586 0.0683594 
0 0.137207 0.569336 0.0986328 0.0703125 
0 0.926758 0.212891 0.115234 0.0800781 
0 0.509766 0.970703 0.121094 0.0585938 
0 0.324707 0.385742 0.0849609 0.0742188 
0 0.163574 0.635742 0.110352 0.0839844 
0 0.977539 0.638672 0.0449219 0.136719 
0 0.42627 0.931152 0.0771484 0.0673828 
0 0.107422 0.511719 0.0683594 0.0625 
0 0.969727 0.458496 0.0605469 0.0830078 
0 0.0712891 0.324219 0.113281 0.0683594 
0 0.800781 0.906738 0.078125 0.0712891 
0 0.545898 0.816406 0.0957031 0.0625 
0 0.0551758 0.421875 0.104492 0.128906 
0 0.546387 0.750977 0.104492 0.0722656 
0 0.0214844 0.574219 0.0429688 0.128906 
0 0.677734 0.932617 0.117188 0.0800781 
0 0.831055 0.612305 0.0644531 0.078125 
0 0.388672 0.617676 0.115234 0.0869141 
0 0.146484 0.0463867 0.0839844 0.0927734 
0 0.187988 0.455566 0.110352 0.0732422 
0 0.927734 0.0771484 0.0820312 0.0898438 
0 0.602539 0.458496 0.0839844 0.106445 
0 0.767578 0.449219 0.078125 0.101562 
