0 0.649414 0.972168 0.0722656 0.0556641 
0 0.880371 0.112305 0.0732422 0.0605469 
0 0.0200195 0.95166 0.0400391 0.0751953 
0 0.58252 0.471191 0.0556641 0.0693359 
0 0.269043 0.982422 0.106445 0.0351562 
0 0.577148 0.513184 0.078125 0.0791016 
0 0.170898 0.675293 0.154297 0.0732422 
0 0.960938 0.944336 0.078125 0.111328 
0 0.973633 0.410645 0.0527344 0.0849609 
0 0.618164 0.425293 0.115234 0.0673828 
0 0.814453 0.932617 0.0820312 0.0917969 
0 0.460449 0.0327148 0.131836 0.0654297 
0 0.699219 0.421387 0.0917969 0.0791016 
0 0.223633 0.486816 0.113281 0.104492 
0 0.384766 0.182129 0.0957031 0.0810547 
0 0.136719 0.421875 0.0742188 0.0800781 
0 0.753906 0.740234 0.0722656 0.109375 
0 0.68457 0.619141 0.0976562 0.0761719 
0 0.857422 0.613281 0.152344 0.0859375 
0 0.441895 0.73584 0.131836 0.0830078 
0 0.705078 0.730469 0.0644531 0.132812 
0 0.205078 0.30127 0.103516 0.0830078 
0 0.65625 0.51123 0.0703125 0.0771484 
0 0.108887 0.568359 0.0693359 0.246094 
0 0.48877 0.459961 0.0986328 0.0800781 
0 0.895996 0.857422 0.106445 0.121094 
0 0.0493164 0.23584 0.0810547 0.0947266 
0 0.77832 0.0541992 0.0722656 0.108398 
0 0.327148 0.129395 0.111328 0.106445 
0 0.824707 0.255859 0.135742 0.109375 
0 0.577148 0.344727 0.140625 0.107422 
0 0.0375977 0.479492 0.0751953 0.0917969 
0 0.616211 0.897461 0.166016 0.138672 
0 0.337891 0.70752 0.125 0.151367 
