0 0.450684 0.835938 0.0654297 0.0625 
0 0.564453 0.916992 0.0898438 0.0839844 
0 0.349609 0.26416 0.121094 0.0634766 
0 0.320312 0.967773 0.078125 0.0644531 
0 0.375 0.131348 0.0976562 0.0869141 
0 0.227051 0.105469 0.0888672 0.0800781 
0 0.59668 0.977539 0.138672 0.0449219 
0 0.0273438 0.519531 0.0546875 0.0742188 
0 0.459961 0.717285 0.0878906 0.0810547 
0 0.358887 0.206543 0.108398 0.0927734 
0 0.366699 0.904297 0.0751953 0.0957031 
0 0.147949 0.191406 0.0771484 0.111328 
0 0.432129 0.0400391 0.0771484 0.0742188 
0 0.296875 0.888672 0.0800781 0.0683594 
0 0.953125 0.837891 0.0664062 0.09375 
0 0.335938 0.705078 0.109375 0.09375 
0 0.442383 0.936523 0.0644531 0.115234 
0 0.23584 0.177246 0.135742 0.139648 
0 0.826172 0.865234 0.0800781 0.0585938 
0 0.174316 0.495605 0.0888672 0.124023 
0 0.542969 0.803223 0.101562 0.139648 
0 0.700195 0.854492 0.0839844 0.115234 
