0 0.113281 0.580566 0.0761719 0.0576172 
0 0.96582 0.708496 0.0683594 0.106445 
0 0.566406 0.0292969 0.0976562 0.0585938 
0 0.944824 0.936523 0.110352 0.0996094 
0 0.0756836 0.96875 0.100586 0.0625 
0 0.217285 0.505859 0.0947266 0.109375 
0 0.186523 0.234375 0.0761719 0.0742188 
0 0.435059 0.585449 0.124023 0.0888672 
0 0.938477 0.0366211 0.119141 0.0732422 
0 0.351074 0.380859 0.104492 0.101562 
0 0.453613 0.410156 0.108398 0.0859375 
0 0.548828 0.0986328 0.0976562 0.0859375 
0 0.856445 0.224609 0.119141 0.140625 
0 0.316406 0.489746 0.101562 0.0947266 
0 0.255859 0.19043 0.113281 0.154297 
0 0.470215 0.192871 0.133789 0.0986328 
0 0.291992 0.84375 0.140625 0.113281 
0 0.913086 0.551758 0.123047 0.205078 
0 0.945312 0.168457 0.109375 0.0966797 
0 0.577148 0.943848 0.142578 0.110352 
0 0.165527 0.306152 0.0751953 0.0751953 
0 0.601562 0.296875 0.113281 0.101562 
0 0.161621 0.943848 0.104492 0.104492 
0 0.595215 0.418457 0.120117 0.104492 
0 0.158203 0.790039 0.121094 0.111328 
0 0.355469 0.762695 0.09375 0.103516 
0 0.513184 0.790527 0.0986328 0.120117 
