0 0.177734 0.989746 0.0820312 0.0205078 
0 0.460938 0.972168 0.0820312 0.0556641 
0 0.922363 0.804688 0.0927734 0.046875 
0 0.0942383 0.466309 0.0556641 0.0517578 
0 0.26416 0.410156 0.0576172 0.046875 
0 0.401367 0.851074 0.0566406 0.0595703 
0 0.780762 0.621094 0.0908203 0.0625 
0 0.69043 0.751953 0.0585938 0.0585938 
0 0.208984 0.404785 0.0605469 0.0439453 
0 0.945312 0.839844 0.101562 0.0507812 
0 0.30957 0.875 0.0644531 0.0625 
0 0.5625 0.663086 0.078125 0.0664062 
0 0.904297 0.375977 0.0507812 0.0664062 
0 0.381836 0.0146484 0.0566406 0.0292969 
0 0.640137 0.763672 0.0634766 0.0585938 
0 0.0756836 0.376953 0.0556641 0.0507812 
0 0.127441 0.090332 0.0888672 0.0654297 
0 0.69043 0.983887 0.0644531 0.0322266 
0 0.204102 0.0151367 0.0722656 0.0302734 
0 0.75 0.762207 0.0820312 0.0576172 
0 0.517578 0.602539 0.105469 0.0683594 
0 0.266113 0.474121 0.0615234 0.0498047 
0 0.663086 0.551758 0.09375 0.0605469 
0 0.702148 0.351562 0.109375 0.125 
0 0.109863 0.328613 0.0595703 0.0615234 
0 0.118164 0.950195 0.0488281 0.0410156 
0 0.975586 0.121094 0.0488281 0.0546875 
0 0.181641 0.464844 0.046875 0.0683594 
0 0.520508 0.982422 0.0605469 0.0351562 
0 0.868164 0.0493164 0.0664062 0.0517578 
0 0.822266 0.933594 0.0507812 0.0507812 
0 0.406738 0.916992 0.0849609 0.107422 
0 0.445312 0.815918 0.0722656 0.0537109 
0 0.0234375 0.823242 0.046875 0.0566406 
0 0.358398 0.742188 0.0957031 0.0527344 
0 0.243164 0.910156 0.0683594 0.0507812 
0 0.104004 0.418945 0.0673828 0.0644531 
0 0.787598 0.785645 0.0888672 0.0771484 
0 0.253418 0.347168 0.0556641 0.0498047 
0 0.697266 0.826172 0.0722656 0.0546875 
0 0.954102 0.160156 0.0566406 0.046875 
0 0.151367 0.533691 0.0722656 0.0517578 
0 0.662109 0.494629 0.128906 0.0888672 
0 0.670898 0.621582 0.0859375 0.0673828 
0 0.0371094 0.31543 0.0722656 0.101562 
0 0.97168 0.452148 0.0566406 0.0488281 
0 0.566406 0.0322266 0.0585938 0.0644531 
0 0.848633 0.827148 0.0878906 0.0644531 
0 0.128906 0.836914 0.0585938 0.0546875 
0 0.744629 0.0458984 0.0634766 0.0527344 
0 0.908203 0.893555 0.115234 0.0605469 
0 0.639648 0.928223 0.0839844 0.0595703 
0 0.591309 0.836914 0.108398 0.0605469 
0 0.375488 0.619629 0.0712891 0.151367 
0 0.45752 0.3125 0.0927734 0.0546875 
0 0.719727 0.945312 0.0722656 0.0507812 
0 0.837891 0.566895 0.0820312 0.0615234 
0 0.034668 0.769531 0.0693359 0.0742188 
0 0.417969 0.480469 0.09375 0.0703125 
0 0.684082 0.296875 0.114258 0.105469 
0 0.867188 0.97168 0.0917969 0.0566406 
0 0.453125 0.683594 0.0839844 0.109375 
0 0.411621 0.371094 0.108398 0.0839844 
0 0.949219 0.37207 0.0644531 0.0917969 
0 0.804688 0.492188 0.0742188 0.0585938 
0 0.978516 0.958984 0.0429688 0.0820312 
0 0.583984 0.127441 0.0585938 0.0771484 
0 0.956055 0.516602 0.0761719 0.078125 
0 0.050293 0.974121 0.100586 0.0517578 
0 0.0239258 0.881348 0.0478516 0.0712891 
0 0.587402 0.961914 0.0888672 0.0683594 
0 0.263184 0.728516 0.0693359 0.0996094 
0 0.251465 0.554199 0.112305 0.0615234 
0 0.458984 0.0307617 0.0664062 0.0615234 
0 0.34082 0.299316 0.0585938 0.0908203 
0 0.921875 0.62793 0.125 0.0625 
