0 0.0605469 0.00927734 0.0625 0.0185547 
0 0.234375 0.961914 0.078125 0.0761719 
0 0.183594 0.530273 0.117188 0.0683594 
0 0.848145 0.190918 0.0537109 0.0537109 
0 0.338379 0.866699 0.0927734 0.0712891 
0 0.933594 0.723633 0.0742188 0.0839844 
0 0.180664 0.975586 0.150391 0.0488281 
0 0.956055 0.964844 0.0859375 0.0703125 
0 0.128418 0.88623 0.0771484 0.108398 
0 0.121094 0.621094 0.0683594 0.105469 
0 0.98291 0.167969 0.0341797 0.117188 
0 0.535645 0.978516 0.110352 0.0429688 
0 0.953125 0.758301 0.09375 0.118164 
0 0.698242 0.790039 0.0527344 0.0800781 
0 0.6875 0.211914 0.0605469 0.0625 
0 0.80957 0.106934 0.0761719 0.0732422 
0 0.602051 0.834961 0.102539 0.107422 
0 0.355957 0.151855 0.0556641 0.0673828 
0 0.0200195 0.746582 0.0400391 0.0810547 
0 0.125488 0.139648 0.124023 0.0683594 
0 0.0683594 0.105469 0.136719 0.0878906 
0 0.70166 0.312988 0.0849609 0.125977 
0 0.861816 0.286133 0.227539 0.150391 
0 0.573242 0.766602 0.0644531 0.0585938 
0 0.777344 0.750977 0.105469 0.0996094 
0 0.55957 0.475586 0.0957031 0.0683594 
0 0.469727 0.722656 0.107422 0.105469 
0 0.347168 0.621094 0.0849609 0.111328 
0 0.420898 0.901855 0.0761719 0.145508 
0 0.810547 0.0439453 0.0898438 0.0878906 
0 0.354492 0.939941 0.0664062 0.116211 
0 0.183594 0.45459 0.119141 0.0654297 
0 0.358398 0.0874023 0.113281 0.104492 
0 0.108398 0.370605 0.107422 0.104492 
0 0.402344 0.538086 0.0917969 0.0996094 
0 0.166504 0.628906 0.0810547 0.0820312 
0 0.205566 0.871094 0.125977 0.109375 
0 0.524902 0.0239258 0.0595703 0.0478516 
0 0.779297 0.197266 0.0625 0.0703125 
0 0.338867 0.400879 0.0996094 0.0888672 
0 0.836914 0.819336 0.0722656 0.0800781 
0 0.0615234 0.696289 0.115234 0.0722656 
0 0.633301 0.441406 0.0771484 0.148438 
0 0.43457 0.632812 0.0878906 0.0761719 
0 0.522949 0.84082 0.0947266 0.0996094 
0 0.705566 0.476074 0.0908203 0.161133 
0 0.0727539 0.839844 0.124023 0.160156 
0 0.683105 0.918457 0.0771484 0.15918 
0 0.879883 0.460938 0.0820312 0.144531 
0 0.582031 0.559082 0.0820312 0.0712891 
0 0.500488 0.171387 0.0947266 0.131836 
0 0.223633 0.760254 0.0878906 0.0830078 
0 0.227539 0.167969 0.0976562 0.078125 
0 0.614258 0.124023 0.0878906 0.125 
0 0.672852 0.670898 0.101562 0.105469 
0 0.32373 0.737305 0.0654297 0.0800781 
0 0.865234 0.675781 0.0820312 0.0976562 
