0 0.0131836 0.589355 0.0263672 0.0751953 
0 0.680664 0.691406 0.107422 0.0898438 
0 0.112305 0.36084 0.0917969 0.0673828 
0 0.598633 0.317383 0.0839844 0.107422 
0 0.660156 0.790527 0.0683594 0.0732422 
0 0.678223 0.257812 0.104492 0.0996094 
0 0.744141 0.626953 0.0976562 0.0898438 
0 0.979492 0.349121 0.0410156 0.0908203 
0 0.822266 0.132812 0.0859375 0.0800781 
0 0.729492 0.889648 0.0917969 0.0957031 
0 0.466309 0.474121 0.0576172 0.0673828 
0 0.84082 0.898926 0.0800781 0.0908203 
0 0.196777 0.760742 0.0693359 0.0839844 
0 0.646484 0.918457 0.09375 0.0830078 
0 0.074707 0.785645 0.0849609 0.100586 
0 0.904297 0.558594 0.101562 0.0898438 
0 0.292969 0.234863 0.09375 0.0654297 
0 0.841309 0.693848 0.0966797 0.110352 
0 0.49707 0.1875 0.0605469 0.0820312 
0 0.0371094 0.918945 0.0742188 0.119141 
0 0.123535 0.0366211 0.0732422 0.0732422 
0 0.101562 0.144531 0.0839844 0.0683594 
0 0.559082 0.0488281 0.0888672 0.0800781 
0 0.804199 0.0463867 0.102539 0.0869141 
0 0.728516 0.335938 0.0859375 0.0976562 
