0 0.748047 0.410645 0.109375 0.0478516 
0 0.370605 0.438965 0.135742 0.0791016 
0 0.741211 0.532227 0.115234 0.0527344 
0 0.444824 0.384766 0.100586 0.0449219 
0 0.425781 0.975586 0.0820312 0.0410156 
0 0.0283203 0.0512695 0.0566406 0.0712891 
0 0.966309 0.95459 0.0673828 0.0751953 
0 0.512207 0.337891 0.0869141 0.0429688 
0 0.152344 0.986328 0.09375 0.0273438 
0 0.84668 0.0419922 0.111328 0.0664062 
0 0.902344 0.980957 0.09375 0.0380859 
0 0.788086 0.438477 0.166016 0.046875 
0 0.206543 0.0742188 0.0830078 0.0273438 
0 0.658203 0.0605469 0.0800781 0.0722656 
0 0.259766 0.396484 0.105469 0.0605469 
0 0.152344 0.0175781 0.078125 0.0351562 
0 0.951172 0.422363 0.0839844 0.0517578 
0 0.122559 0.859375 0.19043 0.0644531 
0 0.901367 0.46582 0.181641 0.046875 
0 0.850098 0.125 0.131836 0.0566406 
0 0.541504 0.974121 0.0966797 0.0361328 
0 0.827637 0.842285 0.102539 0.0478516 
0 0.950195 0.0185547 0.0996094 0.0371094 
0 0.628906 0.491211 0.117188 0.0722656 
0 0.475586 0.339844 0.0917969 0.0546875 
0 0.694336 0.0664062 0.138672 0.078125 
0 0.412109 0.12793 0.078125 0.0664062 
0 0.133301 0.290039 0.0849609 0.0488281 
0 0.133301 0.336426 0.0537109 0.0791016 
0 0.587891 0.391113 0.121094 0.0595703 
0 0.752441 0.129883 0.114258 0.046875 
0 0.950195 0.863281 0.0800781 0.078125 
0 0.164062 0.913086 0.109375 0.0683594 
0 0.380371 0.213867 0.104492 0.0371094 
0 0.461426 0.131836 0.135742 0.0625 
0 0.956055 0.236328 0.0878906 0.0351562 
0 0.124023 0.106934 0.212891 0.0556641 
0 0.0825195 0.415527 0.163086 0.0537109 
0 0.811523 0.889648 0.09375 0.0664062 
0 0.385254 0.862793 0.110352 0.0439453 
0 0.480957 0.53418 0.106445 0.0449219 
0 0.256348 0.141113 0.118164 0.0439453 
0 0.896484 0.879883 0.0820312 0.0683594 
0 0.539551 0.884766 0.0888672 0.0429688 
0 0.379395 0.930664 0.124023 0.0410156 
0 0.48584 0.457031 0.143555 0.046875 
0 0.0625 0.552734 0.125 0.0625 
0 0.0727539 0.494141 0.129883 0.0625 
0 0.505859 0.200195 0.117188 0.0429688 
0 0.0888672 0.645996 0.169922 0.0576172 
0 0.244141 0.490723 0.101562 0.0537109 
0 0.393066 0.379395 0.100586 0.124023 
0 0.0727539 0.156738 0.12793 0.0810547 
0 0.397461 0.0224609 0.0957031 0.0449219 
0 0.956543 0.835449 0.0869141 0.0791016 
0 0.741211 0.487793 0.144531 0.0654297 
0 0.619141 0.128418 0.105469 0.0634766 
0 0.750488 0.0585938 0.0693359 0.0839844 
0 0.704102 0.842773 0.0605469 0.123047 
0 0.544922 0.0478516 0.0976562 0.0722656 
0 0.240234 0.260254 0.0820312 0.118164 
0 0.501465 0.293945 0.0947266 0.0742188 
0 0.574219 0.331543 0.0859375 0.100586 
0 0.152832 0.753906 0.12207 0.101562 
0 0.0722656 0.891602 0.136719 0.150391 
