0 0.0292969 0.871094 0.0585938 0.121094 
0 0.761719 0.910156 0.164062 0.144531 
0 0.82959 0.554688 0.12793 0.15625 
0 0.681641 0.144043 0.0742188 0.137695 
0 0.933594 0.965332 0.0898438 0.0673828 
0 0.717773 0.954102 0.128906 0.0917969 
0 0.570312 0.0961914 0.113281 0.120117 
0 0.692383 0.0512695 0.123047 0.102539 
0 0.503418 0.835449 0.106445 0.116211 
0 0.760742 0.682129 0.142578 0.15332 
0 0.393066 0.300293 0.182617 0.124023 
0 0.45166 0.703125 0.15918 0.125 
0 0.387695 0.078125 0.138672 0.15625 
