0 0.594727 0.763672 0.0605469 0.0585938 
0 0.566895 0.240723 0.0986328 0.0751953 
0 0.32959 0.696777 0.0615234 0.0693359 
0 0.981445 0.509766 0.0371094 0.0703125 
0 0.572266 0.207031 0.0976562 0.0527344 
0 0.978516 0.680664 0.0429688 0.0566406 
0 0.884766 0.808105 0.109375 0.100586 
0 0.374023 0.679199 0.0683594 0.0693359 
0 0.225586 0.158691 0.0488281 0.0908203 
0 0.963867 0.600586 0.0722656 0.0800781 
0 0.779785 0.772461 0.0634766 0.0683594 
0 0.908203 0.632812 0.0898438 0.0585938 
0 0.964355 0.222168 0.0712891 0.0830078 
0 0.927734 0.0249023 0.144531 0.0498047 
0 0.87207 0.723145 0.0703125 0.0908203 
0 0.182617 0.279297 0.0722656 0.109375 
0 0.588867 0.714844 0.0898438 0.0800781 
0 0.109863 0.191406 0.106445 0.0722656 
0 0.0766602 0.472168 0.0810547 0.0556641 
0 0.82666 0.119629 0.0908203 0.0908203 
0 0.129395 0.805176 0.0595703 0.0732422 
0 0.54541 0.0302734 0.108398 0.0605469 
0 0.130859 0.0288086 0.0800781 0.0576172 
0 0.822266 0.976074 0.111328 0.0478516 
0 0.206055 0.651367 0.078125 0.0722656 
0 0.407715 0.773438 0.0576172 0.0585938 
0 0.15918 0.470703 0.0683594 0.0898438 
0 0.181641 0.0522461 0.0742188 0.0595703 
0 0.538574 0.318359 0.106445 0.0742188 
0 0.712891 0.601562 0.0859375 0.15625 
0 0.357422 0.0800781 0.0722656 0.0800781 
0 0.304688 0.17334 0.0859375 0.0849609 
0 0.292969 0.888184 0.107422 0.0673828 
0 0.77832 0.700195 0.0742188 0.0566406 
0 0.949707 0.119141 0.0986328 0.0859375 
0 0.0517578 0.280273 0.0878906 0.0839844 
0 0.228027 0.814453 0.0888672 0.09375 
0 0.46582 0.131836 0.0800781 0.134766 
0 0.460938 0.417969 0.0664062 0.0625 
0 0.11084 0.105957 0.0634766 0.0654297 
0 0.414062 0.368652 0.078125 0.0634766 
0 0.114258 0.726562 0.0742188 0.0625 
0 0.0288086 0.736328 0.0576172 0.0625 
0 0.958984 0.975098 0.0820312 0.0498047 
0 0.259766 0.366699 0.0625 0.0673828 
0 0.763672 0.342773 0.132812 0.224609 
0 0.57959 0.516602 0.0908203 0.115234 
0 0.325195 0.254395 0.09375 0.0693359 
0 0.0429688 0.834961 0.0859375 0.0996094 
0 0.0429688 0.046875 0.0546875 0.09375 
0 0.267578 0.537598 0.0722656 0.145508 
