0 0.0219727 0.745117 0.0439453 0.0839844 
0 0.125 0.783203 0.0820312 0.0585938 
0 0.0380859 0.356445 0.0761719 0.0527344 
0 0.974121 0.0283203 0.0517578 0.0566406 
0 0.897461 0.65332 0.0449219 0.0449219 
0 0.277344 0.28125 0.117188 0.0625 
0 0.839844 0.609375 0.105469 0.0546875 
0 0.0444336 0.71582 0.0673828 0.0644531 
0 0.0400391 0.227539 0.0585938 0.0507812 
0 0.248047 0.231445 0.0683594 0.0625 
0 0.450195 0.18457 0.0703125 0.0722656 
0 0.953125 0.927734 0.0507812 0.0546875 
0 0.111816 0.688477 0.0771484 0.0605469 
0 0.811523 0.255859 0.0644531 0.0722656 
0 0.0332031 0.307617 0.0644531 0.0605469 
0 0.0869141 0.389648 0.0976562 0.0585938 
0 0.0898438 0.638672 0.0878906 0.0625 
0 0.754883 0.245605 0.0644531 0.0771484 
0 0.823242 0.656738 0.0839844 0.0732422 
0 0.976562 0.844727 0.046875 0.0761719 
0 0.387207 0.757812 0.0849609 0.0585938 
0 0.119629 0.160645 0.0966797 0.0712891 
0 0.44043 0.80957 0.0996094 0.0644531 
0 0.59375 0.29248 0.0976562 0.0927734 
0 0.027832 0.132324 0.0556641 0.0673828 
0 0.236816 0.692871 0.0615234 0.0615234 
0 0.589355 0.926758 0.100586 0.0644531 
0 0.707031 0.695312 0.0585938 0.0585938 
0 0.18457 0.828125 0.0683594 0.0742188 
0 0.544922 0.856934 0.0917969 0.161133 
0 0.946777 0.266113 0.0869141 0.0732422 
0 0.90625 0.881836 0.0605469 0.0820312 
0 0.14209 0.9375 0.0888672 0.0898438 
0 0.205566 0.30127 0.0810547 0.0830078 
0 0.88916 0.817383 0.0751953 0.0625 
0 0.477539 0.355957 0.0703125 0.0693359 
0 0.830078 0.731445 0.0664062 0.0898438 
0 0.975586 0.732422 0.0488281 0.0820312 
0 0.59668 0.364258 0.0683594 0.0683594 
0 0.292969 0.867188 0.0566406 0.0742188 
0 0.532715 0.572754 0.0654297 0.0732422 
0 0.074707 0.879883 0.0732422 0.0683594 
0 0.351562 0.416016 0.0820312 0.0761719 
0 0.0952148 0.0356445 0.0693359 0.0712891 
0 0.77832 0.824219 0.0683594 0.0625 
0 0.864258 0.40332 0.0957031 0.0625 
