0 0.0654297 0.318359 0.0546875 0.0585938 
0 0.775391 0.490234 0.158203 0.109375 
0 0.293457 0.234863 0.0830078 0.0732422 
0 0.744141 0.984375 0.078125 0.03125 
0 0.48291 0.973633 0.0712891 0.0527344 
0 0.75293 0.127441 0.0957031 0.133789 
0 0.0170898 0.507812 0.0341797 0.0898438 
0 0.520996 0.90918 0.102539 0.0800781 
0 0.916992 0.0893555 0.103516 0.0634766 
0 0.120117 0.423828 0.0761719 0.09375 
0 0.972656 0.275391 0.0546875 0.0742188 
0 0.701172 0.907227 0.0859375 0.0839844 
0 0.0419922 0.253906 0.0546875 0.0507812 
0 0.131836 0.960938 0.0625 0.0664062 
0 0.794434 0.434082 0.0654297 0.116211 
0 0.924805 0.975586 0.0722656 0.0488281 
0 0.459961 0.282227 0.103516 0.0761719 
0 0.583984 0.105957 0.0820312 0.135742 
0 0.456055 0.518066 0.0957031 0.0849609 
0 0.143066 0.335449 0.0888672 0.0712891 
0 0.262207 0.928711 0.0771484 0.0898438 
0 0.949219 0.150391 0.101562 0.0683594 
0 0.974609 0.368652 0.0507812 0.0771484 
0 0.384766 0.422852 0.0976562 0.0761719 
0 0.504883 0.0737305 0.0917969 0.147461 
0 0.148438 0.829102 0.105469 0.0742188 
0 0.0698242 0.696289 0.0654297 0.0722656 
0 0.572266 0.48584 0.121094 0.12207 
0 0.362305 0.161133 0.0820312 0.0605469 
0 0.355957 0.66748 0.116211 0.0810547 
0 0.0805664 0.555664 0.0791016 0.0761719 
0 0.598145 0.681641 0.155273 0.15625 
0 0.951172 0.785156 0.0976562 0.0742188 
0 0.794434 0.825684 0.112305 0.125977 
0 0.225586 0.584961 0.0996094 0.0820312 
0 0.392578 0.818848 0.130859 0.0810547 
0 0.102539 0.101074 0.181641 0.141602 
0 0.69043 0.327637 0.0917969 0.106445 
0 0.355469 0.963379 0.0800781 0.0732422 
0 0.263184 0.448242 0.0751953 0.115234 
