0 0.139648 0.0351562 0.0800781 0.0703125 
0 0.28125 0.914062 0.0625 0.0585938 
0 0.27832 0.80957 0.0683594 0.0664062 
0 0.67334 0.0571289 0.102539 0.0849609 
0 0.480469 0.858887 0.078125 0.0634766 
0 0.820312 0.168945 0.0585938 0.0527344 
0 0.913086 0.90918 0.0722656 0.0585938 
0 0.863281 0.832031 0.0644531 0.0585938 
0 0.952148 0.0297852 0.0585938 0.0595703 
0 0.162109 0.808594 0.0722656 0.0664062 
0 0.629395 0.0756836 0.0673828 0.0791016 
0 0.224609 0.88623 0.0625 0.0791016 
0 0.52832 0.154297 0.103516 0.0742188 
0 0.213379 0.758789 0.100586 0.0625 
0 0.0351562 0.0830078 0.0683594 0.0722656 
0 0.888672 0.755371 0.0742188 0.0849609 
0 0.614258 0.752441 0.0917969 0.0654297 
0 0.337891 0.834961 0.0742188 0.0683594 
0 0.260254 0.716797 0.0732422 0.0585938 
0 0.839844 0.0908203 0.0742188 0.0917969 
0 0.120605 0.106445 0.0830078 0.0683594 
0 0.936523 0.807129 0.0722656 0.0712891 
0 0.979492 0.1875 0.0410156 0.0605469 
0 0.813477 0.771484 0.0761719 0.0722656 
0 0.0375977 0.864258 0.0751953 0.0566406 
0 0.678223 0.777832 0.0732422 0.100586 
0 0.52002 0.638672 0.100586 0.0703125 
0 0.816406 0.222656 0.0703125 0.0664062 
0 0.438965 0.678711 0.0810547 0.0644531 
0 0.256836 0.628906 0.0761719 0.0625 
0 0.38916 0.62793 0.0869141 0.0683594 
0 0.145996 0.327637 0.0732422 0.0615234 
0 0.740234 0.835938 0.0820312 0.0742188 
0 0.0532227 0.806641 0.0654297 0.0585938 
0 0.734375 0.253906 0.0644531 0.078125 
0 0.915039 0.0966797 0.09375 0.0683594 
0 0.530273 0.764648 0.0722656 0.0664062 
0 0.84375 0.891113 0.0820312 0.102539 
0 0.171387 0.259277 0.0615234 0.0576172 
0 0.393066 0.734863 0.0888672 0.0615234 
0 0.649414 0.652344 0.0683594 0.0820312 
0 0.97168 0.925781 0.0566406 0.0859375 
0 0.904297 0.607422 0.0703125 0.0664062 
0 0.830566 0.62207 0.0673828 0.0664062 
0 0.418457 0.797852 0.0869141 0.0605469 
0 0.708984 0.647949 0.0703125 0.0771484 
0 0.043457 0.913574 0.0869141 0.0615234 
0 0.348145 0.952148 0.102539 0.0605469 
0 0.681641 0.281738 0.0683594 0.0810547 
0 0.576172 0.90625 0.0664062 0.0625 
0 0.322266 0.0922852 0.0683594 0.0693359 
0 0.576172 0.480469 0.0820312 0.121094 
0 0.635254 0.965332 0.112305 0.0673828 
