0 0.289062 0.56543 0.0722656 0.0917969 
0 0.674316 0.964355 0.125977 0.0712891 
0 0.982422 0.391113 0.0351562 0.0908203 
0 0.0869141 0.762207 0.152344 0.0498047 
0 0.189941 0.495117 0.157227 0.130859 
0 0.0253906 0.169434 0.0507812 0.0712891 
0 0.568359 0.0825195 0.0742188 0.0576172 
0 0.614258 0.268066 0.0566406 0.108398 
0 0.414062 0.883301 0.191406 0.116211 
0 0.969238 0.458496 0.0615234 0.125977 
0 0.974609 0.849609 0.0507812 0.117188 
0 0.396973 0.645508 0.131836 0.189453 
0 0.415527 0.713867 0.0791016 0.0820312 
0 0.72168 0.180664 0.0644531 0.0878906 
0 0.0581055 0.869629 0.116211 0.0927734 
0 0.246582 0.475098 0.110352 0.170898 
0 0.0869141 0.796875 0.173828 0.0859375 
0 0.268555 0.666992 0.0722656 0.0917969 
0 0.704102 0.110352 0.0839844 0.0761719 
0 0.634766 0.228516 0.0820312 0.0742188 
0 0.184082 0.158691 0.12207 0.0830078 
0 0.0429688 0.600586 0.0859375 0.0957031 
0 0.453125 0.36377 0.0703125 0.0791016 
0 0.376465 0.130371 0.0732422 0.0634766 
0 0.03125 0.0566406 0.0625 0.113281 
0 0.737305 0.366211 0.0722656 0.158203 
0 0.649902 0.348633 0.0693359 0.189453 
0 0.661133 0.0610352 0.128906 0.116211 
0 0.770508 0.202637 0.0605469 0.0615234 
0 0.526855 0.523438 0.110352 0.111328 
0 0.293945 0.250977 0.0996094 0.0605469 
0 0.392578 0.31543 0.0761719 0.111328 
0 0.539062 0.168457 0.078125 0.0654297 
0 0.10498 0.169922 0.116211 0.142578 
0 0.914551 0.343262 0.0771484 0.110352 
