0 0.414062 0.797852 0.0898438 0.0996094 
0 0.420898 0.953613 0.0898438 0.0927734 
0 0.139648 0.631836 0.119141 0.1875 
0 0.80957 0.376465 0.146484 0.116211 
0 0.21875 0.361328 0.09375 0.162109 
0 0.456055 0.925293 0.142578 0.149414 
0 0.711914 0.922852 0.181641 0.154297 
0 0.915039 0.536133 0.111328 0.150391 
0 0.29248 0.882324 0.145508 0.235352 
0 0.878906 0.341309 0.128906 0.188477 
0 0.848145 0.840332 0.0966797 0.133789 
0 0.301758 0.222168 0.128906 0.233398 
0 0.761719 0.783203 0.0996094 0.136719 
