0 0.0986328 0.640625 0.0683594 0.0742188 
0 0.019043 0.981445 0.0380859 0.0371094 
0 0.62793 0.40332 0.0527344 0.0527344 
0 0.702148 0.362305 0.0507812 0.046875 
0 0.569336 0.418457 0.0566406 0.0537109 
0 0.88623 0.553711 0.0498047 0.0722656 
0 0.980469 0.517578 0.0390625 0.0585938 
0 0.0327148 0.398438 0.0654297 0.105469 
0 0.756836 0.345703 0.0644531 0.0625 
0 0.204102 0.683105 0.0898438 0.0712891 
0 0.730957 0.0258789 0.0986328 0.0517578 
0 0.456055 0.961426 0.0644531 0.0771484 
0 0.0390625 0.493164 0.078125 0.0761719 
0 0.370605 0.469238 0.180664 0.0771484 
0 0.31543 0.31543 0.0625 0.0644531 
0 0.0986328 0.727539 0.0546875 0.0507812 
0 0.0961914 0.923828 0.0634766 0.0761719 
0 0.364258 0.399902 0.0957031 0.0673828 
0 0.0253906 0.769043 0.0507812 0.0947266 
0 0.0483398 0.0185547 0.0849609 0.0371094 
0 0.552734 0.34375 0.0507812 0.0585938 
0 0.649414 0.550293 0.0625 0.0576172 
0 0.0874023 0.0947266 0.0810547 0.0742188 
0 0.728516 0.4375 0.0742188 0.0898438 
0 0.39502 0.922363 0.106445 0.0712891 
0 0.692383 0.581055 0.0644531 0.0878906 
0 0.645996 0.344727 0.0615234 0.0585938 
0 0.827148 0.561035 0.103516 0.12793 
0 0.958008 0.598633 0.0800781 0.0917969 
0 0.381348 0.570312 0.0966797 0.0625 
0 0.618164 0.258789 0.0742188 0.0644531 
0 0.169922 0.81543 0.0898438 0.0683594 
0 0.478027 0.70752 0.0751953 0.0791016 
0 0.356445 0.637695 0.0664062 0.0878906 
0 0.678711 0.491699 0.0878906 0.0791016 
0 0.078125 0.569824 0.0761719 0.104492 
0 0.477539 0.354492 0.0800781 0.0996094 
0 0.682617 0.915039 0.181641 0.136719 
0 0.882812 0.793945 0.105469 0.0761719 
0 0.212891 0.0834961 0.0878906 0.141602 
0 0.473145 0.161621 0.0732422 0.137695 
0 0.587891 0.178223 0.101562 0.0849609 
0 0.925293 0.0439453 0.0771484 0.0878906 
0 0.165039 0.951172 0.0703125 0.0957031 
