0 0.93457 0.14209 0.0644531 0.0595703 
0 0.400879 0.280762 0.170898 0.0869141 
0 0.433105 0.0283203 0.0732422 0.0566406 
0 0.640625 0.10791 0.0957031 0.0712891 
0 0.564453 0.138672 0.0664062 0.101562 
0 0.557129 0.966797 0.0810547 0.0625 
0 0.592773 0.795898 0.0644531 0.0566406 
0 0.869141 0.753906 0.0878906 0.09375 
0 0.708008 0.0644531 0.111328 0.0585938 
0 0.504883 0.908691 0.150391 0.0791016 
0 0.347656 0.900391 0.0742188 0.0625 
0 0.654297 0.285156 0.0703125 0.0625 
0 0.521973 0.247559 0.0791016 0.0634766 
0 0.0322266 0.673828 0.0644531 0.0976562 
0 0.821777 0.162109 0.0732422 0.0976562 
0 0.967285 0.240723 0.0654297 0.0869141 
0 0.702637 0.641602 0.0615234 0.0644531 
0 0.961914 0.707031 0.0761719 0.0703125 
0 0.367188 0.147949 0.119141 0.0771484 
0 0.896484 0.894043 0.109375 0.0771484 
0 0.0961914 0.0405273 0.143555 0.0810547 
0 0.264648 0.280762 0.154297 0.0908203 
0 0.96875 0.109375 0.0625 0.0722656 
0 0.245605 0.87207 0.129883 0.109375 
0 0.480469 0.334473 0.0898438 0.0771484 
0 0.45459 0.109375 0.0830078 0.101562 
0 0.166504 0.205078 0.0673828 0.0839844 
0 0.614258 0.884766 0.0585938 0.0605469 
0 0.347656 0.635254 0.0742188 0.0927734 
0 0.256348 0.0258789 0.0615234 0.0517578 
0 0.745605 0.310547 0.0712891 0.0742188 
0 0.226074 0.708008 0.0791016 0.105469 
0 0.755859 0.229004 0.0859375 0.0634766 
0 0.334473 0.41748 0.0869141 0.112305 
0 0.221191 0.135254 0.0771484 0.0810547 
0 0.477539 0.803711 0.150391 0.0878906 
0 0.0629883 0.917969 0.114258 0.0820312 
0 0.0336914 0.0986328 0.0673828 0.0742188 
0 0.361816 0.740234 0.133789 0.0742188 
0 0.734375 0.776367 0.121094 0.0839844 
0 0.719727 0.913086 0.09375 0.0996094 
0 0.732422 0.486328 0.0898438 0.154297 
0 0.950684 0.602539 0.0947266 0.142578 
0 0.0361328 0.228027 0.0722656 0.0751953 
