0 0.720703 0.551758 0.0546875 0.0683594 
0 0.486816 0.806641 0.0537109 0.0664062 
0 0.774414 0.875 0.0722656 0.0644531 
0 0.892578 0.585938 0.140625 0.105469 
0 0.745117 0.825684 0.078125 0.0615234 
0 0.244141 0.478516 0.0625 0.0507812 
0 0.689453 0.966797 0.0429688 0.0644531 
0 0.157715 0.0908203 0.0849609 0.0683594 
0 0.356445 0.863281 0.119141 0.0664062 
0 0.610352 0.980957 0.0839844 0.0380859 
0 0.345703 0.350098 0.195312 0.0986328 
0 0.0708008 0.283203 0.110352 0.136719 
0 0.511719 0.553711 0.121094 0.103516 
0 0.338867 0.162598 0.0761719 0.0791016 
0 0.078125 0.638672 0.0839844 0.0664062 
0 0.185059 0.960938 0.139648 0.078125 
0 0.373047 0.738281 0.09375 0.179688 
0 0.876953 0.447266 0.101562 0.0703125 
0 0.415039 0.109375 0.111328 0.164062 
0 0.618164 0.199219 0.0761719 0.117188 
0 0.576172 0.691406 0.121094 0.132812 
0 0.12793 0.429688 0.134766 0.138672 
0 0.556641 0.458008 0.0742188 0.119141 
0 0.230957 0.639648 0.0693359 0.0917969 
0 0.756836 0.358887 0.0722656 0.0673828 
0 0.87793 0.947266 0.0761719 0.105469 
