0 0.398926 0.865234 0.15332 0.0351562 
0 0.0595703 0.988281 0.119141 0.0234375 
0 0.0263672 0.287109 0.0527344 0.0332031 
0 0.989746 0.09375 0.0205078 0.046875 
0 0.276367 0.0117188 0.101562 0.0234375 
0 0.86377 0.474609 0.155273 0.046875 
0 0.896484 0.871094 0.158203 0.0429688 
0 0.895508 0.519043 0.154297 0.0537109 
0 0.0673828 0.978027 0.132812 0.0361328 
0 0.870117 0.901367 0.111328 0.0292969 
0 0.100586 0.237793 0.181641 0.0595703 
0 0.157715 0.953125 0.12207 0.0351562 
0 0.745605 0.838867 0.0830078 0.0371094 
0 0.980469 0.585938 0.0390625 0.0625 
0 0.0507812 0.837891 0.101562 0.0390625 
0 0.666016 0.190918 0.115234 0.0615234 
0 0.397949 0.884277 0.155273 0.0439453 
0 0.516113 0.324707 0.0712891 0.0341797 
0 0.455078 0.180664 0.148438 0.0449219 
0 0.796875 0.857422 0.0859375 0.0390625 
0 0.0429688 0.327148 0.0859375 0.0332031 
0 0.117188 0.699707 0.126953 0.0302734 
0 0.0576172 0.646973 0.115234 0.118164 
0 0.0898438 0.791016 0.0625 0.0898438 
0 0.0693359 0.396973 0.138672 0.0517578 
0 0.908203 0.575195 0.126953 0.0371094 
0 0.0854492 0.140625 0.141602 0.0546875 
0 0.0786133 0.924805 0.12793 0.0292969 
0 0.766602 0.889648 0.0996094 0.0410156 
0 0.0957031 0.175293 0.191406 0.0908203 
0 0.168457 0.628906 0.120117 0.03125 
0 0.289551 0.787598 0.163086 0.0419922 
0 0.278809 0.639648 0.108398 0.0292969 
0 0.146484 0.828125 0.0957031 0.0273438 
0 0.0424805 0.249512 0.0849609 0.0830078 
0 0.553711 0.86084 0.126953 0.0361328 
0 0.638672 0.589844 0.109375 0.0390625 
0 0.896484 0.253906 0.0625 0.03125 
0 0.323242 0.71582 0.144531 0.0390625 
0 0.307129 0.958496 0.151367 0.0498047 
0 0.361328 0.670898 0.146484 0.0332031 
0 0.957031 0.211914 0.0703125 0.0292969 
0 0.711426 0.517578 0.0810547 0.0390625 
0 0.123535 0.46875 0.180664 0.0859375 
0 0.734863 0.618652 0.131836 0.0419922 
0 0.0522461 0.87207 0.104492 0.0429688 
0 0.238281 0.90625 0.136719 0.0351562 
0 0.111328 0.312012 0.121094 0.0419922 
0 0.583984 0.839844 0.113281 0.0390625 
0 0.322266 0.133789 0.171875 0.0644531 
0 0.650391 0.441895 0.126953 0.0478516 
0 0.484863 0.926758 0.0927734 0.0410156 
0 0.665039 0.127441 0.0996094 0.0439453 
0 0.260254 0.209473 0.0986328 0.0439453 
0 0.460449 0.539062 0.151367 0.0664062 
0 0.600586 0.283691 0.123047 0.0517578 
0 0.773438 0.551758 0.0625 0.0449219 
0 0.693359 0.105957 0.119141 0.0576172 
0 0.422852 0.820312 0.119141 0.0507812 
0 0.139648 0.751953 0.150391 0.0820312 
0 0.697266 0.919434 0.128906 0.0478516 
0 0.524414 0.916504 0.0917969 0.0498047 
0 0.880859 0.13623 0.132812 0.0615234 
0 0.853516 0.0844727 0.132812 0.0732422 
0 0.81543 0.770508 0.09375 0.0605469 
0 0.270508 0.561523 0.146484 0.0644531 
0 0.562988 0.494141 0.102539 0.0644531 
0 0.356934 0.463379 0.0966797 0.0556641 
0 0.213867 0.0566406 0.103516 0.0957031 
