0 0.466797 0.428711 0.0625 0.0839844 
0 0.0957031 0.610352 0.046875 0.0761719 
0 0.0708008 0.501953 0.0810547 0.0859375 
0 0.183594 0.369141 0.0566406 0.197266 
0 0.949219 0.575195 0.101562 0.240234 
0 0.12793 0.214844 0.0625 0.15625 
0 0.0454102 0.209473 0.0908203 0.208008 
0 0.776367 0.319336 0.107422 0.337891 
0 0.214355 0.179199 0.0634766 0.0654297 
0 0.0336914 0.415527 0.0576172 0.0732422 
0 0.0385742 0.330566 0.0615234 0.106445 
0 0.648438 0.978027 0.0507812 0.0439453 
0 0.408691 0.592773 0.0576172 0.0605469 
0 0.737793 0.290527 0.0439453 0.0830078 
0 0.0219727 0.570801 0.0439453 0.106445 
0 0.862793 0.456055 0.0537109 0.115234 
0 0.152832 0.313965 0.100586 0.229492 
0 0.174316 0.167969 0.0654297 0.125 
0 0.23877 0.435547 0.0888672 0.0742188 
0 0.800781 0.581055 0.314453 0.298828 
0 0.768555 0.537109 0.0527344 0.109375 
0 0.439941 0.601562 0.0615234 0.125 
0 0.606934 0.335449 0.0537109 0.0908203 
0 0.9375 0.285645 0.121094 0.0869141 
0 0.722656 0.509766 0.0820312 0.0585938 
0 0.510742 0.470703 0.0664062 0.113281 
0 0.124512 0.0830078 0.0927734 0.166016 
0 0.614258 0.231934 0.0722656 0.143555 
0 0.557617 0.467773 0.0546875 0.107422 
0 0.469727 0.522461 0.0683594 0.123047 
0 0.393066 0.496094 0.133789 0.207031 
0 0.412598 0.26416 0.108398 0.0751953 
0 0.604492 0.441895 0.0585938 0.120117 
0 0.455566 0.330078 0.0732422 0.125 
0 0.335449 0.269531 0.0712891 0.078125 
0 0.151367 0.802246 0.158203 0.299805 
0 0.65332 0.546387 0.0722656 0.231445 
0 0.859375 0.244629 0.109375 0.161133 
0 0.663574 0.328125 0.0908203 0.09375 
0 0.385742 0.354004 0.0644531 0.0869141 
0 0.145508 0.524414 0.0585938 0.154297 
0 0.290039 0.770996 0.0742188 0.233398 
0 0.050293 0.933594 0.0576172 0.09375 
0 0.419922 0.123047 0.0898438 0.109375 
0 0.711914 0.97168 0.0839844 0.0566406 
0 0.532715 0.611328 0.0869141 0.128906 
0 0.0229492 0.660645 0.0458984 0.0849609 
0 0.308594 0.333008 0.140625 0.0722656 
0 0.632812 0.86084 0.0683594 0.157227 
0 0.854492 0.378906 0.109375 0.101562 
0 0.274902 0.47998 0.0986328 0.209961 
0 0.435059 0.174316 0.125977 0.143555 
0 0.543457 0.166504 0.0771484 0.291992 
0 0.733398 0.795898 0.107422 0.175781 
