0 0.109375 0.166992 0.119141 0.0683594 
0 0.0917969 0.201172 0.0664062 0.0703125 
0 0.283203 0.166992 0.0976562 0.0722656 
0 0.0410156 0.012207 0.0703125 0.0244141 
0 0.273438 0.853516 0.0976562 0.0625 
0 0.302734 0.0234375 0.0898438 0.046875 
0 0.0390625 0.424316 0.078125 0.106445 
0 0.208496 0.142578 0.0634766 0.0996094 
0 0.460449 0.0234375 0.0751953 0.046875 
0 0.339844 0.101562 0.078125 0.078125 
0 0.210938 0.820312 0.0859375 0.0839844 
0 0.0336914 0.286133 0.0673828 0.0761719 
0 0.657227 0.892578 0.0859375 0.136719 
0 0.266113 0.0727539 0.0791016 0.0615234 
0 0.525879 0.0507812 0.0908203 0.0644531 
0 0.36377 0.909668 0.0712891 0.0888672 
0 0.289551 0.773438 0.0888672 0.09375 
0 0.156738 0.714844 0.0732422 0.0761719 
0 0.841797 0.0410156 0.0722656 0.0722656 
0 0.580078 0.339844 0.148438 0.0742188 
0 0.0253906 0.105469 0.0507812 0.0683594 
0 0.913086 0.510254 0.103516 0.100586 
0 0.436035 0.732422 0.0810547 0.0976562 
0 0.0532227 0.578125 0.102539 0.0917969 
0 0.617188 0.730469 0.078125 0.09375 
0 0.467773 0.546875 0.119141 0.0703125 
0 0.561523 0.445801 0.0878906 0.100586 
0 0.960449 0.100098 0.0791016 0.0869141 
0 0.0673828 0.824707 0.132812 0.0693359 
0 0.0488281 0.722168 0.0976562 0.0810547 
