0 0.0576172 0.0283203 0.0664062 0.0566406 
0 0.832031 0.80127 0.0703125 0.0615234 
0 0.694824 0.97998 0.120117 0.0400391 
0 0.882812 0.444336 0.21875 0.101562 
0 0.541016 0.0546875 0.136719 0.109375 
0 0.390137 0.0244141 0.0791016 0.0488281 
0 0.0195312 0.962891 0.0390625 0.0742188 
0 0.195312 0.253418 0.0820312 0.0810547 
0 0.310059 0.652344 0.0927734 0.0898438 
0 0.701172 0.467773 0.078125 0.0683594 
0 0.0576172 0.21582 0.0957031 0.0878906 
0 0.589844 0.208496 0.0878906 0.0869141 
0 0.104004 0.38623 0.0849609 0.151367 
0 0.251953 0.821289 0.134766 0.0957031 
0 0.752441 0.257324 0.0712891 0.0791016 
0 0.949219 0.0263672 0.0976562 0.0527344 
0 0.456055 0.203125 0.0839844 0.0839844 
0 0.951172 0.30957 0.0898438 0.0957031 
0 0.619141 0.796387 0.125 0.0869141 
0 0.170898 0.672363 0.0878906 0.0791016 
0 0.892578 0.227051 0.0820312 0.0771484 
0 0.696289 0.376465 0.107422 0.104492 
0 0.167969 0.0761719 0.164062 0.09375 
0 0.830566 0.942383 0.141602 0.113281 
0 0.0424805 0.433105 0.0849609 0.0771484 
