0 0.567383 0.992188 0.0566406 0.015625 
0 0.721191 0.484375 0.143555 0.0683594 
0 0.98291 0.454102 0.0341797 0.0644531 
0 0.970703 0.410156 0.0585938 0.0488281 
0 0.608398 0.557617 0.0566406 0.0742188 
0 0.732422 0.990234 0.0664062 0.0195312 
0 0.703125 0.557617 0.0742188 0.0644531 
0 0.626953 0.621582 0.0703125 0.0673828 
0 0.664551 0.511719 0.0810547 0.119141 
0 0.782227 0.457031 0.0820312 0.0664062 
0 0.701172 0.611816 0.0703125 0.0693359 
0 0.905273 0.652344 0.0683594 0.0742188 
0 0.881348 0.966797 0.0751953 0.0664062 
0 0.652344 0.412598 0.0546875 0.0595703 
0 0.460938 0.97998 0.0722656 0.0400391 
0 0.758789 0.606934 0.0566406 0.0673828 
0 0.345703 0.94043 0.0664062 0.0605469 
0 0.536621 0.39209 0.0927734 0.0869141 
0 0.819824 0.959473 0.0888672 0.0791016 
0 0.588867 0.936523 0.0722656 0.0683594 
0 0.32373 0.981445 0.0634766 0.0371094 
0 0.0229492 0.826172 0.0458984 0.0957031 
0 0.874023 0.520508 0.0683594 0.0605469 
0 0.92627 0.425293 0.0693359 0.0810547 
0 0.764648 0.541992 0.0683594 0.0722656 
0 0.832031 0.679688 0.0742188 0.0664062 
0 0.405273 0.890625 0.0644531 0.0585938 
0 0.34668 0.524902 0.0625 0.0673828 
0 0.255859 0.399902 0.0820312 0.0869141 
0 0.848633 0.61377 0.0761719 0.0673828 
0 0.164062 0.980957 0.0664062 0.0380859 
0 0.688477 0.677734 0.105469 0.0742188 
0 0.645508 0.875 0.0898438 0.0683594 
0 0.260742 0.560547 0.0800781 0.0703125 
0 0.396973 0.567383 0.0732422 0.0839844 
