0 0.0869141 0.641602 0.101562 0.0644531 
0 0.421387 0.243164 0.0693359 0.0527344 
0 0.894043 0.60791 0.0458984 0.0595703 
0 0.508789 0.729492 0.0488281 0.0644531 
0 0.469727 0.464355 0.0566406 0.137695 
0 0.605469 0.0166016 0.113281 0.0332031 
0 0.98584 0.888184 0.0283203 0.0458984 
0 0.967773 0.278809 0.0625 0.0673828 
0 0.139648 0.635742 0.0800781 0.0605469 
0 0.501953 0.37207 0.078125 0.134766 
0 0.56543 0.631836 0.117188 0.0449219 
0 0.938477 0.324707 0.0800781 0.0478516 
0 0.489746 0.0566406 0.0712891 0.0625 
0 0.777832 0.942871 0.0576172 0.0458984 
0 0.978027 0.666504 0.0439453 0.0849609 
0 0.404297 0.411621 0.0546875 0.0908203 
0 0.337402 0.782227 0.0751953 0.0605469 
0 0.0922852 0.547852 0.12793 0.0644531 
0 0.23291 0.607422 0.0966797 0.0839844 
0 0.807617 0.847168 0.0800781 0.0712891 
0 0.842773 0.588867 0.0585938 0.107422 
0 0.426758 0.10498 0.0800781 0.0810547 
0 0.709961 0.208008 0.0722656 0.0820312 
0 0.339355 0.704102 0.0654297 0.0839844 
0 0.03125 0.883789 0.0625 0.0644531 
0 0.637207 0.974609 0.0810547 0.0507812 
0 0.13916 0.726562 0.0595703 0.111328 
0 0.711426 0.776855 0.0751953 0.0712891 
0 0.563477 0.419922 0.0761719 0.113281 
0 0.533203 0.900879 0.078125 0.151367 
0 0.835938 0.250977 0.0703125 0.0703125 
0 0.818359 0.484375 0.0585938 0.0546875 
0 0.270508 0.305176 0.0722656 0.0693359 
0 0.671875 0.321289 0.0644531 0.0878906 
0 0.572266 0.714355 0.0820312 0.124023 
0 0.0488281 0.799805 0.0703125 0.0625 
0 0.893555 0.458984 0.0566406 0.128906 
0 0.0688477 0.178223 0.12793 0.0810547 
0 0.975586 0.590332 0.0488281 0.0830078 
0 0.251465 0.074707 0.0595703 0.0791016 
0 0.189941 0.896484 0.0908203 0.171875 
0 0.703125 0.898926 0.0878906 0.129883 
0 0.741211 0.437988 0.0605469 0.163086 
0 0.773438 0.361816 0.123047 0.129883 
0 0.504883 0.268066 0.119141 0.125977 
0 0.969727 0.738281 0.0605469 0.09375 
0 0.950684 0.0273438 0.0751953 0.0546875 
0 0.385742 0.35498 0.119141 0.0712891 
0 0.0444336 0.249023 0.0634766 0.0957031 
0 0.205566 0.405273 0.0595703 0.105469 
0 0.964844 0.171387 0.0703125 0.143555 
0 0.954102 0.40332 0.0566406 0.105469 
0 0.318359 0.856445 0.0976562 0.0722656 
0 0.445801 0.833008 0.0634766 0.119141 
0 0.883789 0.114746 0.0605469 0.0927734 
