0 0.348145 0.823242 0.0615234 0.0605469 
0 0.919922 0.543945 0.105469 0.130859 
0 0.719238 0.368164 0.165039 0.173828 
0 0.588379 0.24707 0.0869141 0.275391 
0 0.177734 0.708984 0.0644531 0.0820312 
0 0.849609 0.116211 0.140625 0.0664062 
0 0.224609 0.368164 0.179688 0.123047 
0 0.64502 0.124512 0.0947266 0.0751953 
0 0.202637 0.0429688 0.135742 0.0820312 
0 0.870117 0.260254 0.111328 0.0654297 
0 0.235352 0.933594 0.130859 0.132812 
0 0.907227 0.417969 0.0839844 0.167969 
0 0.065918 0.227539 0.0732422 0.0683594 
0 0.129883 0.506836 0.224609 0.158203 
0 0.505371 0.97998 0.108398 0.0400391 
0 0.0732422 0.132324 0.0605469 0.147461 
0 0.924805 0.187988 0.148438 0.0830078 
0 0.74707 0.519043 0.205078 0.170898 
0 0.0322266 0.574707 0.0644531 0.106445 
0 0.921387 0.908203 0.133789 0.0859375 
0 0.150391 0.0717773 0.175781 0.139648 
0 0.330566 0.54248 0.0654297 0.157227 
0 0.751953 0.951172 0.109375 0.0976562 
0 0.30127 0.31543 0.0791016 0.0878906 
0 0.540039 0.868164 0.0878906 0.134766 
0 0.427734 0.288574 0.0917969 0.165039 
0 0.917969 0.0493164 0.0976562 0.0986328 
0 0.509766 0.486328 0.121094 0.203125 
0 0.767578 0.755859 0.1875 0.136719 
