0 0.175293 0.766113 0.0927734 0.0751953 
0 0.28418 0.0527344 0.138672 0.105469 
0 0.422852 0.0766602 0.125 0.15332 
0 0.712402 0.645508 0.186523 0.316406 
0 0.267578 0.442871 0.0996094 0.108398 
0 0.749023 0.414062 0.09375 0.101562 
0 0.0366211 0.335449 0.0732422 0.106445 
0 0.846191 0.960938 0.12207 0.078125 
0 0.792969 0.0791016 0.101562 0.09375 
0 0.405273 0.520996 0.166016 0.0986328 
0 0.116699 0.435547 0.157227 0.132812 
0 0.0869141 0.179688 0.142578 0.212891 
0 0.227051 0.886719 0.157227 0.125 
0 0.573242 0.309082 0.177734 0.139648 
0 0.381836 0.868652 0.244141 0.155273 
