0 0.861816 0.759277 0.0576172 0.0693359 
0 0.358887 0.673828 0.0615234 0.0585938 
0 0.947754 0.943359 0.0498047 0.0585938 
0 0.0849609 0.0126953 0.101562 0.0253906 
0 0.917969 0.936523 0.0742188 0.0644531 
0 0.526367 0.911621 0.0566406 0.0537109 
0 0.034668 0.942383 0.0693359 0.0507812 
0 0.916016 0.0151367 0.0742188 0.0302734 
0 0.625 0.342285 0.0625 0.0537109 
0 0.0249023 0.504883 0.0498047 0.0488281 
0 0.50293 0.0297852 0.0917969 0.0595703 
0 0.163086 0.0209961 0.0742188 0.0419922 
0 0.778809 0.745117 0.0517578 0.0605469 
0 0.0288086 0.895508 0.0576172 0.0527344 
0 0.271973 0.985352 0.100586 0.0292969 
0 0.68457 0.402344 0.078125 0.0664062 
0 0.306152 0.810547 0.0966797 0.0390625 
0 0.0556641 0.0307617 0.09375 0.0615234 
0 0.80957 0.403809 0.0410156 0.0869141 
0 0.191406 0.5625 0.0859375 0.0703125 
0 0.183594 0.630859 0.0742188 0.0664062 
0 0.57373 0.0317383 0.0791016 0.0634766 
0 0.22168 0.0234375 0.0878906 0.046875 
0 0.356445 0.472656 0.0683594 0.0527344 
0 0.30957 0.446289 0.0683594 0.0722656 
0 0.787109 0.0283203 0.0820312 0.0566406 
0 0.965332 0.54541 0.0693359 0.0771484 
0 0.46875 0.602539 0.0976562 0.078125 
0 0.592285 0.932617 0.0810547 0.0644531 
0 0.208496 0.619141 0.112305 0.105469 
0 0.978516 0.84375 0.0429688 0.0859375 
0 0.473145 0.194336 0.0517578 0.126953 
0 0.0893555 0.40918 0.0751953 0.0488281 
0 0.866211 0.276367 0.0605469 0.0839844 
0 0.96582 0.69043 0.0683594 0.0527344 
0 0.919922 0.444336 0.0585938 0.0546875 
0 0.510742 0.870605 0.105469 0.0751953 
0 0.306641 0.178711 0.0585938 0.0683594 
0 0.400879 0.970703 0.0751953 0.0585938 
0 0.144043 0.951172 0.0947266 0.0742188 
0 0.617188 0.306152 0.0898438 0.0810547 
0 0.321777 0.67041 0.0791016 0.0927734 
0 0.367188 0.572266 0.09375 0.0664062 
0 0.289551 0.348145 0.0498047 0.108398 
0 0.54834 0.399414 0.0615234 0.0488281 
0 0.265137 0.598633 0.0595703 0.0683594 
0 0.458008 0.870117 0.0761719 0.0605469 
0 0.46582 0.800781 0.0917969 0.0820312 
0 0.177246 0.212891 0.0986328 0.0878906 
0 0.399414 0.0708008 0.111328 0.12207 
0 0.87793 0.581543 0.0605469 0.0654297 
0 0.0566406 0.317383 0.09375 0.0722656 
0 0.724121 0.466309 0.0732422 0.110352 
0 0.0888672 0.201172 0.0996094 0.0664062 
0 0.447754 0.457031 0.0966797 0.0917969 
0 0.812988 0.35498 0.0693359 0.100586 
0 0.0395508 0.248535 0.0791016 0.120117 
0 0.294922 0.11377 0.0976562 0.118164 
0 0.164062 0.870605 0.0703125 0.0947266 
0 0.554688 0.555664 0.0625 0.0605469 
0 0.799805 0.0766602 0.0722656 0.0634766 
0 0.670898 0.962891 0.0761719 0.0742188 
0 0.188965 0.258301 0.100586 0.110352 
0 0.385254 0.322266 0.0732422 0.0859375 
0 0.132324 0.319336 0.0634766 0.0644531 
0 0.613281 0.6875 0.0703125 0.0703125 
0 0.884766 0.522461 0.0703125 0.0878906 
0 0.945801 0.0957031 0.0595703 0.0800781 
0 0.43457 0.243164 0.0878906 0.103516 
0 0.254883 0.917969 0.0644531 0.0703125 
0 0.0493164 0.826172 0.0986328 0.0996094 
0 0.081543 0.535645 0.0830078 0.0869141 
0 0.764648 0.90625 0.0761719 0.0742188 
0 0.445312 0.344238 0.0683594 0.0712891 
