0 0.472656 0.708008 0.113281 0.0761719 
0 0.686035 0.584473 0.0654297 0.0634766 
0 0.975098 0.15332 0.0498047 0.0976562 
0 0.507812 0.249512 0.0625 0.0615234 
0 0.633789 0.705078 0.0683594 0.0625 
0 0.483887 0.211426 0.0654297 0.100586 
0 0.431641 0.749023 0.0917969 0.0878906 
0 0.551758 0.729492 0.078125 0.0839844 
0 0.808594 0.280273 0.0820312 0.0976562 
0 0.0209961 0.399902 0.0419922 0.0576172 
0 0.131348 0.107422 0.0478516 0.0703125 
0 0.566406 0.277344 0.0664062 0.113281 
0 0.249512 0.159668 0.0615234 0.0634766 
0 0.20166 0.708984 0.0830078 0.0683594 
0 0.043457 0.130371 0.0849609 0.0771484 
0 0.615234 0.318848 0.0585938 0.0693359 
0 0.618164 0.56543 0.0839844 0.0761719 
0 0.93457 0.274902 0.0878906 0.137695 
0 0.753906 0.649414 0.130859 0.0976562 
0 0.169922 0.358398 0.0664062 0.0722656 
0 0.830078 0.744141 0.09375 0.0703125 
0 0.708008 0.963867 0.078125 0.0722656 
0 0.334961 0.568359 0.0996094 0.0664062 
0 0.137207 0.675781 0.0771484 0.119141 
0 0.705078 0.339844 0.078125 0.0859375 
0 0.394531 0.373535 0.121094 0.0810547 
0 0.132324 0.571289 0.120117 0.0839844 
0 0.457031 0.0283203 0.101562 0.0566406 
