0 0.26709 0.662109 0.0986328 0.0820312 
0 0.0561523 0.607422 0.0869141 0.113281 
0 0.967773 0.221191 0.0644531 0.145508 
0 0.610352 0.961914 0.0957031 0.0761719 
0 0.0820312 0.466797 0.0664062 0.078125 
0 0.558594 0.202148 0.0546875 0.0585938 
0 0.115234 0.380371 0.113281 0.0869141 
0 0.165039 0.0952148 0.109375 0.0849609 
0 0.298828 0.0766602 0.0859375 0.151367 
0 0.222168 0.602539 0.12793 0.111328 
0 0.318848 0.461426 0.0810547 0.0791016 
0 0.208008 0.0371094 0.103516 0.0742188 
0 0.51416 0.950195 0.0517578 0.0605469 
0 0.185547 0.807617 0.0839844 0.0839844 
0 0.683105 0.709961 0.0947266 0.126953 
0 0.424316 0.313477 0.0927734 0.0800781 
0 0.956055 0.046875 0.0859375 0.0703125 
0 0.245605 0.273438 0.0830078 0.230469 
0 0.0351562 0.0336914 0.0703125 0.0673828 
0 0.901367 0.888672 0.0703125 0.15625 
0 0.484375 0.80957 0.0859375 0.0878906 
0 0.626953 0.390137 0.107422 0.206055 
0 0.924805 0.769531 0.0605469 0.0703125 
0 0.161621 0.943848 0.100586 0.0927734 
0 0.399902 0.957031 0.131836 0.0859375 
0 0.541504 0.0893555 0.0888672 0.0712891 
0 0.974121 0.912109 0.0517578 0.166016 
0 0.586426 0.735352 0.200195 0.208984 
0 0.824219 0.141113 0.0859375 0.112305 
