0 0.400879 0.800781 0.182617 0.128906 
0 0.0180664 0.387207 0.0361328 0.0888672 
0 0.761719 0.834961 0.105469 0.0683594 
0 0.143066 0.860352 0.108398 0.0839844 
0 0.454102 0.363281 0.0527344 0.0644531 
0 0.0229492 0.847656 0.0458984 0.0546875 
0 0.708008 0.806641 0.119141 0.113281 
0 0.804688 0.795898 0.09375 0.126953 
0 0.507324 0.441895 0.0615234 0.0654297 
0 0.473145 0.283203 0.0576172 0.0703125 
0 0.786133 0.902344 0.0878906 0.0703125 
0 0.62207 0.0639648 0.0683594 0.0908203 
0 0.0366211 0.759277 0.0517578 0.0712891 
0 0.829102 0.234863 0.111328 0.0673828 
0 0.0200195 0.585938 0.0400391 0.152344 
0 0.347168 0.724121 0.178711 0.0947266 
0 0.598633 0.805664 0.0683594 0.0683594 
0 0.559082 0.737793 0.0673828 0.0615234 
0 0.586914 0.404297 0.0664062 0.0683594 
0 0.563477 0.074707 0.0644531 0.0693359 
0 0.0761719 0.027832 0.152344 0.0556641 
0 0.510742 0.240234 0.0644531 0.0703125 
0 0.635742 0.609375 0.0800781 0.0820312 
0 0.104492 0.77832 0.103516 0.0820312 
0 0.569336 0.925781 0.0839844 0.125 
0 0.043457 0.967773 0.0869141 0.0644531 
0 0.786133 0.313477 0.142578 0.242188 
0 0.408691 0.211426 0.0751953 0.0576172 
0 0.766113 0.144043 0.0888672 0.0908203 
0 0.144531 0.210449 0.0859375 0.0849609 
0 0.820312 0.602539 0.125 0.078125 
0 0.664062 0.732422 0.0878906 0.078125 
0 0.572754 0.654297 0.0888672 0.09375 
0 0.84668 0.944336 0.134766 0.107422 
0 0.787109 0.706055 0.144531 0.185547 
0 0.424805 0.87207 0.150391 0.134766 
0 0.935059 0.242188 0.129883 0.199219 
