0 0.0136719 0.835938 0.0273438 0.0488281 
0 0.213867 0.012207 0.0742188 0.0244141 
0 0.991211 0.219727 0.0175781 0.0917969 
0 0.526367 0.963867 0.0449219 0.0605469 
0 0.416992 0.424316 0.0644531 0.0498047 
0 0.836426 0.965332 0.0380859 0.0498047 
0 0.277344 0.943848 0.0761719 0.0361328 
0 0.742188 0.861328 0.0429688 0.0664062 
0 0.808594 0.910156 0.0527344 0.0625 
0 0.685547 0.181152 0.101562 0.0673828 
0 0.869629 0.188965 0.0498047 0.0595703 
0 0.456543 0.479004 0.0419922 0.157227 
0 0.775391 0.182617 0.0742188 0.0722656 
0 0.208008 0.0688477 0.0820312 0.0400391 
0 0.911133 0.375977 0.0566406 0.0566406 
0 0.657227 0.736328 0.0800781 0.0351562 
0 0.272461 0.229492 0.0390625 0.115234 
0 0.0185547 0.874023 0.0371094 0.0683594 
0 0.161621 0.508789 0.0673828 0.119141 
0 0.475098 0.815918 0.0751953 0.0595703 
0 0.736328 0.685547 0.0859375 0.046875 
0 0.121094 0.98291 0.0644531 0.0341797 
0 0.915039 0.0268555 0.0605469 0.0537109 
0 0.776367 0.390625 0.0332031 0.0742188 
0 0.435547 0.90625 0.0898438 0.0488281 
0 0.842773 0.564453 0.123047 0.09375 
0 0.774414 0.29248 0.0722656 0.125977 
0 0.179688 0.223633 0.0859375 0.0917969 
0 0.763672 0.963867 0.0488281 0.0722656 
0 0.647461 0.233398 0.0761719 0.0917969 
0 0.860352 0.878906 0.0957031 0.0507812 
0 0.625 0.689453 0.078125 0.0859375 
0 0.359375 0.947266 0.121094 0.0410156 
0 0.941406 0.120605 0.0507812 0.0927734 
0 0.300781 0.689941 0.078125 0.0576172 
0 0.273926 0.556152 0.0439453 0.15332 
0 0.38623 0.0239258 0.0400391 0.0478516 
0 0.880371 0.96582 0.0341797 0.0683594 
0 0.56543 0.464844 0.119141 0.119141 
0 0.896484 0.760742 0.046875 0.0625 
0 0.614258 0.953125 0.130859 0.0507812 
0 0.373535 0.344238 0.0673828 0.0966797 
0 0.463867 0.351562 0.0664062 0.0898438 
0 0.0527344 0.21582 0.105469 0.107422 
0 0.551758 0.876953 0.142578 0.0507812 
0 0.917969 0.20752 0.0664062 0.0810547 
0 0.482422 0.607422 0.121094 0.0664062 
0 0.26709 0.160645 0.0986328 0.0419922 
0 0.438477 0.676758 0.0488281 0.107422 
0 0.603027 0.609375 0.0498047 0.0742188 
0 0.710938 0.316895 0.0664062 0.0830078 
0 0.551758 0.0322266 0.0761719 0.0644531 
0 0.136719 0.526855 0.09375 0.125977 
0 0.183105 0.269531 0.120117 0.0800781 
0 0.213867 0.547852 0.0625 0.105469 
0 0.76123 0.107422 0.0615234 0.121094 
0 0.157715 0.37207 0.0751953 0.0800781 
0 0.0888672 0.900391 0.0742188 0.0859375 
0 0.389648 0.234375 0.0703125 0.136719 
0 0.168945 0.304688 0.0566406 0.0507812 
0 0.36377 0.745605 0.0966797 0.0556641 
0 0.244629 0.379395 0.0830078 0.0556641 
0 0.515625 0.449707 0.0566406 0.0947266 
0 0.0864258 0.799805 0.100586 0.0917969 
0 0.667969 0.360352 0.0585938 0.0800781 
0 0.421875 0.134277 0.0664062 0.0927734 
0 0.0478516 0.574219 0.0957031 0.15625 
0 0.528809 0.212402 0.0732422 0.0810547 
