0 0.928223 0.982422 0.0947266 0.0351562 
0 0.0249023 0.177246 0.0478516 0.219727 
0 0.931641 0.904785 0.0859375 0.108398 
0 0.065918 0.668457 0.0458984 0.0517578 
0 0.234375 0.219727 0.0820312 0.236328 
0 0.513672 0.195312 0.0644531 0.125 
0 0.159668 0.0244141 0.0673828 0.0488281 
0 0.28418 0.175293 0.0683594 0.104492 
0 0.133301 0.0527344 0.114258 0.105469 
0 0.019043 0.960938 0.0380859 0.078125 
0 0.47168 0.558594 0.0996094 0.113281 
0 0.675781 0.510742 0.0664062 0.0976562 
0 0.286133 0.34668 0.0683594 0.189453 
0 0.196289 0.306641 0.132812 0.134766 
0 0.712402 0.46582 0.0634766 0.0800781 
0 0.929688 0.0180664 0.136719 0.0361328 
0 0.375 0.0859375 0.103516 0.111328 
0 0.97168 0.891602 0.0566406 0.216797 
0 0.0576172 0.388184 0.0898438 0.245117 
0 0.0351562 0.0336914 0.0703125 0.0673828 
0 0.165527 0.121582 0.106445 0.204102 
0 0.794922 0.0214844 0.117188 0.0429688 
0 0.811523 0.465332 0.115234 0.15918 
0 0.966309 0.464355 0.0673828 0.0986328 
0 0.713867 0.114258 0.0957031 0.210938 
0 0.62793 0.472656 0.134766 0.179688 
0 0.347656 0.178711 0.105469 0.166016 
0 0.527832 0.255371 0.149414 0.149414 
0 0.331055 0.435059 0.0722656 0.110352 
0 0.789062 0.337402 0.0664062 0.106445 
0 0.413574 0.25293 0.129883 0.189453 
0 0.946289 0.537109 0.0996094 0.09375 
