0 0.341797 0.266602 0.0683594 0.0683594 
0 0.879883 0.594727 0.0917969 0.0917969 
0 0.0727539 0.785645 0.0771484 0.0634766 
0 0.277344 0.236328 0.0742188 0.15625 
0 0.98291 0.277344 0.0341797 0.109375 
0 0.839844 0.87793 0.105469 0.121094 
0 0.434082 0.829102 0.0791016 0.0957031 
0 0.405273 0.588867 0.09375 0.119141 
0 0.950684 0.0268555 0.0888672 0.0537109 
0 0.311035 0.734375 0.0908203 0.0703125 
0 0.382812 0.0800781 0.0507812 0.0800781 
0 0.253906 0.501465 0.0742188 0.0927734 
0 0.566895 0.974121 0.0888672 0.0517578 
0 0.742188 0.158691 0.0859375 0.0869141 
0 0.090332 0.955566 0.0927734 0.0869141 
0 0.134277 0.26123 0.0888672 0.0654297 
0 0.354492 0.462402 0.0683594 0.0849609 
0 0.353027 0.913574 0.0986328 0.106445 
0 0.604492 0.720703 0.0917969 0.113281 
0 0.490234 0.326172 0.0820312 0.140625 
0 0.87793 0.427734 0.150391 0.144531 
0 0.853516 0.270996 0.0820312 0.0830078 
0 0.611328 0.442871 0.126953 0.139648 
0 0.0517578 0.452637 0.101562 0.0869141 
0 0.0415039 0.309082 0.0830078 0.131836 
