0 0.76709 0.48584 0.0517578 0.0478516 
0 0.0166016 0.0263672 0.0332031 0.0527344 
0 0.822266 0.242188 0.0664062 0.0546875 
0 0.299805 0.123535 0.0683594 0.0751953 
0 0.254395 0.782227 0.0537109 0.0507812 
0 0.791992 0.306641 0.0683594 0.0683594 
0 0.617188 0.449219 0.0683594 0.0507812 
0 0.0898438 0.902832 0.0488281 0.0537109 
0 0.141602 0.324707 0.0644531 0.0810547 
0 0.802734 0.366211 0.101562 0.0605469 
0 0.477539 0.873535 0.0566406 0.0537109 
0 0.949219 0.19873 0.0976562 0.0869141 
0 0.132812 0.423828 0.0644531 0.0625 
0 0.971191 0.676758 0.0576172 0.0800781 
0 0.545898 0.491211 0.0878906 0.046875 
0 0.65332 0.385254 0.0605469 0.0615234 
0 0.840332 0.122559 0.0654297 0.0869141 
0 0.42627 0.800781 0.0576172 0.0585938 
0 0.912598 0.740234 0.151367 0.0703125 
0 0.0292969 0.243164 0.0585938 0.0644531 
0 0.369141 0.703125 0.0644531 0.0664062 
0 0.511719 0.197266 0.078125 0.0664062 
0 0.705078 0.881836 0.0625 0.0683594 
0 0.961914 0.260742 0.0761719 0.0722656 
0 0.68457 0.76709 0.0605469 0.0615234 
0 0.960938 0.0336914 0.0742188 0.0673828 
0 0.617188 0.279785 0.0625 0.0576172 
0 0.502441 0.352539 0.0654297 0.0566406 
0 0.533691 0.595703 0.0654297 0.113281 
0 0.529785 0.852539 0.0634766 0.0605469 
0 0.733398 0.135254 0.0839844 0.0791016 
0 0.0292969 0.177734 0.0585938 0.0703125 
0 0.48291 0.769531 0.0634766 0.0722656 
0 0.0253906 0.364258 0.0507812 0.0566406 
0 0.676758 0.20752 0.0761719 0.0673828 
0 0.650391 0.703125 0.078125 0.0742188 
0 0.116211 0.208984 0.0605469 0.0898438 
0 0.765625 0.427734 0.0585938 0.0683594 
0 0.396484 0.330566 0.0664062 0.0693359 
0 0.668945 0.318848 0.0664062 0.0595703 
0 0.94043 0.117676 0.0839844 0.12793 
0 0.287598 0.726562 0.0654297 0.078125 
0 0.175781 0.850586 0.0664062 0.0605469 
0 0.884766 0.44043 0.078125 0.0839844 
0 0.426758 0.176758 0.0683594 0.078125 
0 0.486816 0.0366211 0.0771484 0.0732422 
0 0.484863 0.652344 0.0673828 0.0820312 
0 0.0253906 0.805664 0.0507812 0.0761719 
0 0.836914 0.829102 0.109375 0.0800781 
0 0.147461 0.795898 0.0878906 0.0683594 
0 0.606445 0.967773 0.0761719 0.0644531 
0 0.862305 0.272949 0.0644531 0.0888672 
0 0.851074 0.621094 0.129883 0.0820312 
0 0.0834961 0.698242 0.0712891 0.0839844 
0 0.227539 0.210938 0.09375 0.121094 
0 0.297363 0.501465 0.106445 0.0791016 
0 0.0351562 0.575684 0.0703125 0.0888672 
0 0.115234 0.0458984 0.132812 0.0917969 
0 0.174316 0.570312 0.0693359 0.140625 
0 0.303711 0.933105 0.09375 0.133789 
