0 0.883789 0.379395 0.0820312 0.0576172 
0 0.932617 0.695801 0.134766 0.0654297 
0 0.265625 0.948242 0.0820312 0.0605469 
0 0.3125 0.0209961 0.0664062 0.0419922 
0 0.428711 0.249023 0.0820312 0.0605469 
0 0.0307617 0.382812 0.0498047 0.0429688 
0 0.489258 0.89502 0.0722656 0.0615234 
0 0.538086 0.204102 0.0566406 0.0488281 
0 0.686035 0.537109 0.0947266 0.0703125 
0 0.389648 0.232422 0.0644531 0.0703125 
0 0.788086 0.396484 0.130859 0.09375 
0 0.288574 0.37207 0.0556641 0.0410156 
0 0.887695 0.885742 0.111328 0.0722656 
0 0.898926 0.214355 0.0986328 0.0810547 
0 0.789062 0.90625 0.0703125 0.167969 
0 0.769531 0.335938 0.101562 0.0625 
0 0.52832 0.373047 0.126953 0.0859375 
0 0.433105 0.0463867 0.0673828 0.0693359 
0 0.944824 0.958008 0.100586 0.0800781 
0 0.198242 0.962402 0.078125 0.0751953 
0 0.852539 0.307617 0.0683594 0.113281 
0 0.320312 0.275879 0.0703125 0.0517578 
0 0.034668 0.331543 0.0576172 0.0595703 
0 0.929688 0.642578 0.0820312 0.140625 
0 0.512207 0.808105 0.133789 0.0771484 
0 0.231445 0.435547 0.0644531 0.0625 
0 0.342773 0.445801 0.205078 0.104492 
0 0.0283203 0.465332 0.0566406 0.0908203 
0 0.28418 0.737793 0.103516 0.0615234 
0 0.794922 0.777344 0.0820312 0.0742188 
0 0.102051 0.927246 0.143555 0.0966797 
0 0.390625 0.333984 0.121094 0.113281 
0 0.358398 0.806641 0.0957031 0.0859375 
0 0.100586 0.81543 0.0742188 0.146484 
0 0.679688 0.294434 0.1875 0.110352 
0 0.637695 0.0864258 0.128906 0.0751953 
0 0.763672 0.639648 0.0800781 0.111328 
0 0.644531 0.487305 0.167969 0.0761719 
0 0.611328 0.945801 0.105469 0.108398 
0 0.0771484 0.601562 0.119141 0.175781 
0 0.967773 0.328125 0.0644531 0.121094 
