0 0.991211 0.581543 0.0175781 0.0615234 
0 0.408203 0.781738 0.0664062 0.0830078 
0 0.905762 0.603027 0.0595703 0.0498047 
0 0.833984 0.988281 0.103516 0.0234375 
0 0.0297852 0.635742 0.0595703 0.0761719 
0 0.45459 0.770508 0.0517578 0.0644531 
0 0.218262 0.56543 0.0751953 0.0722656 
0 0.753418 0.935547 0.0732422 0.109375 
0 0.981445 0.149902 0.0371094 0.0791016 
0 0.979492 0.0698242 0.0410156 0.0849609 
0 0.314941 0.561035 0.0888672 0.0673828 
0 0.852539 0.603516 0.0644531 0.0800781 
0 0.813477 0.918457 0.0566406 0.0751953 
0 0.496582 0.231445 0.0869141 0.0703125 
0 0.70459 0.94043 0.0634766 0.113281 
0 0.543945 0.776367 0.0488281 0.0546875 
0 0.382812 0.20459 0.0585938 0.0556641 
0 0.571289 0.20752 0.0566406 0.0517578 
0 0.956055 0.978516 0.0722656 0.0429688 
0 0.665039 0.137207 0.0683594 0.0576172 
0 0.836914 0.172852 0.0722656 0.0703125 
0 0.907227 0.660156 0.0800781 0.0664062 
0 0.899414 0.267578 0.0683594 0.0546875 
0 0.326172 0.296387 0.0703125 0.0673828 
0 0.766602 0.735352 0.132812 0.078125 
0 0.294922 0.796875 0.0742188 0.0859375 
0 0.0698242 0.642578 0.0966797 0.0820312 
0 0.419434 0.237305 0.0712891 0.0761719 
0 0.657715 0.722656 0.0673828 0.078125 
0 0.0874023 0.215332 0.0634766 0.0693359 
0 0.735352 0.0727539 0.0761719 0.0830078 
0 0.758301 0.491211 0.0615234 0.0566406 
0 0.808105 0.258301 0.0986328 0.0947266 
0 0.150391 0.810547 0.0703125 0.0820312 
0 0.862305 0.730957 0.0683594 0.0693359 
0 0.418457 0.333008 0.0673828 0.0800781 
0 0.430664 0.0356445 0.0644531 0.0693359 
