0 0.734863 0.50293 0.0654297 0.0644531 
0 0.963867 0.147949 0.0722656 0.28418 
0 0.019043 0.384766 0.0380859 0.0859375 
0 0.0273438 0.436035 0.0546875 0.104492 
0 0.490234 0.0219727 0.0820312 0.0439453 
0 0.71582 0.0791016 0.0683594 0.142578 
0 0.799805 0.22998 0.140625 0.186523 
0 0.519531 0.0791016 0.0703125 0.078125 
0 0.0273438 0.850586 0.0546875 0.109375 
0 0.969238 0.748047 0.0615234 0.109375 
0 0.980469 0.962891 0.0390625 0.0742188 
0 0.941406 0.37793 0.0664062 0.0996094 
0 0.496582 0.143555 0.0830078 0.111328 
0 0.248047 0.55957 0.0820312 0.0917969 
0 0.723633 0.96875 0.0800781 0.0625 
0 0.695312 0.225098 0.164062 0.112305 
0 0.0234375 0.150391 0.046875 0.078125 
0 0.0996094 0.141602 0.183594 0.238281 
0 0.719727 0.577148 0.0996094 0.273438 
0 0.579102 0.115723 0.130859 0.170898 
0 0.53125 0.291504 0.0625 0.116211 
0 0.433105 0.641602 0.0908203 0.119141 
0 0.779297 0.359863 0.117188 0.0771484 
0 0.814453 0.616211 0.0859375 0.248047 
0 0.371094 0.330566 0.0800781 0.145508 
0 0.90625 0.792969 0.0742188 0.160156 
0 0.175293 0.456543 0.0732422 0.176758 
0 0.226074 0.350586 0.104492 0.173828 
0 0.312988 0.351074 0.0751953 0.131836 
0 0.618164 0.355957 0.126953 0.120117 
0 0.20166 0.598633 0.0634766 0.115234 
