0 0.883789 0.629883 0.0800781 0.103516 
0 0.912109 0.0244141 0.09375 0.0488281 
0 0.415527 0.635742 0.129883 0.0527344 
0 0.149414 0.723633 0.130859 0.263672 
0 0.978516 0.435059 0.0429688 0.0576172 
0 0.646484 0.305664 0.105469 0.0546875 
0 0.0361328 0.384766 0.0683594 0.0703125 
0 0.138184 0.146484 0.202148 0.0957031 
0 0.663574 0.790527 0.180664 0.0927734 
0 0.32373 0.286133 0.116211 0.0449219 
0 0.294922 0.670898 0.195312 0.0917969 
0 0.253906 0.971191 0.09375 0.0576172 
0 0.776855 0.587891 0.0810547 0.101562 
0 0.683594 0.525391 0.125 0.0585938 
0 0.462402 0.247559 0.155273 0.0927734 
0 0.941895 0.469727 0.0576172 0.126953 
0 0.640625 0.981934 0.160156 0.0361328 
0 0.532227 0.353027 0.0742188 0.0498047 
0 0.745605 0.40332 0.192383 0.132812 
0 0.599609 0.460449 0.222656 0.0556641 
0 0.0654297 0.0761719 0.0878906 0.0859375 
0 0.936523 0.865234 0.123047 0.144531 
0 0.377441 0.261719 0.204102 0.078125 
0 0.744141 0.704102 0.0664062 0.166016 
0 0.165039 0.310547 0.205078 0.0742188 
0 0.541504 0.612305 0.145508 0.0644531 
0 0.720703 0.222168 0.078125 0.112305 
0 0.327637 0.492188 0.125977 0.078125 
0 0.267578 0.896973 0.0683594 0.139648 
0 0.875977 0.398438 0.132812 0.0527344 
0 0.257324 0.558594 0.106445 0.162109 
0 0.174316 0.0664062 0.120117 0.0859375 
0 0.516602 0.540039 0.142578 0.0644531 
0 0.610352 0.219727 0.0722656 0.123047 
0 0.429199 0.146484 0.176758 0.0644531 
0 0.452637 0.926758 0.12793 0.146484 
0 0.345703 0.859863 0.113281 0.0966797 
0 0.930176 0.34668 0.139648 0.0683594 
0 0.928711 0.742188 0.140625 0.105469 
0 0.081543 0.924316 0.104492 0.124023 
0 0.82373 0.120605 0.114258 0.0673828 
0 0.518066 0.79541 0.194336 0.120117 
