0 0.0869141 0.0170898 0.0917969 0.0341797 
0 0.317383 0.316895 0.0761719 0.0556641 
0 0.11084 0.670898 0.0693359 0.0644531 
0 0.0249023 0.738281 0.0498047 0.125 
0 0.262207 0.0639648 0.141602 0.12793 
0 0.150879 0.496094 0.124023 0.0976562 
0 0.345703 0.917969 0.0703125 0.0820312 
0 0.305176 0.534668 0.0947266 0.133789 
0 0.172852 0.139648 0.0703125 0.0761719 
0 0.599609 0.839844 0.0625 0.0703125 
0 0.875488 0.890625 0.0673828 0.0839844 
0 0.600586 0.973633 0.126953 0.0527344 
0 0.302246 0.38916 0.0869141 0.0869141 
0 0.799805 0.970703 0.0957031 0.0585938 
0 0.385254 0.741211 0.102539 0.0683594 
0 0.575195 0.290527 0.111328 0.0771484 
0 0.166992 0.75293 0.126953 0.132812 
0 0.453125 0.365234 0.0742188 0.0703125 
0 0.858398 0.328613 0.126953 0.0849609 
0 0.326172 0.817871 0.0898438 0.104492 
0 0.373047 0.180176 0.113281 0.147461 
0 0.701172 0.467773 0.0976562 0.0878906 
0 0.916992 0.761719 0.0722656 0.0820312 
0 0.954102 0.85498 0.0917969 0.0947266 
0 0.0566406 0.305176 0.111328 0.0810547 
0 0.633789 0.72168 0.0878906 0.115234 
0 0.741211 0.787109 0.111328 0.103516 
0 0.479492 0.0380859 0.0917969 0.0761719 
0 0.229492 0.952148 0.119141 0.09375 
