0 0.852539 0.823242 0.0410156 0.0488281 
0 0.0610352 0.804688 0.0478516 0.0390625 
0 0.962891 0.898438 0.0253906 0.0429688 
0 0.0200195 0.39209 0.0400391 0.0732422 
0 0.307129 0.848633 0.0576172 0.0332031 
0 0.661133 0.0161133 0.0449219 0.0322266 
0 0.931641 0.831055 0.0371094 0.0683594 
0 0.880859 0.16748 0.0351562 0.0556641 
0 0.786133 0.650391 0.0605469 0.0332031 
0 0.697266 0.964844 0.0390625 0.0546875 
0 0.541992 0.948242 0.0644531 0.0332031 
0 0.970215 0.838867 0.0595703 0.0488281 
0 0.382324 0.84375 0.0615234 0.0332031 
0 0.670898 0.27002 0.0527344 0.0732422 
0 0.708008 0.0361328 0.0273438 0.0546875 
0 0.302734 0.65625 0.0546875 0.0351562 
0 0.513184 0.0361328 0.0634766 0.0722656 
0 0.868164 0.574219 0.0683594 0.0390625 
0 0.870117 0.512695 0.0683594 0.0449219 
0 0.206055 0.475586 0.0585938 0.0683594 
0 0.513672 0.476562 0.0546875 0.0390625 
0 0.293945 0.354492 0.0644531 0.046875 
0 0.337891 0.101074 0.0429688 0.0615234 
0 0.376953 0.985352 0.0429688 0.0292969 
0 0.164551 0.384766 0.0322266 0.078125 
0 0.515625 0.5625 0.101562 0.0410156 
0 0.748047 0.831055 0.0585938 0.0410156 
0 0.74707 0.974609 0.03125 0.0507812 
0 0.449219 0.0708008 0.03125 0.100586 
0 0.337891 0.579102 0.0585938 0.0410156 
0 0.57959 0.043457 0.108398 0.0498047 
0 0.261719 0.486816 0.0664062 0.0498047 
0 0.597656 0.45459 0.0507812 0.129883 
0 0.900391 0.0239258 0.0351562 0.0478516 
0 0.0332031 0.578125 0.0664062 0.0507812 
0 0.963867 0.598633 0.0371094 0.0605469 
0 0.20166 0.33252 0.131836 0.0556641 
0 0.798828 0.767578 0.144531 0.0585938 
0 0.183594 0.78125 0.119141 0.0585938 
0 0.733398 0.526367 0.0332031 0.0761719 
0 0.111328 0.833008 0.0703125 0.0605469 
0 0.847656 0.706055 0.0390625 0.0839844 
0 0.431641 0.709961 0.0390625 0.0644531 
0 0.0786133 0.0375977 0.0556641 0.0751953 
0 0.146484 0.486328 0.0351562 0.0917969 
0 0.90918 0.264648 0.0488281 0.046875 
0 0.132812 0.283691 0.0644531 0.0595703 
0 0.708984 0.620117 0.0429688 0.09375 
0 0.0205078 0.430664 0.0410156 0.0761719 
0 0.820312 0.844727 0.0820312 0.0566406 
0 0.413574 0.489258 0.0380859 0.0683594 
0 0.503906 0.270996 0.0351562 0.0810547 
0 0.979492 0.0463867 0.0410156 0.0927734 
0 0.970703 0.487793 0.0585938 0.0517578 
0 0.647949 0.442383 0.0498047 0.134766 
0 0.362305 0.722168 0.0917969 0.0556641 
0 0.571777 0.758789 0.0400391 0.0722656 
0 0.476562 0.432617 0.0605469 0.0605469 
0 0.41748 0.83252 0.0498047 0.0771484 
0 0.0336914 0.886719 0.0673828 0.09375 
0 0.853516 0.958496 0.0429688 0.0830078 
0 0.191406 0.387695 0.0566406 0.0957031 
0 0.0761719 0.436523 0.0722656 0.0644531 
0 0.871094 0.444336 0.0625 0.0683594 
0 0.748535 0.411133 0.0634766 0.0839844 
0 0.213867 0.958008 0.0703125 0.078125 
0 0.598145 0.585938 0.0498047 0.046875 
0 0.109375 0.394043 0.0917969 0.116211 
0 0.297363 0.302734 0.0556641 0.09375 
0 0.313965 0.444824 0.0732422 0.0888672 
0 0.0820312 0.956543 0.0761719 0.0869141 
0 0.379883 0.0874023 0.0800781 0.108398 
0 0.118652 0.34082 0.0654297 0.0917969 
0 0.780762 0.328613 0.0634766 0.0947266 
0 0.529297 0.739258 0.0585938 0.0722656 
