0 0.571289 0.665039 0.166016 0.177734 
0 0.115234 0.891602 0.105469 0.0957031 
0 0.0776367 0.894043 0.0927734 0.0927734 
0 0.487793 0.933594 0.0869141 0.0742188 
0 0.111328 0.712891 0.09375 0.121094 
0 0.821289 0.675293 0.0644531 0.0693359 
0 0.137207 0.802246 0.0751953 0.0947266 
0 0.046875 0.519531 0.0800781 0.0898438 
0 0.0288086 0.0820312 0.0576172 0.0898438 
0 0.0380859 0.950195 0.0761719 0.0761719 
0 0.0224609 0.603516 0.0449219 0.078125 
0 0.429688 0.0234375 0.109375 0.046875 
0 0.707031 0.691895 0.078125 0.0888672 
0 0.178223 0.0478516 0.178711 0.0957031 
0 0.397461 0.644531 0.0957031 0.0742188 
0 0.84668 0.554688 0.166016 0.125 
0 0.796875 0.0385742 0.117188 0.0771484 
