0 0.653809 0.445801 0.0712891 0.0927734 
0 0.663086 0.489258 0.0761719 0.0898438 
0 0.90332 0.970215 0.0859375 0.0537109 
0 0.59668 0.0527344 0.101562 0.0820312 
0 0.214844 0.241699 0.0761719 0.0478516 
0 0.183105 0.368652 0.0869141 0.0869141 
0 0.944824 0.30957 0.0517578 0.0449219 
0 0.357422 0.984863 0.09375 0.0302734 
0 0.848633 0.0258789 0.0644531 0.0517578 
0 0.93457 0.0678711 0.0527344 0.0927734 
0 0.453125 0.155273 0.0644531 0.0644531 
0 0.686523 0.984863 0.0644531 0.0302734 
0 0.0551758 0.52832 0.0947266 0.0488281 
0 0.236816 0.417969 0.0673828 0.0859375 
0 0.0605469 0.595703 0.115234 0.0664062 
0 0.300293 0.231934 0.118164 0.0517578 
0 0.555664 0.187012 0.0878906 0.0654297 
0 0.516602 0.554688 0.0644531 0.0664062 
0 0.370605 0.907227 0.0595703 0.0644531 
0 0.5 0.610352 0.0605469 0.0410156 
0 0.118652 0.785156 0.0888672 0.0664062 
0 0.342773 0.585938 0.0683594 0.0820312 
0 0.276367 0.589355 0.0839844 0.0634766 
0 0.763672 0.929688 0.0664062 0.0410156 
0 0.0634766 0.862793 0.0917969 0.0595703 
0 0.468262 0.034668 0.100586 0.0693359 
0 0.591309 0.94043 0.0615234 0.0605469 
0 0.770508 0.0517578 0.0800781 0.103516 
0 0.663086 0.0380859 0.0957031 0.0761719 
0 0.955078 0.203613 0.0566406 0.0615234 
0 0.0488281 0.0473633 0.0957031 0.0634766 
0 0.893555 0.45459 0.0644531 0.0810547 
0 0.799805 0.460938 0.0488281 0.0820312 
0 0.395996 0.450195 0.0771484 0.103516 
0 0.115234 0.623047 0.0761719 0.0605469 
0 0.970703 0.979492 0.0585938 0.0410156 
0 0.583496 0.78418 0.0634766 0.0878906 
0 0.441406 0.849121 0.136719 0.155273 
0 0.0371094 0.382812 0.0742188 0.0839844 
0 0.177734 0.0307617 0.103516 0.0615234 
0 0.762695 0.492188 0.0761719 0.0742188 
0 0.167969 0.924805 0.0839844 0.0449219 
0 0.288086 0.889648 0.0761719 0.0605469 
0 0.31543 0.046875 0.0566406 0.0917969 
0 0.693359 0.413574 0.0664062 0.141602 
0 0.126953 0.0712891 0.0976562 0.101562 
