0 0.977539 0.807617 0.0449219 0.115234 
0 0.276367 0.377441 0.0839844 0.0966797 
0 0.203125 0.680176 0.0664062 0.0869141 
0 0.314941 0.299316 0.0791016 0.100586 
0 0.617188 0.749512 0.0546875 0.0595703 
0 0.814453 0.688477 0.0898438 0.0839844 
0 0.0395508 0.115723 0.0771484 0.0654297 
0 0.538574 0.0654297 0.0751953 0.119141 
0 0.90332 0.153809 0.0878906 0.0693359 
0 0.658203 0.0976562 0.0976562 0.0859375 
0 0.394531 0.33252 0.0585938 0.0634766 
0 0.104004 0.03125 0.108398 0.0625 
0 0.947266 0.641602 0.078125 0.216797 
0 0.558594 0.568848 0.0898438 0.0791016 
0 0.132812 0.479004 0.078125 0.0732422 
0 0.0683594 0.342285 0.132812 0.0791016 
0 0.827148 0.526367 0.199219 0.0722656 
0 0.733398 0.893555 0.0800781 0.0878906 
0 0.501953 0.491211 0.078125 0.0683594 
0 0.263672 0.722168 0.0839844 0.305664 
0 0.90332 0.0458984 0.0917969 0.078125 
0 0.260742 0.0317383 0.101562 0.0634766 
0 0.890625 0.342773 0.171875 0.0878906 
0 0.699707 0.766602 0.0869141 0.09375 
0 0.975586 0.510742 0.0488281 0.177734 
0 0.0405273 0.258301 0.0791016 0.100586 
0 0.393555 0.0566406 0.0898438 0.113281 
0 0.869141 0.899414 0.0820312 0.138672 
0 0.481445 0.29834 0.0898438 0.192383 
0 0.637695 0.336426 0.103516 0.206055 
