0 0.125488 0.0732422 0.0322266 0.0292969 
0 0.00830078 0.43457 0.0166016 0.0566406 
0 0.0766602 0.348145 0.0302734 0.0439453 
0 0.971191 0.524414 0.0478516 0.0292969 
0 0.867188 0.569824 0.0371094 0.0283203 
0 0.452148 0.220703 0.0546875 0.0449219 
0 0.0117188 0.568359 0.0234375 0.046875 
0 0.523438 0.0249023 0.0273438 0.0498047 
0 0.546875 0.233887 0.046875 0.0341797 
0 0.370117 0.189453 0.03125 0.03125 
0 0.155762 0.793945 0.0380859 0.0351562 
0 0.09375 0.128906 0.0390625 0.0292969 
0 0.733398 0.00976562 0.0664062 0.0195312 
0 0.373047 0.134277 0.0429688 0.0361328 
0 0.784668 0.191895 0.0439453 0.0439453 
0 0.556641 0.150879 0.0449219 0.0302734 
0 0.214844 0.220215 0.03125 0.0439453 
0 0.675781 0.579102 0.03125 0.0449219 
0 0.188477 0.106934 0.0429688 0.0595703 
0 0.526367 0.972168 0.0605469 0.0302734 
0 0.124023 0.872559 0.0332031 0.0400391 
0 0.955078 0.268555 0.0429688 0.0390625 
0 0.673828 0.681641 0.0332031 0.0507812 
0 0.72168 0.119629 0.0488281 0.0380859 
0 0.748047 0.365234 0.09375 0.0351562 
0 0.194336 0.375977 0.0585938 0.0332031 
0 0.16748 0.170898 0.0400391 0.0371094 
0 0.692383 0.669922 0.0449219 0.0664062 
0 0.344727 0.983398 0.0488281 0.0332031 
0 0.802734 0.554688 0.0566406 0.0429688 
0 0.206543 0.522461 0.0556641 0.0722656 
0 0.737305 0.0688477 0.046875 0.0458984 
0 0.591309 0.24707 0.0498047 0.0371094 
0 0.246094 0.896973 0.0703125 0.0517578 
0 0.644043 0.0722656 0.0595703 0.0429688 
0 0.833496 0.445312 0.0888672 0.0351562 
0 0.279785 0.570801 0.0478516 0.0517578 
0 0.565918 0.598145 0.0419922 0.0478516 
0 0.440918 0.65625 0.0478516 0.0839844 
0 0.944336 0.585938 0.111328 0.0351562 
0 0.431152 0.111816 0.0732422 0.0341797 
0 0.929688 0.727539 0.138672 0.0449219 
0 0.0444336 0.0224609 0.0419922 0.0449219 
0 0.304199 0.304688 0.0478516 0.0390625 
0 0.280273 0.870605 0.046875 0.0537109 
0 0.745117 0.543457 0.0917969 0.0380859 
0 0.579102 0.736328 0.0507812 0.0703125 
0 0.0532227 0.504395 0.0537109 0.0576172 
0 0.571289 0.0688477 0.0605469 0.0419922 
0 0.0361328 0.0678711 0.0488281 0.0458984 
0 0.832031 0.34082 0.0429688 0.0664062 
0 0.802734 0.126953 0.0585938 0.078125 
0 0.271973 0.0498047 0.0498047 0.0429688 
