0 0.0078125 0.603516 0.015625 0.0507812 
0 0.00537109 0.403809 0.0107422 0.0634766 
0 0.378906 0.570312 0.0683594 0.0527344 
0 0.0532227 0.0556641 0.104492 0.0878906 
0 0.369141 0.831055 0.0605469 0.0546875 
0 0.55957 0.570312 0.0722656 0.0625 
0 0.97168 0.54834 0.0566406 0.0615234 
0 0.0512695 0.0185547 0.0869141 0.0371094 
0 0.54248 0.953125 0.0908203 0.0820312 
0 0.353516 0.466797 0.0664062 0.078125 
0 0.600098 0.955078 0.149414 0.078125 
0 0.396973 0.45752 0.102539 0.0966797 
0 0.972656 0.497559 0.0546875 0.0673828 
0 0.0161133 0.722656 0.0322266 0.148438 
0 0.675781 0.0253906 0.0585938 0.0507812 
0 0.533203 0.587891 0.105469 0.078125 
0 0.0361328 0.491211 0.0585938 0.0644531 
0 0.761719 0.0610352 0.0625 0.0634766 
0 0.382812 0.600586 0.0644531 0.0664062 
0 0.0795898 0.833984 0.0556641 0.0585938 
0 0.378418 0.0791016 0.0751953 0.0839844 
0 0.25 0.425293 0.0722656 0.0478516 
0 0.400391 0.855469 0.0742188 0.0917969 
0 0.710449 0.105957 0.166992 0.0654297 
0 0.669922 0.497559 0.128906 0.0556641 
0 0.681641 0.406738 0.0625 0.0966797 
0 0.569336 0.128418 0.0546875 0.0849609 
0 0.961914 0.594238 0.0761719 0.0595703 
0 0.948242 0.449219 0.0644531 0.0703125 
0 0.179688 0.456055 0.0683594 0.111328 
0 0.161133 0.724609 0.0683594 0.0800781 
0 0.326172 0.584961 0.0585938 0.0800781 
0 0.377441 0.929688 0.0673828 0.0664062 
0 0.322754 0.901367 0.0634766 0.0605469 
0 0.935547 0.354492 0.0917969 0.0683594 
0 0.158691 0.873047 0.0810547 0.0664062 
0 0.396973 0.679688 0.0712891 0.105469 
0 0.32373 0.964355 0.0634766 0.0595703 
0 0.560059 0.397461 0.0791016 0.0566406 
0 0.467773 0.679688 0.0800781 0.078125 
0 0.347656 0.0371094 0.0878906 0.0742188 
0 0.0942383 0.401855 0.0810547 0.104492 
0 0.201172 0.0771484 0.0917969 0.0703125 
0 0.819824 0.0673828 0.0712891 0.0976562 
0 0.483398 0.387695 0.0820312 0.123047 
0 0.3125 0.316895 0.0859375 0.0791016 
0 0.945312 0.843262 0.0957031 0.165039 
0 0.356934 0.729492 0.0830078 0.0996094 
0 0.65332 0.294922 0.0722656 0.0683594 
0 0.48584 0.144531 0.0986328 0.121094 
0 0.110352 0.646484 0.0800781 0.078125 
0 0.697266 0.884766 0.0859375 0.0761719 
0 0.228516 0.957031 0.0585938 0.0722656 
0 0.816406 0.854492 0.0703125 0.0957031 
0 0.732422 0.536133 0.09375 0.119141 
0 0.541992 0.713379 0.0761719 0.0830078 
0 0.870117 0.716797 0.0722656 0.0859375 
0 0.288086 0.789062 0.0898438 0.0859375 
