0 0.508789 0.952148 0.0761719 0.0703125 
0 0.913086 0.0244141 0.0996094 0.0488281 
0 0.570312 0.925781 0.0898438 0.0820312 
0 0.560547 0.407227 0.09375 0.158203 
0 0.437012 0.305664 0.124023 0.0917969 
0 0.607422 0.84668 0.0898438 0.0683594 
0 0.074707 0.245605 0.0869141 0.0947266 
0 0.0380859 0.876953 0.0761719 0.0820312 
0 0.280273 0.388672 0.128906 0.078125 
0 0.776367 0.424316 0.0957031 0.124023 
0 0.125977 0.726074 0.0957031 0.0966797 
0 0.558594 0.601562 0.109375 0.115234 
0 0.720215 0.520996 0.112305 0.110352 
0 0.858887 0.266602 0.116211 0.150391 
0 0.759277 0.242676 0.0791016 0.129883 
0 0.273438 0.229492 0.113281 0.130859 
0 0.441406 0.0517578 0.212891 0.103516 
0 0.363281 0.194336 0.160156 0.173828 
