0 0.630859 0.866211 0.0703125 0.0449219 
0 0.228027 0.146484 0.106445 0.0429688 
0 0.552246 0.804688 0.0439453 0.0585938 
0 0.692383 0.947266 0.0878906 0.046875 
0 0.357422 0.0141602 0.132812 0.0283203 
0 0.214355 0.688477 0.102539 0.0371094 
0 0.617188 0.557617 0.0898438 0.0488281 
0 0.675293 0.700195 0.0849609 0.0527344 
0 0.602539 0.701172 0.0878906 0.0546875 
0 0.433105 0.328125 0.0966797 0.0605469 
0 0.885742 0.168457 0.0722656 0.0478516 
0 0.768555 0.279297 0.0644531 0.0722656 
0 0.0693359 0.614746 0.125 0.0537109 
0 0.814453 0.165527 0.0976562 0.0595703 
0 0.789551 0.0170898 0.0693359 0.0341797 
0 0.117188 0.980469 0.101562 0.0390625 
0 0.0410156 0.383789 0.0820312 0.0644531 
0 0.074707 0.417969 0.0927734 0.0546875 
0 0.805664 0.834961 0.0722656 0.0683594 
0 0.798828 0.358398 0.111328 0.0644531 
0 0.709961 0.474121 0.0722656 0.0576172 
0 0.923828 0.885254 0.0917969 0.0810547 
0 0.478516 0.470703 0.0625 0.0644531 
0 0.0961914 0.197754 0.133789 0.0888672 
0 0.0322266 0.733398 0.0644531 0.0722656 
0 0.195801 0.803711 0.0849609 0.0644531 
0 0.758789 0.034668 0.0449219 0.0693359 
0 0.416504 0.208984 0.112305 0.0644531 
0 0.445312 0.53125 0.0898438 0.046875 
0 0.212891 0.631836 0.0664062 0.0429688 
0 0.413086 0.169434 0.119141 0.0498047 
0 0.348633 0.731445 0.0722656 0.0800781 
0 0.567871 0.237305 0.104492 0.0566406 
0 0.978516 0.631836 0.0429688 0.0488281 
0 0.616211 0.496094 0.0683594 0.0820312 
0 0.545898 0.325195 0.115234 0.0546875 
0 0.0405273 0.0625 0.0654297 0.0683594 
0 0.21875 0.359863 0.113281 0.0966797 
0 0.261719 0.466309 0.0898438 0.0751953 
0 0.0620117 0.019043 0.124023 0.0380859 
0 0.426758 0.71582 0.103516 0.0644531 
0 0.949219 0.0585938 0.0664062 0.0742188 
