0 0.732422 0.0239258 0.167969 0.0478516 
0 0.0224609 0.221191 0.0449219 0.0849609 
0 0.879883 0.205078 0.0957031 0.0644531 
0 0.215332 0.0893555 0.0712891 0.0751953 
0 0.744141 0.0703125 0.1875 0.111328 
0 0.395508 0.729004 0.197266 0.133789 
0 0.97168 0.157715 0.0566406 0.0869141 
0 0.474121 0.973633 0.0888672 0.0507812 
0 0.560547 0.844727 0.101562 0.09375 
0 0.337891 0.0927734 0.0742188 0.0957031 
0 0.0195312 0.0366211 0.0390625 0.0732422 
0 0.87207 0.297363 0.232422 0.0791016 
0 0.223145 0.625977 0.0947266 0.0722656 
0 0.394043 0.543945 0.0810547 0.0722656 
0 0.910156 0.420898 0.171875 0.0820312 
0 0.31543 0.430176 0.0683594 0.0712891 
0 0.4375 0.491211 0.078125 0.0722656 
0 0.0478516 0.477051 0.0585938 0.0654297 
0 0.399414 0.410645 0.103516 0.0791016 
0 0.496094 0.410645 0.0761719 0.0751953 
0 0.106445 0.505371 0.0683594 0.0830078 
0 0.0996094 0.977051 0.078125 0.0458984 
0 0.598633 0.130371 0.0976562 0.106445 
0 0.878418 0.724121 0.106445 0.0830078 
0 0.151855 0.302734 0.0947266 0.078125 
0 0.678223 0.768555 0.0888672 0.0957031 
0 0.222168 0.202637 0.124023 0.106445 
0 0.0795898 0.185547 0.108398 0.0664062 
0 0.615234 0.644531 0.0703125 0.0742188 
0 0.107422 0.407227 0.0800781 0.0839844 
0 0.101074 0.635742 0.0673828 0.0703125 
0 0.337891 0.62793 0.0703125 0.0878906 
0 0.227051 0.541016 0.0927734 0.0820312 
0 0.326172 0.307617 0.105469 0.119141 
0 0.504883 0.929688 0.117188 0.136719 
0 0.306152 0.918945 0.149414 0.134766 
