0 0.0351562 0.908691 0.0703125 0.0791016 
0 0.989258 0.959961 0.0214844 0.0761719 
0 0.0283203 0.170898 0.0566406 0.078125 
0 0.635254 0.796875 0.0830078 0.105469 
0 0.313477 0.953613 0.0605469 0.0693359 
0 0.0546875 0.0258789 0.105469 0.0517578 
0 0.0878906 0.526367 0.109375 0.0546875 
0 0.798828 0.046875 0.136719 0.078125 
0 0.96582 0.237793 0.0683594 0.0830078 
0 0.547852 0.723145 0.0703125 0.0732422 
0 0.160156 0.655762 0.0625 0.0654297 
0 0.719238 0.172363 0.0537109 0.0869141 
0 0.635254 0.124023 0.0888672 0.0761719 
0 0.305664 0.361328 0.0683594 0.0546875 
0 0.666504 0.904297 0.186523 0.101562 
0 0.237305 0.423828 0.0761719 0.0625 
0 0.441895 0.645508 0.0947266 0.0605469 
0 0.621582 0.0585938 0.0966797 0.0644531 
0 0.230957 0.952148 0.0830078 0.0839844 
0 0.224121 0.159668 0.137695 0.106445 
0 0.669922 0.356445 0.0742188 0.0644531 
0 0.208984 0.581543 0.0976562 0.0791016 
0 0.785156 0.43457 0.128906 0.0703125 
0 0.778809 0.141602 0.0693359 0.0800781 
0 0.803711 0.798828 0.0878906 0.09375 
0 0.335449 0.61377 0.114258 0.0732422 
0 0.572266 0.255371 0.0683594 0.0576172 
0 0.0527344 0.318359 0.105469 0.0859375 
0 0.131836 0.864258 0.119141 0.0878906 
0 0.762695 0.361328 0.115234 0.0742188 
0 0.772461 0.256348 0.0703125 0.0673828 
0 0.211426 0.285645 0.0888672 0.0595703 
0 0.817383 0.679199 0.0996094 0.0712891 
0 0.172363 0.455078 0.0673828 0.0703125 
0 0.0864258 0.419434 0.0888672 0.0771484 
0 0.0439453 0.577148 0.0761719 0.0722656 
0 0.352051 0.723145 0.0947266 0.0595703 
0 0.368164 0.244141 0.0761719 0.0703125 
0 0.486816 0.204102 0.0771484 0.0742188 
0 0.90332 0.952148 0.142578 0.0957031 
0 0.263184 0.871094 0.192383 0.0878906 
0 0.454102 0.105957 0.0761719 0.12793 
0 0.694824 0.514648 0.0927734 0.0898438 
0 0.567383 0.331055 0.115234 0.0644531 
0 0.478516 0.817383 0.117188 0.0800781 
0 0.260254 0.759766 0.0869141 0.0644531 
0 0.71875 0.677734 0.105469 0.140625 
0 0.967285 0.767578 0.0654297 0.191406 
0 0.458984 0.333984 0.0976562 0.144531 
0 0.427246 0.918457 0.0830078 0.108398 
0 0.890137 0.262207 0.137695 0.15918 
0 0.860352 0.587402 0.0839844 0.131836 
