0 0.508789 0.489258 0.0644531 0.0605469 
0 0.455566 0.223145 0.0576172 0.0615234 
0 0.517578 0.203125 0.0507812 0.0703125 
0 0.542969 0.226562 0.0585938 0.0664062 
0 0.966797 0.23291 0.0664062 0.0576172 
0 0.598633 0.221191 0.0859375 0.0712891 
0 0.366699 0.734375 0.0595703 0.0703125 
0 0.381348 0.333008 0.0673828 0.0761719 
0 0.588867 0.285156 0.0644531 0.0742188 
0 0.574219 0.0517578 0.0742188 0.103516 
0 0.0332031 0.891602 0.0664062 0.0800781 
0 0.586914 0.541992 0.111328 0.0722656 
0 0.339355 0.279785 0.157227 0.0751953 
0 0.234863 0.496582 0.0634766 0.0615234 
0 0.649902 0.256348 0.0810547 0.0732422 
0 0.551758 0.493164 0.107422 0.123047 
0 0.46582 0.433594 0.0996094 0.0859375 
0 0.46582 0.320801 0.0722656 0.0810547 
0 0.0820312 0.665527 0.164062 0.125977 
0 0.561523 0.383301 0.0800781 0.0751953 
0 0.866211 0.911133 0.123047 0.0800781 
0 0.0581055 0.275391 0.112305 0.138672 
0 0.944336 0.374512 0.111328 0.0947266 
0 0.286621 0.695312 0.161133 0.105469 
