0 0.856445 0.0742188 0.105469 0.121094 
0 0.796387 0.898926 0.114258 0.145508 
0 0.786133 0.0390625 0.0957031 0.078125 
0 0.698242 0.369141 0.105469 0.09375 
0 0.637207 0.111328 0.0869141 0.0839844 
0 0.597656 0.699707 0.0898438 0.0888672 
0 0.826172 0.762695 0.144531 0.107422 
0 0.679688 0.835938 0.0996094 0.0917969 
0 0.537109 0.74707 0.109375 0.0917969 
0 0.566406 0.369629 0.0898438 0.0830078 
0 0.970215 0.0800781 0.0595703 0.0957031 
0 0.539062 0.476562 0.101562 0.0976562 
0 0.360352 0.376953 0.115234 0.101562 
