0 0.0600586 0.782715 0.0869141 0.0595703 
0 0.124512 0.978027 0.0537109 0.0439453 
0 0.514648 0.0463867 0.203125 0.0830078 
0 0.952148 0.381348 0.0898438 0.0751953 
0 0.974121 0.247559 0.0517578 0.0673828 
0 0.0317383 0.935059 0.0634766 0.120117 
0 0.382812 0.873047 0.0859375 0.0898438 
0 0.284668 0.32666 0.286133 0.229492 
0 0.463867 0.203125 0.115234 0.0742188 
0 0.552246 0.14502 0.0595703 0.0791016 
0 0.245117 0.90332 0.162109 0.0917969 
0 0.408203 0.787598 0.0761719 0.0673828 
0 0.716797 0.0654297 0.148438 0.117188 
0 0.958008 0.0195312 0.0839844 0.0390625 
0 0.219727 0.61084 0.126953 0.100586 
0 0.300781 0.834961 0.103516 0.0449219 
0 0.735352 0.233398 0.0722656 0.0800781 
0 0.268555 0.734375 0.0800781 0.0683594 
0 0.770508 0.980957 0.0917969 0.0380859 
0 0.905273 0.331543 0.177734 0.0830078 
0 0.642578 0.646484 0.046875 0.0429688 
0 0.630859 0.265137 0.148438 0.120117 
0 0.947266 0.0688477 0.0996094 0.116211 
0 0.304199 0.59668 0.0947266 0.0761719 
0 0.315918 0.972656 0.0751953 0.0546875 
0 0.887695 0.849121 0.123047 0.0888672 
0 0.0390625 0.211914 0.078125 0.078125 
0 0.975098 0.708984 0.0498047 0.0820312 
0 0.860352 0.975098 0.0878906 0.0498047 
0 0.0644531 0.356934 0.09375 0.0830078 
0 0.820801 0.68457 0.125977 0.0761719 
0 0.17041 0.13916 0.0888672 0.0693359 
0 0.0380859 0.0556641 0.0761719 0.111328 
0 0.704102 0.95752 0.0839844 0.0849609 
0 0.507812 0.950195 0.0859375 0.0957031 
