0 0.0253906 0.588379 0.0390625 0.0615234 
0 0.398926 0.711914 0.0615234 0.0566406 
0 0.275879 0.0644531 0.0673828 0.0351562 
0 0.65332 0.810547 0.0449219 0.0507812 
0 0.786133 0.146484 0.0292969 0.03125 
0 0.157715 0.727539 0.0419922 0.0449219 
0 0.735352 0.828613 0.0566406 0.0478516 
0 0.501953 0.400391 0.0742188 0.0820312 
0 0.987793 0.547852 0.0244141 0.0605469 
0 0.561523 0.249023 0.0449219 0.0449219 
0 0.751953 0.345215 0.0546875 0.0439453 
0 0.543945 0.120117 0.0625 0.0488281 
0 0.795898 0.0117188 0.0488281 0.0234375 
0 0.979492 0.865234 0.0410156 0.046875 
0 0.154297 0.569336 0.0585938 0.0722656 
0 0.0151367 0.178223 0.0302734 0.0537109 
0 0.0527344 0.254395 0.0664062 0.0478516 
0 0.366211 0.276855 0.0566406 0.0419922 
0 0.817383 0.289062 0.0644531 0.0449219 
0 0.625977 0.268555 0.0878906 0.0507812 
0 0.908203 0.560547 0.0703125 0.0898438 
0 0.911133 0.937988 0.0605469 0.0673828 
0 0.860352 0.0175781 0.0585938 0.0351562 
0 0.112793 0.40332 0.0830078 0.046875 
0 0.0869141 0.394531 0.0761719 0.0800781 
0 0.125488 0.0151367 0.0732422 0.0302734 
0 0.369141 0.847168 0.0507812 0.0791016 
0 0.936035 0.26123 0.0712891 0.0380859 
0 0.236328 0.40332 0.0585938 0.0644531 
0 0.608887 0.683594 0.0595703 0.0585938 
0 0.630859 0.640625 0.0683594 0.0625 
0 0.362305 0.434082 0.0507812 0.0537109 
0 0.967285 0.177734 0.0654297 0.0585938 
0 0.183594 0.26123 0.046875 0.0595703 
0 0.345215 0.541992 0.0732422 0.0410156 
0 0.821289 0.439941 0.0585938 0.0673828 
0 0.825684 0.894531 0.0439453 0.0742188 
0 0.195801 0.72168 0.0537109 0.0546875 
0 0.240723 0.581055 0.0927734 0.0566406 
0 0.537598 0.0239258 0.0791016 0.0458984 
0 0.241699 0.137207 0.0595703 0.0439453 
0 0.924805 0.675293 0.0566406 0.0751953 
0 0.471191 0.314941 0.0615234 0.0673828 
0 0.333008 0.0214844 0.0566406 0.0429688 
0 0.618164 0.853516 0.0800781 0.0585938 
0 0.851562 0.263184 0.0546875 0.0693359 
0 0.740234 0.250977 0.0429688 0.0566406 
0 0.304199 0.732422 0.0751953 0.0507812 
0 0.838379 0.552734 0.108398 0.0820312 
0 0.458496 0.666992 0.0498047 0.0683594 
0 0.418945 0.959961 0.0605469 0.0644531 
0 0.668945 0.74707 0.0507812 0.0664062 
0 0.276367 0.674805 0.0644531 0.0605469 
0 0.496094 0.913086 0.0507812 0.0839844 
