0 0.474609 0.65625 0.0976562 0.0527344 
0 0.881348 0.448242 0.0439453 0.0371094 
0 0.361328 0.717773 0.0429688 0.046875 
0 0.56543 0.330078 0.0488281 0.0429688 
0 0.517578 0.334473 0.0722656 0.0419922 
0 0.20459 0.462891 0.0478516 0.0703125 
0 0.445312 0.789062 0.0585938 0.0390625 
0 0.33252 0.39209 0.0693359 0.0478516 
0 0.282715 0.710938 0.0693359 0.046875 
0 0.835938 0.345215 0.0507812 0.0478516 
0 0.355469 0.306152 0.046875 0.0419922 
0 0.783203 0.411133 0.0625 0.0605469 
0 0.807617 0.724609 0.0527344 0.0351562 
0 0.727539 0.362305 0.0761719 0.0527344 
0 0.776367 0.335938 0.0800781 0.0546875 
0 0.0151367 0.647461 0.0302734 0.0761719 
0 0.522461 0.368164 0.0996094 0.0585938 
0 0.428711 0.821777 0.0683594 0.0419922 
0 0.251465 0.371094 0.0556641 0.0742188 
0 0.807617 0.768555 0.0761719 0.0410156 
0 0.230469 0.711426 0.0742188 0.0478516 
0 0.402344 0.666016 0.0449219 0.0507812 
0 0.345215 0.351562 0.0576172 0.0585938 
0 0.848633 0.816406 0.0800781 0.046875 
0 0.958008 0.90332 0.0839844 0.0703125 
0 0.630859 0.808594 0.078125 0.0410156 
0 0.375 0.819336 0.0585938 0.0449219 
0 0.867188 0.981445 0.0820312 0.0371094 
0 0.286133 0.273926 0.0761719 0.0537109 
0 0.914062 0.816406 0.0585938 0.0449219 
0 0.171387 0.464844 0.0732422 0.0722656 
0 0.332031 0.682129 0.0761719 0.0380859 
0 0.880859 0.078125 0.0625 0.046875 
0 0.38916 0.777832 0.0673828 0.0380859 
0 0.209961 0.316895 0.046875 0.0556641 
0 0.0336914 0.408203 0.0634766 0.046875 
0 0.643555 0.346191 0.0449219 0.0478516 
0 0.296387 0.31543 0.0751953 0.0605469 
0 0.495117 0.772461 0.0527344 0.0605469 
0 0.492676 0.878906 0.0458984 0.046875 
0 0.0507812 0.67627 0.0546875 0.0751953 
0 0.172852 0.78418 0.0800781 0.0488281 
0 0.725586 0.891602 0.0488281 0.0546875 
0 0.183594 0.266113 0.0488281 0.0654297 
0 0.272461 0.893555 0.0761719 0.0527344 
0 0.131836 0.339355 0.0703125 0.0498047 
0 0.319336 0.780273 0.0683594 0.0449219 
0 0.706543 0.449219 0.0634766 0.0527344 
0 0.262207 0.807617 0.0615234 0.0605469 
0 0.224121 0.761719 0.0849609 0.0429688 
0 0.29248 0.617188 0.0654297 0.0644531 
0 0.720703 0.515625 0.0664062 0.0429688 
0 0.40625 0.424316 0.0742188 0.0712891 
0 0.632812 0.266113 0.0585938 0.0576172 
0 0.791992 0.0483398 0.0644531 0.0498047 
0 0.673828 0.733398 0.0820312 0.0625 
0 0.881348 0.303711 0.0712891 0.0761719 
0 0.746094 0.751953 0.0703125 0.0761719 
0 0.297363 0.222656 0.0751953 0.0722656 
0 0.0698242 0.859375 0.0654297 0.0546875 
0 0.945312 0.351562 0.109375 0.0488281 
0 0.624023 0.891602 0.0878906 0.0566406 
0 0.107422 0.738281 0.0683594 0.0664062 
0 0.929688 0.027832 0.0742188 0.0556641 
0 0.795898 0.192383 0.103516 0.0664062 
0 0.796387 0.879883 0.0947266 0.0683594 
0 0.11377 0.17334 0.0517578 0.0947266 
0 0.306641 0.959961 0.0742188 0.0800781 
