0 0.654785 0.271484 0.0693359 0.0859375 
0 0.675781 0.304688 0.111328 0.105469 
0 0.960938 0.833984 0.078125 0.0703125 
0 0.97168 0.0996094 0.0566406 0.0644531 
0 0.027832 0.71582 0.0556641 0.0839844 
0 0.82373 0.871582 0.0751953 0.0751953 
0 0.901367 0.106445 0.146484 0.0742188 
0 0.608887 0.891602 0.165039 0.115234 
0 0.796875 0.974609 0.0820312 0.0507812 
0 0.977539 0.961914 0.0449219 0.0742188 
0 0.513672 0.252441 0.0703125 0.0615234 
0 0.959961 0.538086 0.0800781 0.0839844 
0 0.743164 0.737305 0.0722656 0.0957031 
0 0.727539 0.782227 0.158203 0.0996094 
0 0.887207 0.219727 0.137695 0.0820312 
0 0.871094 0.754883 0.15625 0.111328 
0 0.958008 0.243164 0.0839844 0.0839844 
0 0.0322266 0.922852 0.0644531 0.134766 
0 0.929688 0.884277 0.140625 0.0732422 
0 0.621094 0.958984 0.113281 0.0820312 
0 0.970703 0.643555 0.0585938 0.107422 
0 0.743164 0.922852 0.126953 0.0761719 
0 0.695312 0.0317383 0.125 0.0615234 
0 0.918945 0.0424805 0.154297 0.0849609 
0 0.706055 0.0874023 0.123047 0.0947266 
0 0.592285 0.11377 0.114258 0.0888672 
0 0.833984 0.515137 0.101562 0.110352 
0 0.0708008 0.125 0.112305 0.0976562 
0 0.728516 0.226074 0.132812 0.0712891 
0 0.951172 0.460938 0.0976562 0.107422 
0 0.833984 0.603516 0.150391 0.113281 
0 0.703125 0.564453 0.103516 0.121094 
0 0.043457 0.0292969 0.0869141 0.0585938 
