0 0.709961 0.931641 0.0566406 0.0507812 
0 0.163086 0.0102539 0.0644531 0.0205078 
0 0.967773 0.463867 0.0644531 0.0800781 
0 0.37793 0.0200195 0.0449219 0.0400391 
0 0.93457 0.368164 0.0566406 0.046875 
0 0.813477 0.108398 0.0449219 0.0332031 
0 0.80957 0.788574 0.0859375 0.0556641 
0 0.0131836 0.384277 0.0263672 0.0771484 
0 0.870117 0.816406 0.0800781 0.0664062 
0 0.704102 0.525391 0.0605469 0.046875 
0 0.345215 0.0209961 0.0615234 0.0419922 
0 0.724609 0.564453 0.0644531 0.0742188 
0 0.12793 0.224609 0.0605469 0.0917969 
0 0.019043 0.936035 0.0380859 0.0537109 
0 0.666992 0.949707 0.0839844 0.0791016 
0 0.492676 0.501953 0.0498047 0.0625 
0 0.162598 0.263184 0.0576172 0.0537109 
0 0.648438 0.461426 0.0644531 0.0732422 
0 0.316895 0.80957 0.0615234 0.0566406 
0 0.685547 0.864258 0.0585938 0.0546875 
0 0.610352 0.88916 0.0664062 0.0712891 
0 0.838379 0.458008 0.0791016 0.0546875 
0 0.514648 0.0209961 0.0507812 0.0419922 
0 0.800293 0.835938 0.0615234 0.0917969 
0 0.80957 0.368164 0.0742188 0.0546875 
0 0.751953 0.855957 0.0625 0.0615234 
0 0.290527 0.0224609 0.0517578 0.0449219 
0 0.615234 0.234863 0.0585938 0.0615234 
0 0.145996 0.763672 0.0576172 0.0703125 
0 0.253906 0.369141 0.0625 0.0546875 
0 0.0571289 0.336426 0.0556641 0.0693359 
0 0.0625 0.0268555 0.0585938 0.0537109 
0 0.878906 0.0185547 0.0585938 0.0371094 
0 0.693359 0.666992 0.0859375 0.0566406 
0 0.91748 0.939453 0.0634766 0.0507812 
0 0.0385742 0.880859 0.0654297 0.0820312 
0 0.674805 0.394531 0.0605469 0.0527344 
0 0.768555 0.606934 0.0996094 0.0654297 
0 0.762695 0.677734 0.0761719 0.0488281 
0 0.617676 0.512695 0.100586 0.0546875 
0 0.702148 0.804688 0.0703125 0.0585938 
0 0.874023 0.333008 0.0703125 0.0800781 
0 0.950684 0.318359 0.0966797 0.0742188 
0 0.958008 0.787109 0.0839844 0.0742188 
0 0.445312 0.377441 0.105469 0.0849609 
0 0.133789 0.425293 0.0703125 0.0673828 
0 0.580566 0.350098 0.0634766 0.0771484 
0 0.100586 0.949219 0.0742188 0.0742188 
0 0.249512 0.445312 0.0634766 0.0644531 
0 0.0361328 0.51709 0.0664062 0.0771484 
0 0.0673828 0.792969 0.0742188 0.0761719 
0 0.832031 0.965332 0.0625 0.0693359 
0 0.123047 0.333496 0.0507812 0.0771484 
0 0.79834 0.0263672 0.0791016 0.0527344 
0 0.670898 0.0336914 0.115234 0.0673828 
