0 0.745117 0.919434 0.0976562 0.0556641 
0 0.635742 0.0131836 0.0839844 0.0263672 
0 0.15332 0.665039 0.0644531 0.0683594 
0 0.524902 0.338867 0.0947266 0.103516 
0 0.49707 0.0107422 0.0683594 0.0214844 
0 0.496094 0.75 0.0546875 0.0429688 
0 0.749023 0.0170898 0.0625 0.0341797 
0 0.210449 0.658203 0.0712891 0.0644531 
0 0.0864258 0.625977 0.0966797 0.0800781 
0 0.501465 0.881836 0.0791016 0.0585938 
0 0.643555 0.283691 0.0605469 0.0869141 
0 0.134766 0.881836 0.0566406 0.0605469 
0 0.285156 0.947266 0.0625 0.0664062 
0 0.312988 0.835938 0.0615234 0.046875 
0 0.179688 0.910156 0.0839844 0.0976562 
0 0.652344 0.931152 0.148438 0.0927734 
0 0.229004 0.821289 0.0537109 0.0546875 
0 0.335938 0.751953 0.0917969 0.0605469 
0 0.25293 0.0888672 0.0761719 0.0996094 
0 0.339844 0.888184 0.109375 0.0615234 
0 0.520508 0.624023 0.0722656 0.0488281 
0 0.0981445 0.249023 0.100586 0.0898438 
0 0.271484 0.638672 0.0507812 0.046875 
0 0.324707 0.184082 0.0673828 0.0908203 
0 0.224609 0.0253906 0.0800781 0.0507812 
0 0.723633 0.589844 0.0761719 0.0605469 
0 0.0712891 0.818359 0.0878906 0.0703125 
0 0.370605 0.644531 0.0908203 0.0742188 
0 0.537109 0.17041 0.0800781 0.12207 
0 0.508789 0.688965 0.0683594 0.0537109 
0 0.935547 0.547852 0.0703125 0.078125 
0 0.850586 0.922852 0.0644531 0.0605469 
0 0.448242 0.108887 0.0683594 0.0673828 
0 0.796875 0.17627 0.0898438 0.112305 
0 0.0292969 0.146484 0.0585938 0.0761719 
0 0.20459 0.58252 0.0634766 0.0615234 
0 0.461426 0.228027 0.0615234 0.0830078 
0 0.428223 0.773438 0.0712891 0.154297 
0 0.683105 0.397461 0.0712891 0.138672 
0 0.790039 0.976562 0.0644531 0.046875 
0 0.860352 0.347656 0.103516 0.0722656 
0 0.322266 0.552734 0.0742188 0.0820312 
0 0.793945 0.460938 0.0878906 0.101562 
0 0.102051 0.0795898 0.112305 0.100586 
0 0.369629 0.396484 0.0732422 0.113281 
0 0.51709 0.525391 0.0693359 0.117188 
0 0.612305 0.616699 0.0644531 0.161133 
