0 0.59668 0.665039 0.0566406 0.0351562 
0 0.276367 0.165039 0.0605469 0.0527344 
0 0.0234375 0.246582 0.046875 0.0615234 
0 0.180664 0.0258789 0.162109 0.0517578 
0 0.397461 0.0727539 0.117188 0.0419922 
0 0.932129 0.47998 0.0556641 0.0556641 
0 0.019043 0.737305 0.0380859 0.0566406 
0 0.813477 0.65625 0.0722656 0.0585938 
0 0.852539 0.0136719 0.0703125 0.0273438 
0 0.953125 0.0297852 0.0917969 0.0576172 
0 0.472168 0.958984 0.0810547 0.0585938 
0 0.267578 0.0268555 0.0390625 0.0537109 
0 0.476074 0.937988 0.170898 0.0869141 
0 0.10791 0.611816 0.0517578 0.0498047 
0 0.94873 0.713379 0.0556641 0.0380859 
0 0.963867 0.668457 0.0410156 0.0732422 
0 0.308594 0.0976562 0.0859375 0.0957031 
0 0.0356445 0.869141 0.0712891 0.0625 
0 0.294922 0.298828 0.0390625 0.0546875 
0 0.600586 0.905762 0.0566406 0.0478516 
0 0.542969 0.620117 0.0859375 0.0605469 
0 0.121582 0.939941 0.145508 0.0771484 
0 0.943359 0.235352 0.0546875 0.0390625 
0 0.242188 0.692383 0.0820312 0.0566406 
0 0.473633 0.137207 0.0800781 0.131836 
0 0.0317383 0.912109 0.0634766 0.0625 
0 0.278809 0.972656 0.0947266 0.046875 
0 0.915039 0.567383 0.0371094 0.078125 
0 0.115723 0.342773 0.0810547 0.0332031 
0 0.0532227 0.609375 0.106445 0.0644531 
0 0.336914 0.959961 0.0917969 0.0800781 
0 0.50293 0.850586 0.0683594 0.0527344 
0 0.768066 0.0205078 0.0517578 0.0410156 
0 0.707031 0.939941 0.0703125 0.0419922 
0 0.0273438 0.314453 0.0410156 0.09375 
0 0.22998 0.510742 0.118164 0.0371094 
0 0.0634766 0.694336 0.0800781 0.0488281 
0 0.191406 0.736328 0.0898438 0.0566406 
0 0.716797 0.67334 0.0507812 0.0400391 
0 0.952148 0.401855 0.0488281 0.0810547 
0 0.191406 0.199219 0.078125 0.0585938 
0 0.524414 0.136719 0.0527344 0.0546875 
0 0.235352 0.433594 0.0683594 0.0585938 
0 0.0869141 0.0458984 0.0683594 0.0800781 
0 0.780762 0.285156 0.0556641 0.0917969 
0 0.159668 0.873535 0.0908203 0.102539 
0 0.336914 0.186523 0.0605469 0.0898438 
0 0.101562 0.394531 0.0820312 0.0664062 
0 0.131836 0.792969 0.0644531 0.0820312 
0 0.493164 0.034668 0.0800781 0.0654297 
0 0.916992 0.897461 0.0722656 0.0605469 
0 0.965332 0.533203 0.0673828 0.0800781 
0 0.932617 0.162598 0.0488281 0.0615234 
0 0.842773 0.229004 0.0625 0.129883 
0 0.770508 0.166992 0.0527344 0.09375 
0 0.519043 0.517578 0.0595703 0.0820312 
0 0.606445 0.595703 0.0878906 0.0722656 
0 0.734375 0.623535 0.111328 0.0927734 
0 0.817383 0.126465 0.0761719 0.0888672 
0 0.595215 0.351074 0.0693359 0.0556641 
0 0.256836 0.575195 0.0527344 0.0644531 
0 0.759766 0.206543 0.0839844 0.0947266 
0 0.090332 0.269531 0.106445 0.101562 
0 0.40918 0.55957 0.0878906 0.0878906 
0 0.771484 0.960449 0.0742188 0.0791016 
0 0.69043 0.538574 0.0800781 0.0712891 
0 0.743652 0.874023 0.0810547 0.0878906 
0 0.764648 0.418945 0.078125 0.115234 
0 0.573242 0.505859 0.0683594 0.0820312 
