0 0.234375 0.119141 0.0585938 0.0546875 
0 0.578613 0.283203 0.0732422 0.0644531 
0 0.978027 0.865234 0.0439453 0.0644531 
0 0.0244141 0.883301 0.0488281 0.0615234 
0 0.496094 0.222656 0.046875 0.0625 
0 0.203125 0.924316 0.0703125 0.0693359 
0 0.508789 0.96582 0.0839844 0.0683594 
0 0.129395 0.978516 0.0791016 0.0429688 
0 0.441406 0.801758 0.0703125 0.0898438 
0 0.534668 0.249512 0.0634766 0.0654297 
0 0.767578 0.567871 0.0703125 0.0556641 
0 0.371582 0.889648 0.0654297 0.0683594 
0 0.0576172 0.331543 0.0898438 0.0498047 
0 0.912109 0.977539 0.0625 0.0449219 
0 0.0629883 0.503418 0.108398 0.0986328 
0 0.0600586 0.636719 0.0712891 0.078125 
0 0.152832 0.163086 0.0830078 0.0703125 
0 0.289062 0.912598 0.0664062 0.0654297 
0 0.816895 0.946777 0.129883 0.0830078 
0 0.913086 0.821289 0.0664062 0.0605469 
0 0.630859 0.61084 0.0585938 0.0771484 
0 0.0683594 0.766602 0.0683594 0.0644531 
0 0.276855 0.144043 0.0888672 0.0810547 
0 0.438965 0.122559 0.118164 0.0791016 
0 0.0615234 0.932617 0.0722656 0.0996094 
0 0.339355 0.0361328 0.0693359 0.0722656 
0 0.365723 0.146973 0.0595703 0.0537109 
0 0.59082 0.826172 0.0839844 0.0761719 
0 0.314453 0.850586 0.0742188 0.0722656 
0 0.263184 0.0195312 0.0830078 0.0390625 
0 0.623047 0.726562 0.078125 0.0664062 
0 0.596191 0.027832 0.114258 0.0556641 
0 0.156738 0.396484 0.120117 0.0664062 
0 0.63916 0.304688 0.0947266 0.0585938 
0 0.362793 0.333496 0.0634766 0.0595703 
0 0.560547 0.576172 0.0664062 0.0800781 
0 0.791992 0.356934 0.0605469 0.0693359 
0 0.599121 0.383789 0.0927734 0.0800781 
0 0.890137 0.0668945 0.0830078 0.0654297 
0 0.700195 0.121094 0.0742188 0.0839844 
0 0.659668 0.202637 0.0869141 0.0830078 
0 0.455566 0.555176 0.0693359 0.0830078 
0 0.865723 0.249023 0.0654297 0.0761719 
0 0.957031 0.663574 0.0625 0.110352 
0 0.0551758 0.149414 0.0908203 0.162109 
0 0.220215 0.620117 0.102539 0.134766 
0 0.711426 0.55127 0.0927734 0.0986328 
0 0.966797 0.240723 0.0625 0.129883 
0 0.897461 0.473145 0.0996094 0.102539 
