0 0.322754 0.976562 0.114258 0.046875 
0 0.420898 0.736328 0.111328 0.0898438 
0 0.160645 0.249023 0.12793 0.0800781 
0 0.970703 0.0664062 0.0585938 0.078125 
0 0.461914 0.946289 0.0878906 0.0820312 
0 0.0576172 0.209961 0.0996094 0.0644531 
0 0.662109 0.0693359 0.0703125 0.0683594 
0 0.668457 0.831055 0.157227 0.111328 
0 0.34375 0.899902 0.0898438 0.0712891 
0 0.214844 0.12793 0.195312 0.134766 
0 0.0366211 0.389648 0.0712891 0.0839844 
0 0.347656 0.667969 0.0898438 0.0820312 
0 0.567383 0.660156 0.0683594 0.0820312 
0 0.251465 0.745117 0.0791016 0.0683594 
0 0.456055 0.311523 0.0839844 0.0761719 
0 0.462402 0.560547 0.0888672 0.09375 
0 0.413086 0.387207 0.0800781 0.0751953 
0 0.863281 0.288086 0.0742188 0.0722656 
0 0.350586 0.80957 0.126953 0.0722656 
0 0.0234375 0.913086 0.046875 0.0917969 
0 0.669922 0.305664 0.121094 0.0722656 
0 0.614746 0.370117 0.0869141 0.0917969 
0 0.72168 0.115723 0.0859375 0.104492 
0 0.150391 0.836426 0.09375 0.170898 
0 0.27002 0.0688477 0.0849609 0.102539 
0 0.883301 0.623047 0.120117 0.0683594 
0 0.111328 0.632324 0.123047 0.0771484 
0 0.765625 0.239746 0.0898438 0.0849609 
0 0.946289 0.540039 0.078125 0.0722656 
0 0.587402 0.0849609 0.108398 0.160156 
0 0.364746 0.0908203 0.0771484 0.158203 
0 0.666016 0.502441 0.0976562 0.168945 
0 0.0439453 0.729492 0.0878906 0.0800781 
0 0.421875 0.230957 0.115234 0.0791016 
0 0.514648 0.188965 0.0800781 0.104492 
0 0.79834 0.952148 0.0849609 0.0957031 
