0 0.98584 0.418945 0.0283203 0.0644531 
0 0.814453 0.735352 0.0742188 0.0664062 
0 0.515625 0.723633 0.0703125 0.0742188 
0 0.645508 0.472168 0.113281 0.110352 
0 0.858398 0.668945 0.078125 0.103516 
0 0.708008 0.629883 0.0917969 0.0761719 
0 0.752441 0.285156 0.15332 0.09375 
0 0.278809 0.445801 0.129883 0.110352 
0 0.894531 0.973633 0.0820312 0.0527344 
0 0.597656 0.369141 0.0839844 0.0742188 
0 0.980469 0.953125 0.0390625 0.0917969 
0 0.39209 0.0732422 0.0615234 0.0683594 
0 0.285156 0.510742 0.128906 0.123047 
0 0.710938 0.0366211 0.101562 0.0732422 
0 0.620117 0.645508 0.0878906 0.0996094 
0 0.421875 0.776367 0.0703125 0.0722656 
0 0.705078 0.762695 0.101562 0.0644531 
0 0.53418 0.263184 0.105469 0.0908203 
0 0.78125 0.892578 0.09375 0.0898438 
0 0.576172 0.128418 0.0976562 0.118164 
0 0.945312 0.11084 0.107422 0.0732422 
0 0.958984 0.835449 0.0820312 0.0771484 
0 0.959961 0.274414 0.0800781 0.0820312 
0 0.246094 0.140137 0.09375 0.165039 
