0 0.990234 0.554199 0.0195312 0.0634766 
0 0.0126953 0.53418 0.0253906 0.0917969 
0 0.856445 0.351562 0.0957031 0.0703125 
0 0.577637 0.756348 0.0771484 0.0556641 
0 0.548828 0.0742188 0.0742188 0.0644531 
0 0.354004 0.00878906 0.0693359 0.0175781 
0 0.257324 0.793945 0.0634766 0.0644531 
0 0.679688 0.481445 0.0742188 0.0527344 
0 0.243164 0.757812 0.0800781 0.0546875 
0 0.128418 0.646973 0.0693359 0.0576172 
0 0.780273 0.26123 0.0605469 0.0888672 
0 0.466309 0.842773 0.0947266 0.0644531 
0 0.148926 0.84375 0.0849609 0.0742188 
0 0.143066 0.0361328 0.0927734 0.0722656 
0 0.755859 0.816406 0.0546875 0.0585938 
0 0.129395 0.695312 0.0712891 0.0742188 
0 0.453125 0.234863 0.0546875 0.0458984 
0 0.558594 0.978516 0.142578 0.0429688 
0 0.434082 0.736328 0.0732422 0.078125 
0 0.432129 0.115234 0.0751953 0.0546875 
0 0.399902 0.668945 0.112305 0.0644531 
0 0.486816 0.893555 0.0791016 0.0625 
0 0.0629883 0.0571289 0.0810547 0.0830078 
0 0.634277 0.0874023 0.0537109 0.0751953 
0 0.20459 0.231934 0.0732422 0.0595703 
0 0.386719 0.333984 0.0527344 0.0664062 
0 0.686523 0.0546875 0.0683594 0.105469 
0 0.128418 0.316406 0.0771484 0.0664062 
0 0.96582 0.676758 0.0683594 0.0683594 
0 0.286133 0.569336 0.0957031 0.0742188 
0 0.802734 0.772949 0.0820312 0.0595703 
0 0.720703 0.101074 0.0664062 0.0712891 
0 0.54834 0.649414 0.0869141 0.0800781 
0 0.864746 0.810059 0.0595703 0.0732422 
0 0.0668945 0.587891 0.0751953 0.078125 
0 0.446777 0.0678711 0.0927734 0.0634766 
0 0.333008 0.333984 0.0664062 0.0800781 
0 0.350098 0.208984 0.0791016 0.0664062 
0 0.194824 0.90625 0.0830078 0.0683594 
0 0.130371 0.181641 0.0732422 0.0742188 
0 0.785645 0.564453 0.0869141 0.0859375 
0 0.586914 0.831543 0.0996094 0.0810547 
0 0.695312 0.426758 0.0820312 0.0917969 
0 0.676758 0.553711 0.0839844 0.0878906 
0 0.949219 0.416016 0.101562 0.0898438 
0 0.714844 0.897461 0.0742188 0.0683594 
0 0.0341797 0.145508 0.0683594 0.0957031 
