0 0.125488 0.217285 0.0673828 0.0478516 
0 0.0136719 0.745117 0.0273438 0.0585938 
0 0.489746 0.480957 0.0966797 0.0810547 
0 0.838867 0.261719 0.0878906 0.0742188 
0 0.498535 0.260254 0.0810547 0.110352 
0 0.794922 0.199219 0.0703125 0.0585938 
0 0.255371 0.442383 0.0673828 0.0722656 
0 0.330566 0.0717773 0.0595703 0.0966797 
0 0.0341797 0.342285 0.0683594 0.0673828 
0 0.904785 0.059082 0.0810547 0.0791016 
0 0.600586 0.175781 0.109375 0.0976562 
0 0.908203 0.534668 0.0742188 0.0654297 
0 0.351562 0.383301 0.0605469 0.0693359 
0 0.260742 0.230469 0.0664062 0.0703125 
0 0.671387 0.369629 0.0595703 0.0771484 
0 0.20752 0.197266 0.0654297 0.0878906 
0 0.323242 0.692383 0.0800781 0.0761719 
0 0.348145 0.959961 0.0654297 0.0625 
0 0.418945 0.111816 0.117188 0.0888672 
0 0.286133 0.149414 0.0742188 0.0703125 
0 0.769531 0.38623 0.0664062 0.0634766 
0 0.956055 0.818848 0.0878906 0.0986328 
0 0.0698242 0.647461 0.0673828 0.0722656 
0 0.736328 0.839844 0.113281 0.0742188 
0 0.513672 0.574219 0.078125 0.0703125 
0 0.45166 0.337891 0.0537109 0.0527344 
0 0.03125 0.245605 0.0625 0.0634766 
0 0.287598 0.383789 0.0712891 0.0722656 
0 0.211426 0.802734 0.0751953 0.0703125 
0 0.962891 0.22998 0.0742188 0.0810547 
0 0.587891 0.295898 0.0664062 0.0644531 
0 0.68457 0.0439453 0.0957031 0.0859375 
0 0.374512 0.818359 0.0810547 0.0839844 
0 0.0551758 0.510742 0.0654297 0.101562 
0 0.646484 0.94043 0.0898438 0.0839844 
0 0.370605 0.239258 0.0908203 0.0664062 
0 0.225098 0.548828 0.100586 0.0761719 
