0 0.501953 0.262695 0.119141 0.103516 
0 0.506836 0.973633 0.0820312 0.0527344 
0 0.536133 0.635742 0.107422 0.0878906 
0 0.156738 0.961914 0.0791016 0.0722656 
0 0.669434 0.947266 0.104492 0.105469 
0 0.273926 0.483398 0.161133 0.142578 
0 0.0444336 0.5625 0.0888672 0.09375 
0 0.646484 0.859863 0.167969 0.209961 
0 0.0522461 0.913086 0.104492 0.111328 
0 0.938477 0.296387 0.123047 0.0693359 
0 0.152344 0.287598 0.0898438 0.151367 
0 0.741699 0.449707 0.104492 0.114258 
0 0.45459 0.813965 0.0849609 0.213867 
0 0.328125 0.277832 0.078125 0.102539 
0 0.469238 0.169434 0.178711 0.0830078 
0 0.324707 0.794922 0.108398 0.128906 
0 0.787109 0.675293 0.132812 0.155273 
0 0.662109 0.453613 0.0742188 0.196289 
0 0.270508 0.0878906 0.195312 0.078125 
0 0.850098 0.356445 0.0791016 0.177734 
0 0.242676 0.228027 0.0751953 0.137695 
