0 0.354492 0.639648 0.0761719 0.0996094 
0 0.691406 0.504883 0.0722656 0.0585938 
0 0.140137 0.314453 0.0439453 0.0390625 
0 0.226074 0.0136719 0.0810547 0.0273438 
0 0.317871 0.575195 0.0849609 0.0566406 
0 0.101074 0.540039 0.0751953 0.0957031 
0 0.604492 0.114746 0.0722656 0.0595703 
0 0.92041 0.287109 0.0810547 0.0625 
0 0.978516 0.310059 0.0429688 0.0673828 
0 0.357422 0.474609 0.0585938 0.0722656 
0 0.0229492 0.0185547 0.0458984 0.0371094 
0 0.840332 0.368164 0.0654297 0.0644531 
0 0.0625 0.487305 0.123047 0.0800781 
0 0.200684 0.453125 0.0751953 0.0546875 
0 0.257324 0.0576172 0.0615234 0.0625 
0 0.625488 0.902344 0.0556641 0.0566406 
0 0.739746 0.470703 0.110352 0.0703125 
0 0.645508 0.447266 0.0722656 0.0664062 
0 0.325684 0.855469 0.0654297 0.0625 
0 0.70459 0.177734 0.0849609 0.0683594 
0 0.767578 0.975586 0.0566406 0.0488281 
0 0.0932617 0.774902 0.0615234 0.131836 
0 0.201172 0.537109 0.0683594 0.0820312 
0 0.917969 0.69043 0.0625 0.0488281 
0 0.809082 0.913086 0.0615234 0.0742188 
0 0.364746 0.0668945 0.0615234 0.129883 
0 0.294434 0.226562 0.0673828 0.0664062 
0 0.16748 0.793945 0.0615234 0.0996094 
0 0.137695 0.678223 0.0722656 0.0849609 
0 0.925781 0.742188 0.0820312 0.0507812 
0 0.68457 0.852051 0.0683594 0.0615234 
0 0.418457 0.577148 0.0732422 0.0605469 
0 0.152832 0.974609 0.0595703 0.0507812 
0 0.912109 0.419922 0.0839844 0.0585938 
0 0.902344 0.487793 0.0820312 0.0712891 
0 0.594238 0.612305 0.0751953 0.0644531 
0 0.946777 0.0439453 0.0771484 0.0742188 
0 0.303711 0.334961 0.0683594 0.123047 
0 0.26709 0.650391 0.0673828 0.0839844 
0 0.101562 0.397949 0.0664062 0.0966797 
0 0.683594 0.269531 0.0898438 0.0683594 
0 0.422852 0.301758 0.0859375 0.0644531 
0 0.504395 0.716797 0.0654297 0.0820312 
0 0.587402 0.518555 0.0654297 0.0664062 
0 0.834961 0.78418 0.0917969 0.107422 
0 0.602539 0.289551 0.0683594 0.0634766 
0 0.0283203 0.710449 0.0566406 0.0908203 
0 0.935547 0.92041 0.0839844 0.0927734 
0 0.706543 0.615234 0.0771484 0.0664062 
0 0.438477 0.390625 0.0800781 0.0664062 
0 0.230957 0.270508 0.0673828 0.0644531 
0 0.477539 0.501953 0.0644531 0.0625 
0 0.925781 0.614746 0.0644531 0.0615234 
0 0.599609 0.771484 0.0898438 0.113281 
0 0.448242 0.905273 0.0839844 0.0957031 
0 0.480469 0.0410156 0.078125 0.0683594 
0 0.294434 0.966309 0.0712891 0.0673828 
0 0.483398 0.183105 0.0742188 0.0908203 
0 0.960938 0.827637 0.078125 0.0634766 
