0 0.884766 0.978027 0.0820312 0.0439453 
0 0.681641 0.0146484 0.0820312 0.0292969 
0 0.801758 0.499512 0.0800781 0.0673828 
0 0.930176 0.973145 0.0771484 0.0537109 
0 0.97168 0.230957 0.0566406 0.124023 
0 0.0317383 0.113281 0.0634766 0.179688 
0 0.696289 0.467773 0.0722656 0.0878906 
0 0.720703 0.158203 0.0742188 0.0996094 
0 0.741211 0.569336 0.0878906 0.0722656 
0 0.895508 0.538086 0.0722656 0.0722656 
0 0.757812 0.487793 0.109375 0.12207 
0 0.793945 0.0683594 0.0683594 0.0703125 
0 0.902344 0.105469 0.0859375 0.136719 
0 0.805664 0.219238 0.0878906 0.141602 
0 0.814941 0.616211 0.0810547 0.0839844 
0 0.53418 0.709961 0.107422 0.0703125 
0 0.0444336 0.96582 0.0888672 0.0683594 
0 0.820312 0.736816 0.117188 0.125977 
