0 0.884766 0.974609 0.0625 0.0507812 
0 0.233398 0.56543 0.0878906 0.0761719 
0 0.833984 0.975586 0.0703125 0.0488281 
0 0.137207 0.197754 0.0986328 0.0908203 
0 0.775391 0.081543 0.0898438 0.102539 
0 0.969727 0.874023 0.0605469 0.0722656 
0 0.643555 0.15332 0.103516 0.0859375 
0 0.109375 0.754883 0.0859375 0.123047 
0 0.199219 0.80127 0.0800781 0.0712891 
0 0.586914 0.904297 0.0761719 0.0625 
0 0.297852 0.584961 0.0800781 0.0800781 
0 0.202148 0.296875 0.119141 0.105469 
0 0.135742 0.0200195 0.09375 0.0400391 
0 0.951172 0.555664 0.0957031 0.0839844 
0 0.291992 0.669922 0.115234 0.0898438 
0 0.144531 0.96582 0.0859375 0.0683594 
0 0.224121 0.0986328 0.0751953 0.0898438 
0 0.217285 0.47998 0.0791016 0.102539 
0 0.88916 0.721191 0.0751953 0.104492 
0 0.975586 0.710449 0.0488281 0.0810547 
0 0.961914 0.478027 0.0761719 0.0947266 
0 0.848145 0.351074 0.0810547 0.0966797 
0 0.462891 0.385742 0.0957031 0.103516 
0 0.972656 0.0761719 0.0546875 0.0917969 
0 0.851562 0.458984 0.0976562 0.0820312 
0 0.969238 0.364258 0.0615234 0.0917969 
0 0.796875 0.665039 0.0742188 0.134766 
