0 0.243164 0.755859 0.0722656 0.0644531 
0 0.0737305 0.623047 0.0966797 0.0742188 
0 0.401855 0.586914 0.0576172 0.0625 
0 0.737305 0.57959 0.0800781 0.0693359 
0 0.265137 0.506348 0.0634766 0.0556641 
0 0.0244141 0.451172 0.0488281 0.0429688 
0 0.459473 0.48877 0.0712891 0.0732422 
0 0.28418 0.697266 0.0859375 0.0996094 
0 0.065918 0.0717773 0.0947266 0.0771484 
0 0.0986328 0.569336 0.0761719 0.0898438 
0 0.0244141 0.109375 0.0488281 0.078125 
0 0.230957 0.688477 0.0576172 0.0683594 
0 0.840332 0.981445 0.0966797 0.0371094 
0 0.316895 0.526367 0.0712891 0.0605469 
0 0.117188 0.491699 0.0761719 0.0517578 
0 0.943848 0.545898 0.100586 0.0488281 
0 0.714844 0.514648 0.109375 0.0722656 
0 0.219727 0.54248 0.0878906 0.0673828 
0 0.400391 0.523926 0.0761719 0.0869141 
0 0.834961 0.566895 0.0839844 0.0712891 
0 0.338379 0.439453 0.0771484 0.0625 
0 0.865723 0.921875 0.0712891 0.0722656 
0 0.457031 0.959473 0.113281 0.0712891 
0 0.0332031 0.546875 0.0664062 0.0664062 
0 0.37207 0.744141 0.0878906 0.0898438 
0 0.50293 0.519531 0.078125 0.0820312 
0 0.52832 0.050293 0.0683594 0.0654297 
0 0.632812 0.873047 0.109375 0.0703125 
0 0.700195 0.0244141 0.0761719 0.0488281 
0 0.963867 0.971191 0.0722656 0.0576172 
0 0.789062 0.651367 0.109375 0.103516 
0 0.973633 0.608398 0.0527344 0.0722656 
0 0.878906 0.604004 0.0703125 0.0791016 
0 0.504883 0.788086 0.078125 0.119141 
0 0.0957031 0.893555 0.109375 0.0800781 
0 0.647461 0.576172 0.0703125 0.103516 
0 0.263184 0.333008 0.114258 0.0761719 
0 0.231445 0.947266 0.111328 0.0703125 
0 0.422852 0.100586 0.220703 0.0859375 
