0 0.84082 0.285156 0.0605469 0.0742188 
0 0.78418 0.472656 0.0800781 0.0742188 
0 0.186523 0.605469 0.0703125 0.0839844 
0 0.386719 0.442871 0.0878906 0.0751953 
0 0.121582 0.402832 0.0927734 0.0576172 
0 0.214355 0.289062 0.0673828 0.0585938 
0 0.692871 0.475586 0.0771484 0.0722656 
0 0.275391 0.567383 0.0664062 0.0566406 
0 0.059082 0.441895 0.0673828 0.0673828 
0 0.428711 0.383789 0.0761719 0.0683594 
0 0.788086 0.404297 0.0683594 0.0664062 
0 0.407227 0.316895 0.146484 0.0908203 
0 0.276367 0.505859 0.0761719 0.0585938 
0 0.529297 0.166016 0.0898438 0.0625 
0 0.416016 0.187012 0.0878906 0.0673828 
0 0.218262 0.22998 0.116211 0.0654297 
0 0.259277 0.334961 0.0771484 0.0683594 
0 0.150879 0.459961 0.112305 0.0683594 
0 0.763672 0.26416 0.0859375 0.0830078 
0 0.688477 0.16748 0.105469 0.0791016 
0 0.902344 0.485352 0.0820312 0.0742188 
0 0.302734 0.416504 0.0703125 0.106445 
0 0.424316 0.502441 0.137695 0.0888672 
0 0.609375 0.259766 0.0898438 0.0839844 
0 0.837891 0.118652 0.0898438 0.0830078 
0 0.585449 0.8125 0.12207 0.0957031 
0 0.928711 0.320312 0.0898438 0.144531 
0 0.640625 0.509277 0.0820312 0.104492 
0 0.454102 0.601074 0.119141 0.0732422 
0 0.554688 0.936523 0.111328 0.0996094 
0 0.0317383 0.85498 0.0634766 0.276367 
0 0.59668 0.11084 0.0820312 0.116211 
0 0.92627 0.742188 0.0908203 0.101562 
0 0.77002 0.0576172 0.108398 0.115234 
0 0.456543 0.0454102 0.112305 0.0869141 
0 0.957031 0.598145 0.0859375 0.120117 
0 0.712891 0.692383 0.128906 0.140625 
0 0.387695 0.752441 0.103516 0.149414 
