0 0.804688 0.120117 0.0585938 0.0410156 
0 0.0234375 0.0219727 0.0449219 0.0439453 
0 0.972168 0.499512 0.0478516 0.0341797 
0 0.204102 0.241699 0.0371094 0.0576172 
0 0.0214844 0.96582 0.0429688 0.0683594 
0 0.00976562 0.111328 0.0195312 0.0742188 
0 0.173828 0.374023 0.03125 0.0859375 
0 0.419922 0.941406 0.0488281 0.0390625 
0 0.230957 0.898926 0.0634766 0.0380859 
0 0.255859 0.245605 0.0605469 0.125977 
0 0.199219 0.442871 0.078125 0.0537109 
0 0.863281 0.0161133 0.046875 0.0322266 
0 0.245117 0.390625 0.03125 0.0742188 
0 0.336914 0.979004 0.103516 0.0419922 
0 0.0366211 0.922852 0.0732422 0.0449219 
0 0.143555 0.394531 0.0722656 0.0625 
0 0.470703 0.986328 0.0488281 0.0273438 
0 0.0405273 0.829102 0.0810547 0.0488281 
0 0.211426 0.537109 0.0712891 0.046875 
0 0.0366211 0.890137 0.0732422 0.0458984 
0 0.0380859 0.197266 0.0332031 0.0722656 
0 0.771484 0.105957 0.0371094 0.0966797 
0 0.827148 0.448242 0.0351562 0.109375 
0 0.717773 0.540039 0.0488281 0.0410156 
0 0.808594 0.781738 0.0546875 0.0439453 
0 0.769531 0.900391 0.152344 0.046875 
0 0.345215 0.445312 0.0419922 0.0703125 
0 0.212402 0.927734 0.0888672 0.0664062 
0 0.958008 0.631836 0.0449219 0.0449219 
0 0.243164 0.019043 0.0410156 0.0380859 
0 0.576172 0.967773 0.136719 0.0644531 
0 0.760742 0.261719 0.0976562 0.0605469 
0 0.863281 0.636719 0.0742188 0.0546875 
0 0.300293 0.226562 0.0498047 0.0546875 
0 0.945312 0.228027 0.046875 0.0673828 
0 0.924316 0.0449219 0.0498047 0.0898438 
0 0.972656 0.138184 0.0546875 0.0751953 
0 0.958496 0.89502 0.0830078 0.0751953 
0 0.723633 0.499023 0.0957031 0.0488281 
0 0.0605469 0.316406 0.111328 0.0664062 
0 0.293945 0.259277 0.0683594 0.0556641 
0 0.237793 0.4375 0.0693359 0.0644531 
0 0.833496 0.531738 0.0478516 0.0556641 
0 0.228516 0.836914 0.0625 0.0527344 
0 0.730957 0.962891 0.0634766 0.0742188 
0 0.686035 0.339844 0.0556641 0.109375 
0 0.109375 0.542969 0.078125 0.0703125 
0 0.151367 0.505859 0.0722656 0.0722656 
0 0.589355 0.416504 0.0576172 0.0947266 
0 0.795898 0.191406 0.0644531 0.0664062 
0 0.202148 0.492188 0.0644531 0.0742188 
0 0.915039 0.510254 0.0742188 0.0751953 
0 0.178711 0.120605 0.0605469 0.0986328 
0 0.65332 0.771973 0.0703125 0.0927734 
