0 0.650391 0.991699 0.0664062 0.0166016 
0 0.535156 0.0136719 0.0898438 0.0273438 
0 0.419434 0.0126953 0.0966797 0.0253906 
0 0.397949 0.985352 0.0537109 0.0292969 
0 0.377441 0.952148 0.0576172 0.0527344 
0 0.0146484 0.074707 0.0292969 0.0732422 
0 0.0161133 0.569336 0.0322266 0.0683594 
0 0.0683594 0.421875 0.0546875 0.0546875 
0 0.787109 0.401855 0.0546875 0.0517578 
0 0.53418 0.495605 0.0527344 0.0576172 
0 0.115234 0.418457 0.0566406 0.0576172 
0 0.263184 0.111816 0.0517578 0.0537109 
0 0.197754 0.821289 0.0595703 0.0507812 
0 0.54834 0.977539 0.0791016 0.0449219 
0 0.270508 0.0239258 0.0800781 0.0478516 
0 0.0722656 0.52832 0.0898438 0.0664062 
0 0.33252 0.931641 0.0615234 0.0625 
0 0.0576172 0.467285 0.101562 0.0615234 
0 0.0732422 0.0351562 0.0898438 0.0605469 
0 0.840332 0.410645 0.0693359 0.0615234 
0 0.551758 0.932617 0.0996094 0.0683594 
0 0.650391 0.0244141 0.0839844 0.0488281 
0 0.404297 0.566406 0.0507812 0.0507812 
0 0.719727 0.381836 0.0527344 0.0566406 
0 0.914062 0.427246 0.0703125 0.0595703 
0 0.687012 0.135742 0.0771484 0.0761719 
0 0.432617 0.304688 0.09375 0.0859375 
0 0.566895 0.331055 0.0634766 0.0566406 
0 0.189941 0.972656 0.0693359 0.0546875 
0 0.479492 0.904785 0.0722656 0.106445 
0 0.645996 0.503906 0.0615234 0.0664062 
0 0.571777 0.516602 0.0849609 0.0800781 
0 0.755859 0.536133 0.0703125 0.0664062 
0 0.84375 0.549805 0.078125 0.0761719 
0 0.279785 0.886719 0.0888672 0.0703125 
0 0.0839844 0.573242 0.103516 0.0917969 
0 0.336914 0.34082 0.0742188 0.0839844 
0 0.770996 0.637695 0.0693359 0.0722656 
0 0.152344 0.606445 0.0703125 0.0683594 
0 0.827148 0.776367 0.0957031 0.134766 
0 0.074707 0.311035 0.0751953 0.0771484 
0 0.330566 0.589844 0.0576172 0.0625 
0 0.959961 0.329102 0.0800781 0.119141 
