0 0.0263672 0.170898 0.0527344 0.0839844 
0 0.75293 0.563965 0.046875 0.0771484 
0 0.0595703 0.582031 0.0507812 0.0625 
0 0.291992 0.757324 0.0566406 0.0439453 
0 0.200684 0.758789 0.0634766 0.0449219 
0 0.986328 0.979492 0.0273438 0.0410156 
0 0.0117188 0.448242 0.0234375 0.078125 
0 0.227051 0.0444336 0.104492 0.0888672 
0 0.415527 0.669922 0.0849609 0.0683594 
0 0.0693359 0.981445 0.0820312 0.0371094 
0 0.963867 0.250488 0.0722656 0.0966797 
0 0.322754 0.145996 0.0556641 0.0927734 
0 0.811523 0.617188 0.0878906 0.132812 
0 0.445312 0.837891 0.0839844 0.0722656 
0 0.884766 0.181152 0.0625 0.141602 
0 0.354004 0.979492 0.0849609 0.0410156 
0 0.387207 0.346191 0.0693359 0.0517578 
0 0.263672 0.795898 0.0878906 0.0488281 
0 0.259277 0.314941 0.0615234 0.0693359 
0 0.53125 0.0507812 0.0566406 0.101562 
0 0.613281 0.607422 0.0625 0.078125 
0 0.612793 0.224121 0.0654297 0.0830078 
0 0.392578 0.753906 0.166016 0.0683594 
0 0.330078 0.0859375 0.0664062 0.101562 
0 0.427734 0.205078 0.0722656 0.0566406 
0 0.964844 0.849609 0.0683594 0.0859375 
0 0.37207 0.272949 0.0683594 0.0673828 
0 0.335938 0.699219 0.121094 0.0507812 
0 0.242676 0.118652 0.0615234 0.0908203 
0 0.770508 0.691895 0.0917969 0.0634766 
0 0.0419922 0.532715 0.0839844 0.0712891 
0 0.833008 0.289062 0.0527344 0.0683594 
0 0.290039 0.390137 0.0644531 0.0771484 
0 0.963867 0.321777 0.0722656 0.0888672 
0 0.275879 0.649902 0.0673828 0.0498047 
0 0.225586 0.504883 0.0976562 0.0722656 
0 0.654297 0.160645 0.132812 0.145508 
0 0.312988 0.210938 0.0595703 0.101562 
0 0.698242 0.739258 0.0839844 0.0683594 
0 0.0678711 0.483398 0.0576172 0.0917969 
0 0.349609 0.591309 0.0644531 0.0732422 
0 0.0732422 0.0449219 0.0878906 0.0898438 
0 0.453613 0.059082 0.0849609 0.118164 
0 0.683105 0.605957 0.0615234 0.0712891 
0 0.806641 0.0522461 0.0859375 0.104492 
0 0.737305 0.887207 0.0722656 0.0927734 
0 0.755859 0.160645 0.0703125 0.12207 
0 0.0737305 0.652832 0.0888672 0.0732422 
0 0.295898 0.866211 0.111328 0.0605469 
0 0.275879 0.580566 0.0751953 0.0693359 
0 0.881348 0.0527344 0.102539 0.105469 
0 0.52002 0.660156 0.0732422 0.0820312 
0 0.146973 0.357422 0.0888672 0.109375 
0 0.0483398 0.35498 0.0634766 0.110352 
0 0.524414 0.791992 0.134766 0.0996094 
0 0.0756836 0.738281 0.145508 0.0664062 
