0 0.818359 0.39502 0.078125 0.0771484 
0 0.519531 0.881836 0.0839844 0.0722656 
0 0.949219 0.0317383 0.0859375 0.0634766 
0 0.136719 0.52002 0.150391 0.114258 
0 0.271484 0.69043 0.0898438 0.0742188 
0 0.47998 0.757812 0.0810547 0.0820312 
0 0.77832 0.714844 0.0957031 0.0976562 
0 0.0249023 0.441895 0.0498047 0.0771484 
0 0.352051 0.186523 0.0869141 0.0878906 
0 0.98584 0.949219 0.0283203 0.0898438 
0 0.610352 0.976562 0.111328 0.046875 
0 0.588867 0.484375 0.0898438 0.0859375 
0 0.438965 0.291016 0.0771484 0.0898438 
0 0.67334 0.442383 0.112305 0.0683594 
0 0.848145 0.11377 0.124023 0.0888672 
0 0.0419922 0.217773 0.0839844 0.103516 
0 0.198242 0.642578 0.0957031 0.0703125 
0 0.258789 0.22168 0.138672 0.0957031 
0 0.901367 0.916504 0.115234 0.0771484 
0 0.300293 0.553711 0.0791016 0.0761719 
0 0.865234 0.338379 0.0761719 0.0791016 
0 0.764648 0.591797 0.123047 0.0917969 
0 0.366211 0.707031 0.0957031 0.09375 
0 0.646973 0.807129 0.0830078 0.12793 
0 0.818359 0.47998 0.0976562 0.0771484 
0 0.552734 0.681641 0.126953 0.140625 
0 0.251953 0.391113 0.0996094 0.0791016 
0 0.446289 0.868164 0.0683594 0.119141 
0 0.365723 0.503418 0.0712891 0.0830078 
0 0.0874023 0.356445 0.0986328 0.0996094 
0 0.962891 0.356934 0.0742188 0.124023 
0 0.180664 0.799805 0.169922 0.107422 
0 0.808105 0.828613 0.155273 0.0771484 
0 0.947266 0.143555 0.0976562 0.125 
0 0.952148 0.776367 0.09375 0.0722656 
0 0.93457 0.635742 0.119141 0.0800781 
0 0.666992 0.296875 0.140625 0.132812 
