0 0.0253906 0.866211 0.0507812 0.0585938 
0 0.824219 0.939453 0.0703125 0.0546875 
0 0.865723 0.378418 0.0654297 0.0615234 
0 0.576172 0.974609 0.101562 0.0507812 
0 0.627441 0.532715 0.102539 0.0791016 
0 0.288574 0.0302734 0.0458984 0.0546875 
0 0.823242 0.350098 0.0742188 0.116211 
0 0.33252 0.0224609 0.0654297 0.0449219 
0 0.156738 0.507324 0.0791016 0.0732422 
0 0.666992 0.489258 0.0761719 0.0605469 
0 0.343262 0.525391 0.0849609 0.0742188 
0 0.213867 0.143555 0.0488281 0.0644531 
0 0.880371 0.90918 0.0849609 0.0976562 
0 0.798828 0.491211 0.0703125 0.0605469 
0 0.0400391 0.0170898 0.0800781 0.0341797 
0 0.503906 0.413086 0.0703125 0.0664062 
0 0.977539 0.695801 0.0449219 0.102539 
0 0.321289 0.460449 0.0878906 0.0576172 
0 0.107422 0.452637 0.115234 0.0810547 
0 0.759766 0.978516 0.0820312 0.0429688 
0 0.421875 0.299805 0.0664062 0.0644531 
0 0.727539 0.428711 0.0722656 0.0800781 
0 0.73877 0.0668945 0.0810547 0.0712891 
0 0.952148 0.52832 0.0527344 0.0527344 
0 0.789062 0.795898 0.125 0.103516 
0 0.276367 0.862305 0.0996094 0.0722656 
0 0.478516 0.876953 0.0625 0.0585938 
0 0.182617 0.0361328 0.0820312 0.0722656 
0 0.488281 0.25 0.078125 0.0761719 
0 0.557617 0.36377 0.0722656 0.0751953 
0 0.701172 0.14502 0.125 0.0751953 
0 0.922852 0.152832 0.0722656 0.0673828 
0 0.886719 0.459473 0.0898438 0.0654297 
0 0.96582 0.0727539 0.0683594 0.0712891 
0 0.0366211 0.573242 0.0732422 0.0957031 
0 0.577148 0.914551 0.0722656 0.0634766 
0 0.506836 0.100586 0.126953 0.0898438 
0 0.666992 0.90625 0.0683594 0.0703125 
0 0.416016 0.383789 0.0742188 0.0800781 
0 0.76709 0.624512 0.112305 0.102539 
0 0.84668 0.0410156 0.0957031 0.0742188 
0 0.42041 0.757812 0.0732422 0.0976562 
0 0.951172 0.288574 0.0976562 0.0791016 
0 0.963867 0.975586 0.0722656 0.0488281 
0 0.959961 0.396973 0.0800781 0.0849609 
0 0.563477 0.70752 0.0957031 0.104492 
0 0.885254 0.60498 0.0908203 0.114258 
