0 0.891602 0.702148 0.0488281 0.0527344 
0 0.720703 0.93457 0.0351562 0.0527344 
0 0.926758 0.214844 0.0390625 0.0664062 
0 0.319336 0.979492 0.0488281 0.0410156 
0 0.526367 0.597656 0.0605469 0.0351562 
0 0.494141 0.97998 0.0546875 0.0400391 
0 0.439453 0.20459 0.0488281 0.0634766 
0 0.826172 0.712891 0.0585938 0.0585938 
0 0.0107422 0.445801 0.0214844 0.0537109 
0 0.824219 0.375977 0.0546875 0.0371094 
0 0.348633 0.473145 0.0722656 0.114258 
0 0.719727 0.129883 0.0566406 0.0527344 
0 0.476562 0.691406 0.0566406 0.0507812 
0 0.0234375 0.59082 0.046875 0.0410156 
0 0.443848 0.80957 0.0732422 0.0449219 
0 0.275391 0.98291 0.0605469 0.0341797 
0 0.394531 0.241699 0.0429688 0.0517578 
0 0.165527 0.280273 0.0595703 0.0527344 
0 0.319824 0.603516 0.0576172 0.0449219 
0 0.67041 0.854492 0.0361328 0.0546875 
0 0.419922 0.279297 0.09375 0.046875 
0 0.594727 0.157715 0.0605469 0.0439453 
0 0.348633 0.362793 0.0761719 0.0478516 
0 0.381836 0.0908203 0.0332031 0.0664062 
0 0.499512 0.264648 0.0615234 0.0429688 
0 0.477051 0.404297 0.0556641 0.0390625 
0 0.960449 0.548828 0.0791016 0.046875 
0 0.174805 0.880859 0.0605469 0.0507812 
0 0.464844 0.0200195 0.0898438 0.0400391 
0 0.0898438 0.981445 0.0820312 0.0371094 
0 0.32373 0.885742 0.0693359 0.0664062 
0 0.117188 0.641602 0.0820312 0.0605469 
0 0.0517578 0.733398 0.0898438 0.0527344 
0 0.38623 0.72168 0.0576172 0.0449219 
0 0.364258 0.0849609 0.03125 0.0585938 
0 0.0454102 0.447266 0.0419922 0.0878906 
0 0.268066 0.128418 0.0830078 0.0517578 
0 0.686035 0.245117 0.0634766 0.046875 
0 0.0708008 0.286133 0.129883 0.0683594 
0 0.862793 0.939453 0.0517578 0.0585938 
0 0.541016 0.852539 0.0664062 0.046875 
0 0.0991211 0.785645 0.110352 0.0498047 
0 0.72168 0.662598 0.0800781 0.0576172 
0 0.368652 0.676758 0.0615234 0.0566406 
0 0.383301 0.503906 0.0712891 0.0644531 
0 0.100098 0.908691 0.0595703 0.0576172 
0 0.321289 0.26709 0.0488281 0.0517578 
0 0.42627 0.420898 0.0927734 0.0527344 
0 0.824707 0.980469 0.0595703 0.0390625 
0 0.0859375 0.572266 0.09375 0.0390625 
0 0.977051 0.201172 0.0458984 0.0527344 
0 0.109375 0.231934 0.101562 0.0361328 
0 0.783203 0.306641 0.0664062 0.0664062 
0 0.655273 0.730469 0.0605469 0.0859375 
0 0.508789 0.731934 0.0566406 0.0888672 
0 0.964844 0.428711 0.0703125 0.0761719 
0 0.178223 0.440918 0.0693359 0.0439453 
0 0.200195 0.741211 0.0644531 0.0996094 
0 0.0483398 0.0566406 0.0791016 0.0957031 
