0 0.794922 0.856445 0.0859375 0.0722656 
0 0.188965 0.974609 0.0908203 0.0507812 
0 0.0595703 0.793457 0.0996094 0.0888672 
0 0.986816 0.242188 0.0263672 0.0683594 
0 0.825195 0.232422 0.0605469 0.0664062 
0 0.944336 0.0175781 0.0761719 0.0351562 
0 0.969727 0.490234 0.0605469 0.0625 
0 0.97168 0.325195 0.0566406 0.0761719 
0 0.112793 0.856445 0.12207 0.0839844 
0 0.308594 0.0927734 0.078125 0.09375 
0 0.0493164 0.0224609 0.0986328 0.0449219 
0 0.492676 0.0449219 0.0986328 0.0820312 
0 0.897949 0.740234 0.0791016 0.0742188 
0 0.895508 0.152344 0.0703125 0.0664062 
0 0.977539 0.115234 0.0449219 0.0976562 
0 0.227051 0.343262 0.0927734 0.147461 
0 0.945312 0.546875 0.0820312 0.09375 
0 0.726074 0.462402 0.114258 0.0654297 
0 0.415527 0.144043 0.0810547 0.0810547 
0 0.901855 0.265625 0.0615234 0.117188 
0 0.775879 0.150879 0.0830078 0.0732422 
0 0.873535 0.0395508 0.0810547 0.0771484 
0 0.954102 0.217773 0.0605469 0.0917969 
0 0.833008 0.101074 0.0800781 0.0810547 
0 0.761719 0.639648 0.0859375 0.113281 
0 0.765625 0.523438 0.140625 0.0703125 
0 0.147461 0.777832 0.117188 0.143555 
0 0.232422 0.126465 0.0898438 0.155273 
