0 0.181641 0.21582 0.0722656 0.0644531 
0 0.876465 0.510742 0.0419922 0.0390625 
0 0.0185547 0.856445 0.0371094 0.0449219 
0 0.84082 0.669922 0.0527344 0.0507812 
0 0.0341797 0.0893555 0.0527344 0.0458984 
0 0.601562 0.448242 0.121094 0.0703125 
0 0.980469 0.145508 0.0390625 0.046875 
0 0.638672 0.319824 0.046875 0.0361328 
0 0.381348 0.135742 0.0712891 0.0625 
0 0.96582 0.019043 0.0488281 0.0380859 
0 0.74707 0.281738 0.0527344 0.0576172 
0 0.416504 0.508301 0.0556641 0.0771484 
0 0.443359 0.100586 0.0742188 0.0878906 
0 0.591797 0.480469 0.109375 0.0703125 
0 0.376953 0.220703 0.0742188 0.101562 
0 0.557617 0.686523 0.0996094 0.0605469 
0 0.166992 0.695312 0.0625 0.0488281 
0 0.340332 0.719238 0.0478516 0.0537109 
0 0.810547 0.359375 0.0625 0.0507812 
0 0.141602 0.298828 0.0605469 0.0429688 
0 0.387695 0.0424805 0.0605469 0.0595703 
0 0.253906 0.660156 0.09375 0.078125 
0 0.0776367 0.792969 0.0830078 0.0859375 
0 0.400879 0.637695 0.0791016 0.0566406 
0 0.315918 0.621582 0.0595703 0.0537109 
0 0.827148 0.265625 0.0527344 0.0546875 
0 0.62207 0.215332 0.0683594 0.0595703 
0 0.0810547 0.56543 0.0996094 0.0839844 
0 0.137695 0.731934 0.0761719 0.0576172 
0 0.739258 0.821289 0.113281 0.0683594 
0 0.268555 0.183594 0.0566406 0.0507812 
0 0.0229492 0.693359 0.0458984 0.0664062 
0 0.355957 0.854004 0.0791016 0.0634766 
0 0.380859 0.540527 0.0585938 0.0830078 
0 0.855469 0.97998 0.0585938 0.0400391 
0 0.508301 0.785156 0.0595703 0.0585938 
0 0.926758 0.961914 0.0644531 0.0683594 
0 0.283691 0.0268555 0.0712891 0.0537109 
0 0.751953 0.0185547 0.0839844 0.0371094 
0 0.951172 0.725586 0.0546875 0.0683594 
0 0.698242 0.680664 0.0839844 0.0742188 
0 0.831055 0.0253906 0.0820312 0.0507812 
0 0.0493164 0.623047 0.0986328 0.0546875 
0 0.972656 0.349121 0.0546875 0.0986328 
0 0.437012 0.773438 0.0615234 0.0605469 
0 0.739258 0.450195 0.0703125 0.0644531 
0 0.571289 0.0205078 0.0566406 0.0410156 
0 0.564453 0.258789 0.09375 0.078125 
0 0.915039 0.0288086 0.0625 0.0576172 
0 0.609863 0.552246 0.0751953 0.0712891 
0 0.883789 0.712402 0.0761719 0.108398 
0 0.932129 0.177246 0.0732422 0.0849609 
0 0.605469 0.616211 0.119141 0.0683594 
0 0.900391 0.446289 0.0703125 0.0605469 
0 0.975586 0.84082 0.0488281 0.0605469 
0 0.685547 0.978027 0.0820312 0.0439453 
0 0.972168 0.945312 0.0556641 0.0820312 
0 0.553711 0.137695 0.0722656 0.0996094 
0 0.208008 0.804688 0.078125 0.0722656 
0 0.205078 0.0449219 0.101562 0.0761719 
0 0.202637 0.493652 0.100586 0.102539 
