0 0.867188 0.161133 0.078125 0.0683594 
0 0.0161133 0.660156 0.0322266 0.0703125 
0 0.294922 0.862305 0.0820312 0.0605469 
0 0.848633 0.100586 0.130859 0.0859375 
0 0.644531 0.165039 0.0703125 0.046875 
0 0.973633 0.34375 0.0527344 0.046875 
0 0.0893555 0.628906 0.108398 0.0703125 
0 0.268066 0.80957 0.0673828 0.0878906 
0 0.953125 0.831055 0.0722656 0.0644531 
0 0.970703 0.966797 0.0585938 0.0644531 
0 0.0864258 0.865234 0.0732422 0.0683594 
0 0.202637 0.655273 0.0771484 0.0761719 
0 0.03125 0.410645 0.0625 0.0751953 
0 0.0537109 0.0678711 0.107422 0.0732422 
0 0.034668 0.981445 0.0654297 0.0371094 
0 0.267578 0.090332 0.0898438 0.0654297 
0 0.166504 0.0253906 0.0751953 0.0507812 
0 0.119629 0.943359 0.0791016 0.0722656 
0 0.696289 0.415039 0.0488281 0.0800781 
0 0.320801 0.0327148 0.151367 0.0615234 
0 0.358398 0.923828 0.0800781 0.0820312 
0 0.808594 0.535156 0.078125 0.078125 
0 0.844727 0.869629 0.0644531 0.0849609 
0 0.157227 0.29248 0.0722656 0.0712891 
0 0.287598 0.669922 0.106445 0.0703125 
0 0.754883 0.253906 0.0644531 0.0585938 
0 0.76416 0.326172 0.0712891 0.0585938 
0 0.0473633 0.77832 0.0654297 0.0761719 
0 0.470215 0.172363 0.129883 0.108398 
0 0.650391 0.342285 0.148438 0.0732422 
0 0.780273 0.171387 0.107422 0.0732422 
0 0.522461 0.0307617 0.111328 0.0615234 
0 0.753906 0.621094 0.0917969 0.0703125 
0 0.384766 0.40625 0.0683594 0.0800781 
0 0.0771484 0.169922 0.152344 0.078125 
0 0.686523 0.891602 0.0839844 0.0644531 
0 0.793945 0.964844 0.130859 0.0683594 
0 0.867188 0.695312 0.09375 0.105469 
0 0.942383 0.420898 0.109375 0.078125 
0 0.0913086 0.488281 0.0810547 0.125 
0 0.638672 0.578125 0.0742188 0.0898438 
