0 0.599121 0.731445 0.0693359 0.126953 
0 0.372559 0.224121 0.0576172 0.0498047 
0 0.402832 0.519531 0.0927734 0.0742188 
0 0.0273438 0.380859 0.0546875 0.0742188 
0 0.0292969 0.199707 0.0585938 0.0771484 
0 0.496094 0.504883 0.0996094 0.130859 
0 0.754883 0.344727 0.0761719 0.0800781 
0 0.0664062 0.469727 0.0976562 0.0996094 
0 0.854492 0.845703 0.0996094 0.117188 
0 0.661133 0.288574 0.0683594 0.0712891 
0 0.978516 0.674805 0.0429688 0.0644531 
0 0.715332 0.974609 0.0869141 0.0507812 
0 0.591797 0.520508 0.0703125 0.0722656 
0 0.486328 0.975586 0.09375 0.0488281 
0 0.0893555 0.550781 0.0791016 0.126953 
0 0.327637 0.0385742 0.0673828 0.0654297 
0 0.761719 0.0229492 0.0800781 0.0458984 
0 0.0620117 0.794434 0.0693359 0.0830078 
0 0.200684 0.97168 0.0712891 0.0566406 
0 0.362305 0.289551 0.0839844 0.0810547 
0 0.820801 0.407715 0.0634766 0.0712891 
0 0.588379 0.171387 0.108398 0.0791016 
0 0.946289 0.787109 0.0644531 0.0527344 
0 0.109375 0.109863 0.0917969 0.0830078 
0 0.936523 0.0219727 0.0722656 0.0439453 
0 0.44043 0.296875 0.0722656 0.0703125 
0 0.49707 0.879883 0.0722656 0.0917969 
0 0.967285 0.208496 0.0654297 0.0771484 
0 0.680664 0.720215 0.103516 0.0927734 
0 0.515625 0.674805 0.0625 0.0839844 
0 0.415527 0.868164 0.0595703 0.0800781 
0 0.825195 0.728516 0.0683594 0.146484 
0 0.272461 0.928711 0.0820312 0.0996094 
0 0.106445 0.704102 0.0742188 0.123047 
0 0.924805 0.453125 0.0957031 0.0976562 
0 0.352539 0.692871 0.0800781 0.114258 
0 0.711426 0.524414 0.0830078 0.109375 
0 0.853027 0.964355 0.0810547 0.0712891 
0 0.962891 0.962891 0.0703125 0.0742188 
