0 0.103027 0.0117188 0.139648 0.0234375 
0 0.594727 0.870117 0.0566406 0.0449219 
0 0.486328 0.635742 0.0351562 0.0722656 
0 0.643066 0.37793 0.0751953 0.0390625 
0 0.818848 0.592773 0.0380859 0.0605469 
0 0.990234 0.929688 0.0195312 0.046875 
0 0.970703 0.946289 0.0390625 0.0605469 
0 0.609375 0.756836 0.0546875 0.0449219 
0 0.0107422 0.285645 0.0214844 0.0498047 
0 0.0654297 0.905273 0.0585938 0.0488281 
0 0.140137 0.31543 0.0439453 0.0429688 
0 0.0419922 0.922852 0.0625 0.0371094 
0 0.786133 0.714355 0.0332031 0.0439453 
0 0.621582 0.225098 0.0615234 0.0615234 
0 0.74707 0.940918 0.0644531 0.0400391 
0 0.710449 0.538086 0.0419922 0.0605469 
0 0.362305 0.543945 0.0683594 0.0410156 
0 0.655273 0.94873 0.0488281 0.0498047 
0 0.584961 0.522461 0.0351562 0.0683594 
0 0.553711 0.0136719 0.0566406 0.0273438 
0 0.0185547 0.819336 0.0371094 0.0429688 
0 0.773438 0.0947266 0.0214844 0.046875 
0 0.14209 0.94043 0.0712891 0.0605469 
0 0.214355 0.119141 0.0419922 0.0761719 
0 0.0512695 0.0175781 0.0732422 0.0332031 
0 0.913086 0.0512695 0.0585938 0.0654297 
0 0.626465 0.821289 0.0419922 0.103516 
0 0.0214844 0.233398 0.0429688 0.0800781 
0 0.966797 0.0703125 0.0625 0.0410156 
0 0.364258 0.630859 0.0488281 0.046875 
0 0.65625 0.166992 0.0664062 0.0488281 
0 0.128906 0.586426 0.0859375 0.0439453 
0 0.106445 0.225586 0.0683594 0.0449219 
0 0.350586 0.0991211 0.0332031 0.100586 
0 0.0454102 0.554688 0.0419922 0.123047 
0 0.810547 0.479004 0.0351562 0.120117 
0 0.815918 0.306152 0.0341797 0.0673828 
0 0.081543 0.175293 0.0732422 0.0673828 
0 0.705566 0.980469 0.0517578 0.0390625 
0 0.123047 0.160645 0.125 0.0654297 
0 0.770508 0.493164 0.0449219 0.0605469 
0 0.699219 0.294434 0.0820312 0.0458984 
0 0.422363 0.851562 0.0380859 0.117188 
0 0.545898 0.61377 0.0488281 0.0654297 
0 0.616211 0.553711 0.0410156 0.0722656 
0 0.15625 0.290527 0.0566406 0.0537109 
0 0.0517578 0.75293 0.103516 0.0546875 
0 0.129883 0.536133 0.0742188 0.0605469 
0 0.780273 0.31543 0.0507812 0.0683594 
0 0.435547 0.138672 0.0390625 0.0761719 
0 0.212891 0.810547 0.0664062 0.0644531 
0 0.233398 0.956055 0.0722656 0.0722656 
0 0.863281 0.814941 0.0625 0.0439453 
0 0.930176 0.815918 0.0478516 0.0732422 
0 0.446289 0.318359 0.0449219 0.0566406 
0 0.937012 0.755371 0.0576172 0.0634766 
0 0.273438 0.0390625 0.0507812 0.078125 
0 0.0761719 0.523438 0.0585938 0.0859375 
0 0.183594 0.854492 0.101562 0.0839844 
0 0.240234 0.224121 0.0742188 0.0556641 
0 0.929199 0.962891 0.0830078 0.0722656 
0 0.283691 0.746094 0.0693359 0.117188 
0 0.612305 0.0307617 0.0644531 0.0615234 
0 0.48584 0.0249023 0.0458984 0.0498047 
0 0.131348 0.455078 0.0771484 0.0800781 
0 0.410645 0.243652 0.0478516 0.0751953 
0 0.272461 0.519043 0.0683594 0.0908203 
0 0.739258 0.21582 0.0488281 0.0683594 
0 0.703613 0.117676 0.0615234 0.0908203 
