0 0.569336 0.54834 0.0273438 0.0615234 
0 0.203125 0.709473 0.0664062 0.0537109 
0 0.234375 0.268066 0.0429688 0.0986328 
0 0.175781 0.0263672 0.0292969 0.0527344 
0 0.074707 0.986328 0.0341797 0.0273438 
0 0.361816 0.861328 0.0517578 0.0664062 
0 0.189453 0.0292969 0.0390625 0.0566406 
0 0.583008 0.545898 0.0273438 0.0683594 
0 0.893555 0.35791 0.0917969 0.0498047 
0 0.333008 0.543945 0.0507812 0.107422 
0 0.0263672 0.505859 0.0507812 0.078125 
0 0.971191 0.738281 0.0263672 0.0625 
0 0.958008 0.737305 0.0371094 0.0605469 
0 0.563477 0.419922 0.0820312 0.0585938 
0 0.881348 0.631836 0.0458984 0.0644531 
0 0.0253906 0.647461 0.0507812 0.0625 
0 0.353027 0.879883 0.0615234 0.0488281 
0 0.0117188 0.979492 0.0234375 0.0410156 
0 0.894043 0.510742 0.0380859 0.0566406 
0 0.0874023 0.808594 0.0732422 0.0390625 
0 0.566406 0.447754 0.078125 0.0634766 
0 0.475098 0.306152 0.0634766 0.0791016 
0 0.0146484 0.392578 0.0292969 0.0664062 
0 0.341309 0.52002 0.0498047 0.0810547 
0 0.698242 0.508789 0.0332031 0.0566406 
0 0.0976562 0.873047 0.0625 0.0585938 
0 0.741211 0.78418 0.0625 0.0488281 
0 0.892578 0.890625 0.0507812 0.0703125 
0 0.460938 0.976562 0.0722656 0.046875 
0 0.0986328 0.948242 0.0429688 0.0566406 
0 0.256836 0.276367 0.0410156 0.0898438 
0 0.17334 0.743164 0.0458984 0.0683594 
0 0.558594 0.635742 0.0390625 0.078125 
0 0.0429688 0.825195 0.0546875 0.0839844 
0 0.636719 0.699219 0.0449219 0.0683594 
0 0.161621 0.625 0.0654297 0.046875 
0 0.143066 0.188965 0.0458984 0.100586 
0 0.0126953 0.03125 0.0253906 0.0625 
0 0.0771484 0.102051 0.0429688 0.0732422 
0 0.439941 0.907227 0.0634766 0.0742188 
0 0.796387 0.208984 0.0458984 0.0546875 
0 0.884277 0.801758 0.0576172 0.0488281 
0 0.781738 0.0375977 0.0283203 0.0693359 
0 0.763672 0.428223 0.0429688 0.0712891 
0 0.835938 0.0180664 0.0351562 0.0361328 
0 0.233398 0.555664 0.0546875 0.0644531 
0 0.511719 0.958008 0.0644531 0.0761719 
0 0.818848 0.970703 0.0654297 0.0585938 
0 0.472656 0.580078 0.0429688 0.0703125 
0 0.487793 0.241211 0.0654297 0.0800781 
0 0.807617 0.502441 0.0371094 0.0771484 
0 0.148438 0.563965 0.046875 0.0810547 
0 0.853516 0.11377 0.0390625 0.0830078 
0 0.209961 0.835938 0.0996094 0.0585938 
0 0.0844727 0.592773 0.0771484 0.0761719 
0 0.484863 0.78125 0.0419922 0.0703125 
0 0.350098 0.394531 0.0478516 0.078125 
0 0.850586 0.552734 0.0410156 0.0917969 
0 0.921875 0.182129 0.0488281 0.0810547 
0 0.761719 0.110352 0.0429688 0.0605469 
0 0.737305 0.901367 0.0585938 0.0683594 
0 0.143555 0.0927734 0.0566406 0.0800781 
0 0.897461 0.703125 0.0761719 0.105469 
0 0.388184 0.605469 0.0556641 0.123047 
0 0.713379 0.472168 0.0556641 0.0751953 
0 0.751953 0.300781 0.0507812 0.0859375 
0 0.0869141 0.751953 0.0507812 0.0644531 
0 0.625 0.100098 0.0546875 0.0673828 
