0 0.195312 0.972656 0.119141 0.0527344 
0 0.18457 0.0239258 0.0898438 0.0478516 
0 0.175293 0.199219 0.118164 0.125 
0 0.146484 0.924805 0.167969 0.111328 
0 0.601562 0.740723 0.121094 0.145508 
0 0.0356445 0.38916 0.0712891 0.0830078 
0 0.400391 0.739746 0.117188 0.104492 
0 0.833984 0.963867 0.109375 0.0722656 
0 0.879883 0.801758 0.0761719 0.123047 
0 0.0327148 0.146484 0.0654297 0.0800781 
0 0.393066 0.97168 0.0732422 0.0566406 
0 0.12793 0.379395 0.0683594 0.149414 
0 0.65918 0.911621 0.0761719 0.112305 
0 0.0429688 0.258301 0.078125 0.0888672 
0 0.117188 0.731934 0.115234 0.0732422 
0 0.768555 0.257324 0.111328 0.0830078 
0 0.603516 0.0869141 0.0859375 0.0703125 
0 0.902344 0.34668 0.078125 0.134766 
0 0.336914 0.395508 0.0839844 0.115234 
0 0.953125 0.945312 0.09375 0.105469 
0 0.206055 0.774902 0.109375 0.125977 
0 0.671875 0.141602 0.0859375 0.109375 
0 0.262695 0.510742 0.0761719 0.162109 
0 0.429688 0.0849609 0.130859 0.160156 
0 0.910156 0.740234 0.175781 0.140625 
