0 0.299316 0.976562 0.0595703 0.046875 
0 0.397949 0.785156 0.0478516 0.0664062 
0 0.378418 0.173828 0.0751953 0.0683594 
0 0.561523 0.289062 0.0664062 0.0761719 
0 0.689941 0.266602 0.0791016 0.0449219 
0 0.731445 0.326172 0.123047 0.0742188 
0 0.561035 0.506836 0.0458984 0.0878906 
0 0.417969 0.574219 0.0742188 0.0703125 
0 0.0253906 0.380371 0.0507812 0.0654297 
0 0.500977 0.367188 0.0703125 0.0761719 
0 0.867188 0.25 0.078125 0.0664062 
0 0.970703 0.714844 0.0585938 0.0722656 
0 0.658203 0.910156 0.0664062 0.0546875 
0 0.638672 0.0219727 0.125 0.0439453 
0 0.0263672 0.712402 0.0527344 0.0908203 
0 0.353516 0.523438 0.0820312 0.0878906 
0 0.629883 0.315918 0.0683594 0.0615234 
0 0.470215 0.138672 0.137695 0.0859375 
0 0.447754 0.242188 0.0654297 0.0644531 
0 0.828125 0.853027 0.138672 0.0693359 
0 0.192383 0.460938 0.109375 0.0761719 
0 0.418457 0.30957 0.0634766 0.0722656 
0 0.924805 0.208496 0.0761719 0.0771484 
0 0.825195 0.148926 0.0644531 0.0634766 
0 0.734375 0.672852 0.09375 0.0683594 
0 0.13916 0.966309 0.0869141 0.0673828 
0 0.616699 0.697266 0.116211 0.0742188 
0 0.505859 0.466309 0.0820312 0.0908203 
0 0.0371094 0.87207 0.0742188 0.107422 
0 0.861328 0.574707 0.105469 0.0810547 
0 0.177246 0.308105 0.0908203 0.0927734 
0 0.759766 0.87207 0.0644531 0.0878906 
0 0.251953 0.837891 0.0820312 0.125 
0 0.0585938 0.793457 0.078125 0.0908203 
0 0.239746 0.962891 0.0888672 0.0742188 
0 0.0375977 0.257324 0.0732422 0.0869141 
0 0.928711 0.402344 0.103516 0.132812 
0 0.585938 0.173828 0.109375 0.103516 
0 0.884766 0.94043 0.0703125 0.0761719 
0 0.177246 0.804199 0.0732422 0.104492 
0 0.847168 0.364258 0.0693359 0.109375 
0 0.378906 0.866211 0.0878906 0.123047 
0 0.21875 0.0366211 0.138672 0.0732422 
