0 0.987793 0.439941 0.0244141 0.0576172 
0 0.558594 0.758789 0.0742188 0.0605469 
0 0.682617 0.20166 0.0605469 0.0712891 
0 0.853516 0.439453 0.0859375 0.0625 
0 0.96875 0.514648 0.0625 0.078125 
0 0.199707 0.318359 0.0849609 0.0957031 
0 0.624023 0.836914 0.111328 0.0742188 
0 0.89502 0.893555 0.0947266 0.0898438 
0 0.811035 0.894531 0.0673828 0.0976562 
0 0.23584 0.979492 0.0908203 0.0410156 
0 0.960938 0.9375 0.078125 0.121094 
0 0.479492 0.781738 0.107422 0.0869141 
0 0.220703 0.772461 0.105469 0.0605469 
0 0.374512 0.130371 0.0771484 0.0986328 
0 0.725586 0.243652 0.0625 0.0830078 
0 0.645508 0.483887 0.0957031 0.0712891 
0 0.112305 0.516113 0.128906 0.104492 
0 0.963379 0.157227 0.0732422 0.0722656 
0 0.034668 0.254883 0.0693359 0.0664062 
0 0.243652 0.078125 0.0947266 0.0957031 
0 0.300293 0.513672 0.0888672 0.0996094 
0 0.832031 0.299805 0.0761719 0.0800781 
0 0.652344 0.915039 0.0859375 0.0625 
0 0.414551 0.228027 0.114258 0.0849609 
0 0.794434 0.628418 0.0712891 0.0888672 
0 0.836914 0.193359 0.126953 0.107422 
0 0.792969 0.770508 0.125 0.0683594 
0 0.626953 0.107422 0.117188 0.0800781 
0 0.0473633 0.373535 0.0947266 0.0986328 
