0 0.832031 0.241699 0.046875 0.0615234 
0 0.441895 0.0146484 0.0556641 0.0292969 
0 0.270508 0.634766 0.0683594 0.0546875 
0 0.0180664 0.666992 0.0361328 0.0839844 
0 0.902344 0.0117188 0.0820312 0.0234375 
0 0.992676 0.883789 0.0146484 0.0546875 
0 0.123047 0.694336 0.117188 0.0527344 
0 0.0908203 0.893066 0.105469 0.0380859 
0 0.5 0.968262 0.0625 0.0634766 
0 0.140625 0.241211 0.0488281 0.046875 
0 0.549316 0.0161133 0.0810547 0.0322266 
0 0.283203 0.924805 0.0742188 0.0371094 
0 0.0307617 0.0761719 0.0615234 0.0488281 
0 0.904297 0.74707 0.0957031 0.0371094 
0 0.123535 0.859375 0.12207 0.117188 
0 0.0791016 0.647461 0.0507812 0.0488281 
0 0.875977 0.268555 0.0683594 0.0585938 
0 0.255859 0.0224609 0.0703125 0.0449219 
0 0.991211 0.17627 0.0175781 0.0693359 
0 0.193359 0.932617 0.0761719 0.03125 
0 0.479492 0.352539 0.0585938 0.0292969 
0 0.149902 0.28418 0.102539 0.0371094 
0 0.117676 0.645508 0.0888672 0.0351562 
0 0.702148 0.844727 0.0507812 0.046875 
0 0.626953 0.841797 0.0664062 0.046875 
0 0.416016 0.874023 0.0898438 0.0722656 
0 0.0302734 0.0161133 0.0605469 0.0322266 
0 0.146484 0.836914 0.0878906 0.0410156 
0 0.027832 0.914062 0.0556641 0.046875 
0 0.672363 0.0146484 0.0517578 0.0292969 
0 0.741211 0.911133 0.0917969 0.0449219 
0 0.878906 0.65918 0.0566406 0.046875 
0 0.44873 0.930664 0.0615234 0.0761719 
0 0.497559 0.694336 0.0634766 0.0410156 
0 0.0390625 0.985352 0.078125 0.0292969 
0 0.291016 0.956055 0.0820312 0.0507812 
0 0.34668 0.840332 0.0722656 0.0556641 
0 0.967285 0.666504 0.0654297 0.0400391 
0 0.743652 0.0175781 0.0556641 0.0351562 
0 0.0424805 0.792969 0.0849609 0.0664062 
0 0.250488 0.860352 0.129883 0.0644531 
0 0.892578 0.859863 0.0859375 0.0498047 
0 0.664551 0.662109 0.0673828 0.0625 
0 0.59375 0.0512695 0.078125 0.0478516 
0 0.816406 0.859375 0.0742188 0.0546875 
0 0.44043 0.0458984 0.0742188 0.0507812 
0 0.156738 0.740234 0.0810547 0.0546875 
0 0.526855 0.330566 0.0654297 0.0556641 
0 0.53125 0.254395 0.0449219 0.0830078 
0 0.425781 0.539062 0.0878906 0.0703125 
0 0.647461 0.786133 0.0917969 0.0449219 
0 0.755859 0.737793 0.0996094 0.0498047 
0 0.398926 0.545898 0.0732422 0.0800781 
0 0.751953 0.870117 0.0507812 0.0449219 
0 0.552734 0.0634766 0.0820312 0.0546875 
0 0.184082 0.601562 0.0927734 0.0585938 
0 0.953125 0.829102 0.046875 0.0566406 
0 0.932617 0.970703 0.130859 0.0585938 
0 0.851562 0.907227 0.0742188 0.0488281 
0 0.78125 0.35791 0.0664062 0.0537109 
0 0.833008 0.967773 0.0917969 0.0644531 
0 0.419434 0.646484 0.0849609 0.0664062 
0 0.645508 0.497559 0.0976562 0.0458984 
0 0.460938 0.487793 0.0449219 0.0634766 
0 0.778809 0.571289 0.120117 0.0683594 
0 0.510742 0.570312 0.0742188 0.0625 
0 0.382812 0.586426 0.0761719 0.0673828 
0 0.416992 0.384766 0.0566406 0.0976562 
0 0.117676 0.186035 0.0810547 0.0693359 
0 0.71582 0.619141 0.0625 0.078125 
0 0.864258 0.0771484 0.0527344 0.0761719 
0 0.759766 0.059082 0.0507812 0.0654297 
0 0.322754 0.706055 0.0615234 0.0683594 
0 0.88623 0.392578 0.0615234 0.0683594 
0 0.904297 0.212402 0.0605469 0.0654297 
0 0.637695 0.885254 0.0878906 0.0595703 
0 0.703125 0.260254 0.0664062 0.0712891 
0 0.719727 0.172852 0.0625 0.107422 
0 0.595703 0.214844 0.105469 0.09375 
0 0.473145 0.207031 0.0673828 0.078125 
0 0.625 0.952148 0.0976562 0.09375 
0 0.535156 0.194336 0.0664062 0.0800781 
