0 0.650879 0.766602 0.108398 0.0390625 
0 0.00878906 0.0708008 0.0175781 0.0751953 
0 0.720703 0.729492 0.175781 0.0800781 
0 0.648438 0.933594 0.193359 0.078125 
0 0.854004 0.0302734 0.157227 0.0605469 
0 0.611816 0.730469 0.163086 0.078125 
0 0.702148 0.881836 0.158203 0.0800781 
0 0.760742 0.0922852 0.251953 0.0791016 
0 0.763672 0.347656 0.138672 0.0566406 
0 0.871094 0.150879 0.193359 0.0712891 
0 0.135254 0.0234375 0.125977 0.046875 
0 0.530273 0.892578 0.119141 0.0703125 
0 0.575195 0.823242 0.150391 0.0878906 
0 0.765625 0.219727 0.195312 0.0878906 
0 0.105469 0.359863 0.121094 0.0947266 
0 0.0263672 0.320312 0.0527344 0.0742188 
0 0.860352 0.453125 0.15625 0.0800781 
0 0.678711 0.176758 0.142578 0.0898438 
0 0.52832 0.396973 0.138672 0.108398 
0 0.485352 0.319336 0.0917969 0.0703125 
0 0.0576172 0.0932617 0.0761719 0.0673828 
0 0.76416 0.958008 0.131836 0.0800781 
0 0.564453 0.651367 0.121094 0.0800781 
0 0.0791016 0.277832 0.0722656 0.0654297 
0 0.0771484 0.504883 0.146484 0.0761719 
0 0.695801 0.377441 0.108398 0.0654297 
0 0.0585938 0.606445 0.0898438 0.0683594 
0 0.0932617 0.800781 0.161133 0.0859375 
0 0.706055 0.584961 0.185547 0.0839844 
0 0.741211 0.443848 0.130859 0.0712891 
0 0.791992 0.302734 0.189453 0.0722656 
0 0.529297 0.169922 0.113281 0.0917969 
0 0.602539 0.228027 0.111328 0.0751953 
0 0.180176 0.184082 0.108398 0.0712891 
0 0.586426 0.034668 0.163086 0.0693359 
0 0.101562 0.145996 0.109375 0.120117 
