0 0.896484 0.728027 0.0546875 0.0302734 
0 0.0498047 0.773438 0.0996094 0.0390625 
0 0.98877 0.433594 0.0224609 0.0722656 
0 0.972656 0.707031 0.0546875 0.0664062 
0 0.394531 0.469238 0.0488281 0.0283203 
0 0.0180664 0.838867 0.0361328 0.0332031 
0 0.64502 0.019043 0.0927734 0.0380859 
0 0.0200195 0.448242 0.0400391 0.0371094 
0 0.209473 0.484863 0.112305 0.0263672 
0 0.62207 0.503418 0.0996094 0.0322266 
0 0.665039 0.68457 0.0996094 0.046875 
0 0.541992 0.385254 0.0566406 0.0322266 
0 0.853516 0.747559 0.09375 0.0712891 
0 0.11084 0.681641 0.133789 0.0390625 
0 0.689453 0.983398 0.0390625 0.0332031 
0 0.42334 0.637695 0.0556641 0.0390625 
0 0.742188 0.703125 0.0820312 0.0507812 
0 0.369141 0.0366211 0.0703125 0.0400391 
0 0.0605469 0.650391 0.0957031 0.0351562 
0 0.0532227 0.694336 0.0869141 0.0527344 
0 0.510742 0.683594 0.0722656 0.0703125 
0 0.0751953 0.494629 0.0761719 0.0400391 
0 0.508301 0.982422 0.0615234 0.0351562 
0 0.339844 0.713867 0.0625 0.0371094 
0 0.0395508 0.0942383 0.0791016 0.0400391 
0 0.411133 0.674805 0.0390625 0.0742188 
0 0.521973 0.0234375 0.0751953 0.046875 
0 0.731445 0.910156 0.111328 0.0390625 
0 0.727539 0.603516 0.101562 0.0546875 
0 0.945312 0.787598 0.09375 0.0439453 
0 0.249023 0.745605 0.171875 0.0576172 
0 0.127441 0.742676 0.12207 0.0498047 
0 0.130859 0.388184 0.117188 0.0400391 
0 0.956055 0.266113 0.0566406 0.0615234 
0 0.440918 0.733398 0.110352 0.0449219 
0 0.944336 0.652344 0.0527344 0.0507812 
0 0.930664 0.213379 0.0449219 0.0869141 
0 0.415039 0.407715 0.0644531 0.0439453 
0 0.205078 0.0249023 0.0859375 0.0478516 
0 0.39502 0.205566 0.0595703 0.0439453 
0 0.601562 0.681641 0.0527344 0.0625 
0 0.967773 0.32959 0.0644531 0.0654297 
0 0.501465 0.933105 0.0732422 0.0478516 
0 0.882324 0.499512 0.0810547 0.0478516 
0 0.0493164 0.161621 0.0986328 0.0732422 
0 0.820801 0.160156 0.0576172 0.101562 
0 0.20752 0.390137 0.108398 0.0830078 
0 0.844727 0.338867 0.0722656 0.0917969 
0 0.708984 0.166016 0.078125 0.078125 
0 0.504883 0.220215 0.0488281 0.0634766 
0 0.736816 0.286621 0.110352 0.0654297 
0 0.587891 0.438965 0.0976562 0.0888672 
0 0.252441 0.666504 0.0927734 0.0751953 
0 0.699219 0.741699 0.0898438 0.0498047 
0 0.864258 0.0634766 0.0742188 0.078125 
0 0.594238 0.321777 0.0556641 0.0654297 
0 0.564453 0.145996 0.0761719 0.0791016 
0 0.170898 0.0981445 0.0664062 0.0712891 
0 0.611328 0.728516 0.0917969 0.0703125 
0 0.399902 0.290039 0.104492 0.0644531 
0 0.381836 0.160645 0.0800781 0.0634766 
0 0.53125 0.304688 0.0625 0.078125 
0 0.605957 0.572266 0.0888672 0.0664062 
