0 0.0307617 0.813965 0.0615234 0.0576172 
0 0.866211 0.374023 0.0859375 0.0664062 
0 0.777832 0.795898 0.0576172 0.0566406 
0 0.726562 0.772461 0.0800781 0.0625 
0 0.914062 0.425781 0.0898438 0.0664062 
0 0.5 0.82373 0.152344 0.0791016 
0 0.803711 0.466309 0.0800781 0.0556641 
0 0.624023 0.866211 0.0507812 0.0527344 
0 0.435059 0.335449 0.0615234 0.0537109 
0 0.650391 0.40332 0.0820312 0.0546875 
0 0.976562 0.850586 0.046875 0.0800781 
0 0.490234 0.881836 0.0546875 0.0566406 
0 0.151367 0.127441 0.0449219 0.0419922 
0 0.406738 0.958984 0.0673828 0.0585938 
0 0.135742 0.265625 0.0722656 0.0917969 
0 0.84375 0.0493164 0.0898438 0.0654297 
0 0.172852 0.977539 0.0742188 0.0449219 
0 0.273926 0.828613 0.0693359 0.0576172 
0 0.688477 0.193848 0.0722656 0.0927734 
0 0.074707 0.346191 0.0556641 0.0537109 
0 0.203125 0.919922 0.0839844 0.0625 
0 0.705078 0.743652 0.128906 0.0791016 
0 0.678223 0.29834 0.0810547 0.0556641 
0 0.39209 0.763672 0.0517578 0.0527344 
0 0.693359 0.907227 0.113281 0.0644531 
0 0.0644531 0.288086 0.0625 0.046875 
0 0.513184 0.297363 0.0634766 0.0986328 
0 0.40918 0.902344 0.0722656 0.0507812 
0 0.913086 0.921387 0.146484 0.0712891 
0 0.771973 0.0649414 0.0732422 0.0634766 
0 0.778809 0.926758 0.0771484 0.0546875 
0 0.358398 0.365723 0.0957031 0.0595703 
0 0.635742 0.272461 0.115234 0.0761719 
0 0.130371 0.0463867 0.0810547 0.0791016 
0 0.664062 0.461426 0.111328 0.0673828 
0 0.266113 0.100098 0.0810547 0.0576172 
0 0.111816 0.40625 0.0615234 0.0566406 
0 0.964844 0.525391 0.0703125 0.0664062 
0 0.03125 0.11084 0.0527344 0.0498047 
0 0.895508 0.817383 0.0839844 0.107422 
0 0.689453 0.354004 0.0664062 0.0498047 
0 0.559082 0.921387 0.0908203 0.0615234 
0 0.564453 0.510742 0.107422 0.0800781 
0 0.958496 0.184082 0.0810547 0.0712891 
0 0.845215 0.538086 0.145508 0.0800781 
0 0.0415039 0.766602 0.0830078 0.0585938 
0 0.0893555 0.924805 0.0927734 0.0566406 
0 0.492188 0.499512 0.0917969 0.0888672 
0 0.0986328 0.706055 0.0996094 0.0761719 
0 0.578613 0.341797 0.0947266 0.0546875 
0 0.765137 0.850098 0.15918 0.0517578 
0 0.624023 0.638672 0.0800781 0.105469 
0 0.192383 0.0664062 0.0722656 0.130859 
0 0.353027 0.300781 0.112305 0.103516 
