0 0.983398 0.913574 0.0332031 0.0341797 
0 0.215332 0.797852 0.0927734 0.0351562 
0 0.978027 0.884766 0.0439453 0.0390625 
0 0.509766 0.644043 0.078125 0.0341797 
0 0.283203 0.827148 0.0820312 0.0371094 
0 0.106934 0.812012 0.120117 0.0361328 
0 0.827148 0.322754 0.0703125 0.0302734 
0 0.0283203 0.705566 0.0566406 0.100586 
0 0.967773 0.982422 0.0644531 0.0332031 
0 0.841797 0.29541 0.0761719 0.0400391 
0 0.433594 0.463867 0.105469 0.0488281 
0 0.583984 0.640625 0.09375 0.0546875 
0 0.104492 0.77832 0.136719 0.0644531 
0 0.270996 0.712891 0.118164 0.0390625 
0 0.700195 0.375 0.0722656 0.03125 
0 0.0986328 0.65625 0.0839844 0.0703125 
0 0.0258789 0.827148 0.0517578 0.0488281 
0 0.505371 0.329102 0.0751953 0.0292969 
0 0.318359 0.0996094 0.134766 0.09375 
0 0.399414 0.985352 0.125 0.0292969 
0 0.0351562 0.983398 0.0703125 0.0332031 
0 0.0361328 0.599609 0.0722656 0.0429688 
0 0.786133 0.939941 0.123047 0.0400391 
0 0.640625 0.900391 0.09375 0.0429688 
0 0.800781 0.900391 0.09375 0.0332031 
0 0.288574 0.333008 0.116211 0.0449219 
0 0.534668 0.597168 0.12207 0.0576172 
0 0.171875 0.87207 0.125 0.0371094 
0 0.716309 0.26416 0.0888672 0.0498047 
0 0.560547 0.234863 0.113281 0.0556641 
0 0.26123 0.144043 0.129883 0.0419922 
0 0.307129 0.0292969 0.100586 0.0449219 
0 0.387207 0.198242 0.131836 0.0390625 
0 0.173828 0.69873 0.0917969 0.0634766 
0 0.600586 0.437988 0.105469 0.0400391 
0 0.473145 0.893066 0.139648 0.0615234 
0 0.957031 0.672852 0.0859375 0.0449219 
0 0.725586 0.732422 0.144531 0.0703125 
0 0.0688477 0.940918 0.12207 0.0458984 
0 0.577148 0.913086 0.107422 0.078125 
0 0.342773 0.151855 0.0683594 0.0712891 
0 0.639648 0.262695 0.0878906 0.0859375 
0 0.703125 0.832031 0.160156 0.046875 
0 0.216797 0.618164 0.140625 0.0527344 
0 0.374023 0.559082 0.109375 0.0498047 
0 0.348633 0.890625 0.125 0.0351562 
0 0.976562 0.468262 0.046875 0.0537109 
0 0.761719 0.39502 0.046875 0.102539 
0 0.435547 0.506836 0.134766 0.0449219 
0 0.143066 0.911133 0.141602 0.046875 
0 0.889648 0.336914 0.0644531 0.0566406 
0 0.9375 0.791992 0.125 0.0605469 
0 0.443359 0.236328 0.121094 0.0605469 
0 0.356934 0.302734 0.114258 0.0527344 
0 0.102051 0.138184 0.106445 0.0419922 
0 0.712891 0.211426 0.0976562 0.0712891 
0 0.065918 0.287598 0.124023 0.0693359 
0 0.34668 0.949707 0.107422 0.0654297 
0 0.87207 0.707031 0.0957031 0.0585938 
0 0.825195 0.118164 0.109375 0.0742188 
