0 0.521484 0.583008 0.078125 0.0332031 
0 0.983398 0.501465 0.0332031 0.0556641 
0 0.368164 0.619629 0.117188 0.0478516 
0 0.981445 0.799316 0.0371094 0.0849609 
0 0.926758 0.837891 0.138672 0.046875 
0 0.146484 0.610352 0.203125 0.0683594 
0 0.663574 0.165527 0.125977 0.118164 
0 0.327637 0.897949 0.139648 0.0556641 
0 0.273438 0.349121 0.152344 0.0380859 
0 0.436523 0.891602 0.125 0.0449219 
0 0.854004 0.824707 0.114258 0.0673828 
0 0.237305 0.751465 0.111328 0.102539 
0 0.785156 0.753906 0.134766 0.0820312 
0 0.0561523 0.680664 0.112305 0.146484 
0 0.93457 0.384766 0.0996094 0.113281 
0 0.527344 0.275391 0.0742188 0.0625 
0 0.410645 0.325684 0.0712891 0.0576172 
0 0.0961914 0.827637 0.125977 0.161133 
0 0.668457 0.42627 0.0732422 0.0595703 
0 0.780273 0.119629 0.0761719 0.176758 
0 0.908203 0.722656 0.15625 0.0742188 
0 0.464844 0.268066 0.0664062 0.102539 
0 0.315918 0.382812 0.0830078 0.0859375 
0 0.714844 0.419922 0.132812 0.09375 
0 0.0976562 0.399414 0.0859375 0.0957031 
0 0.179688 0.0966797 0.146484 0.0976562 
0 0.364258 0.568359 0.152344 0.0742188 
0 0.0556641 0.0336914 0.111328 0.0673828 
0 0.462402 0.172852 0.0712891 0.0820312 
0 0.785645 0.517578 0.0595703 0.0898438 
0 0.509277 0.436035 0.0869141 0.0771484 
0 0.914062 0.55127 0.0859375 0.0673828 
0 0.297363 0.636719 0.0908203 0.130859 
0 0.516113 0.0834961 0.102539 0.161133 
