0 0.615234375 0.08740234375 0.091796875 0.0654296875
0 0.4501953125 0.20361328125 0.109375 0.0712890625
0 0.35107421875 0.5146484375 0.0771484375 0.08203125
0 0.40185546875 0.32958984375 0.0947265625 0.0693359375
0 0.47802734375 0.9375 0.1005859375 0.076171875
0 0.94287109375 0.53076171875 0.1025390625 0.0869140625
0 0.291015625 0.08740234375 0.087890625 0.0849609375
0 0.31201171875 0.71337890625 0.0791015625 0.0869140625
0 0.95703125 0.1259765625 0.0859375 0.087890625
0 0.56591796875 0.16943359375 0.1123046875 0.1044921875
0 0.11083984375 0.341796875 0.0673828125 0.080078125
0 0.37939453125 0.80419921875 0.1005859375 0.0947265625
0 0.470703125 0.39453125 0.123046875 0.109375
0 0.7568359375 0.5859375 0.099609375 0.072265625
0 0.23828125 0.03466796875 0.078125 0.0693359375
0 0.3583984375 0.9521484375 0.123046875 0.08984375
0 0.185546875 0.833984375 0.119140625 0.142578125
0 0.7470703125 0.34228515625 0.109375 0.0849609375
0 0.9609375 0.84619140625 0.072265625 0.0673828125
0 0.25830078125 0.7666015625 0.0732421875 0.080078125
0 0.11767578125 0.7109375 0.0888671875 0.103515625
0 0.515625 0.92724609375 0.109375 0.0693359375
