0 0.39111328125 0.70068359375 0.0927734375 0.0849609375
0 0.6025390625 0.29833984375 0.11328125 0.1201171875
0 0.267578125 0.322265625 0.12109375 0.103515625
0 0.45947265625 0.17138671875 0.0888671875 0.0791015625
0 0.9248046875 0.25244140625 0.0703125 0.0751953125
0 0.97998046875 0.1318359375 0.0400390625 0.080078125
0 0.74267578125 0.79541015625 0.0732421875 0.0673828125
0 0.6005859375 0.1533203125 0.123046875 0.181640625
0 0.08056640625 0.54150390625 0.1044921875 0.0869140625
0 0.44091796875 0.33349609375 0.1220703125 0.0927734375
0 0.39404296875 0.3720703125 0.1025390625 0.115234375
0 0.6044921875 0.0556640625 0.07421875 0.072265625
0 0.05078125 0.22265625 0.1015625 0.115234375
