0 0.6728515625 0.296875 0.056640625 0.08984375
0 0.564453125 0.91455078125 0.109375 0.1201171875
0 0.32421875 0.91748046875 0.11328125 0.0576171875
0 0.77392578125 0.94287109375 0.0849609375 0.0673828125
0 0.439453125 0.05859375 0.07421875 0.083984375
0 0.10546875 0.62109375 0.068359375 0.072265625
0 0.8232421875 0.63037109375 0.06640625 0.0693359375
0 0.09423828125 0.9091796875 0.1064453125 0.072265625
0 0.7783203125 0.11279296875 0.07421875 0.0673828125
0 0.89990234375 0.552734375 0.0771484375 0.1015625
0 0.20556640625 0.72119140625 0.0439453125 0.0810546875
0 0.15869140625 0.248046875 0.0966796875 0.076171875
0 0.91162109375 0.17822265625 0.0537109375 0.0712890625
0 0.32763671875 0.34326171875 0.0576171875 0.1123046875
0 0.7314453125 0.6220703125 0.138671875 0.064453125
0 0.443359375 0.30517578125 0.08203125 0.0908203125
0 0.33544921875 0.18994140625 0.0634765625 0.0771484375
0 0.64697265625 0.14013671875 0.0947265625 0.0810546875
0 0.326171875 0.14599609375 0.052734375 0.0751953125
0 0.01953125 0.2236328125 0.0390625 0.095703125
0 0.55029296875 0.52294921875 0.0986328125 0.0966796875
0 0.15283203125 0.978515625 0.0888671875 0.04296875
0 0.21044921875 0.04931640625 0.1064453125 0.0439453125
0 0.83349609375 0.96435546875 0.0419921875 0.0673828125
0 0.95166015625 0.90625 0.0966796875 0.056640625
0 0.2490234375 0.9453125 0.07421875 0.060546875
0 0.93798828125 0.30908203125 0.1240234375 0.0576171875
0 0.42529296875 0.62744140625 0.0517578125 0.0634765625
0 0.97314453125 0.96923828125 0.0537109375 0.0517578125
0 0.216796875 0.90185546875 0.1015625 0.0654296875
0 0.5048828125 0.35546875 0.05078125 0.06640625
0 0.095703125 0.2646484375 0.037109375 0.083984375
0 0.3662109375 0.82373046875 0.087890625 0.0419921875
0 0.31787109375 0.0185546875 0.0732421875 0.037109375
0 0.81884765625 0.90380859375 0.0791015625 0.0537109375
0 0.482421875 0.748046875 0.06640625 0.041015625
0 0.09423828125 0.7265625 0.1005859375 0.041015625
0 0.6796875 0.70703125 0.072265625 0.041015625
0 0.8095703125 0.7021484375 0.052734375 0.056640625
0 0.62939453125 0.697265625 0.0654296875 0.109375
0 0.1181640625 0.49658203125 0.048828125 0.0439453125
0 0.41259765625 0.25146484375 0.0556640625 0.0400390625
0 0.2060546875 0.41015625 0.05078125 0.044921875
0 0.1005859375 0.12939453125 0.087890625 0.0302734375
0 0.06884765625 0.529296875 0.0478515625 0.046875
0 0.44189453125 0.1669921875 0.0654296875 0.0390625
0 0.27197265625 0.78857421875 0.0908203125 0.0419921875
0 0.505859375 0.98974609375 0.103515625 0.0205078125
0 0.15185546875 0.02783203125 0.0693359375 0.0556640625
0 0.74853515625 0.5927734375 0.0908203125 0.037109375
0 0.8681640625 0.0732421875 0.048828125 0.046875
0 0.7568359375 0.2412109375 0.037109375 0.0703125
0 0.15625 0.12548828125 0.046875 0.0458984375
0 0.7001953125 0.982421875 0.060546875 0.03515625
0 0.97412109375 0.70849609375 0.0478515625 0.0283203125
0 0.97607421875 0.12353515625 0.0439453125 0.0400390625
0 0.97998046875 0.81591796875 0.0400390625 0.0224609375
0 0.98779296875 0.68115234375 0.0244140625 0.0654296875
0 0.177734375 0.2392578125 0.0625 0.046875
0 0.087890625 0.7021484375 0.09375 0.03515625
0 0.64990234375 0.71435546875 0.1123046875 0.1220703125
0 0.56640625 0.25 0.056640625 0.05078125
0 0.986328125 0.58251953125 0.02734375 0.0517578125
0 0.5166015625 0.6572265625 0.080078125 0.087890625
0 0.58740234375 0.703125 0.0888671875 0.107421875
