0 0.91943359375 0.72119140625 0.0927734375 0.0908203125
0 0.8232421875 0.71044921875 0.072265625 0.0849609375
0 0.87939453125 0.29736328125 0.0947265625 0.0947265625
0 0.7646484375 0.96240234375 0.08984375 0.0751953125
0 0.69677734375 0.87890625 0.0673828125 0.072265625
0 0.0947265625 0.18798828125 0.08984375 0.1025390625
0 0.3359375 0.4013671875 0.087890625 0.078125
0 0.16943359375 0.130859375 0.0751953125 0.087890625
0 0.31591796875 0.6142578125 0.0927734375 0.0703125
0 0.32421875 0.52978515625 0.115234375 0.0947265625
0 0.19482421875 0.345703125 0.0947265625 0.107421875
0 0.642578125 0.7763671875 0.0625 0.080078125
0 0.6142578125 0.74267578125 0.0625 0.0830078125
0 0.67919921875 0.02978515625 0.0673828125 0.0595703125
0 0.22705078125 0.1494140625 0.0654296875 0.095703125
0 0.87451171875 0.5419921875 0.1298828125 0.134765625
0 0.1123046875 0.361328125 0.044921875 0.0625
0 0.9794921875 0.173828125 0.041015625 0.068359375
0 0.78857421875 0.59228515625 0.1123046875 0.1201171875
0 0.76513671875 0.11962890625 0.0673828125 0.0478515625
0 0.87451171875 0.0986328125 0.0595703125 0.0625
0 0.7744140625 0.0595703125 0.064453125 0.052734375
0 0.33203125 0.037109375 0.064453125 0.0703125
