0 0.65185546875 0.15771484375 0.0576171875 0.0634765625
0 0.71875 0.0986328125 0.056640625 0.07421875
0 0.677734375 0.02685546875 0.072265625 0.0537109375
0 0.794921875 0.025390625 0.07421875 0.05078125
0 0.884765625 0.22021484375 0.0625 0.0986328125
0 0.84423828125 0.26611328125 0.0712890625 0.0810546875
0 0.95703125 0.306640625 0.083984375 0.07421875
0 0.7490234375 0.41015625 0.076171875 0.064453125
0 0.68212890625 0.51904296875 0.0732421875 0.0771484375
0 0.70458984375 0.615234375 0.0791015625 0.0703125
0 0.8828125 0.56689453125 0.095703125 0.0751953125
0 0.86962890625 0.650390625 0.0615234375 0.083984375
0 0.79296875 0.6787109375 0.0859375 0.05859375
0 0.67431640625 0.75 0.0576171875 0.0625
0 0.81982421875 0.9599609375 0.0615234375 0.080078125
0 0.63427734375 0.966796875 0.0751953125 0.06640625
0 0.54541015625 0.8388671875 0.0634765625 0.06640625
0 0.46630859375 0.85888671875 0.0595703125 0.0712890625
0 0.4033203125 0.7607421875 0.083984375 0.056640625
0 0.37060546875 0.7021484375 0.0654296875 0.060546875
0 0.47314453125 0.7197265625 0.0615234375 0.068359375
0 0.2470703125 0.6025390625 0.0546875 0.06640625
0 0.3447265625 0.62109375 0.08203125 0.076171875
0 0.47705078125 0.412109375 0.0810546875 0.1015625
0 0.59130859375 0.33837890625 0.0947265625 0.0791015625
0 0.6279296875 0.40185546875 0.06640625 0.0810546875
0 0.611328125 0.47998046875 0.076171875 0.0830078125
0 0.57470703125 0.5517578125 0.0693359375 0.080078125
0 0.49169921875 0.19580078125 0.0947265625 0.0732421875
0 0.44970703125 0.11767578125 0.0693359375 0.0849609375
0 0.3427734375 0.09423828125 0.060546875 0.0634765625
0 0.31689453125 0.0322265625 0.0654296875 0.064453125
0 0.22900390625 0.04296875 0.0673828125 0.0859375
0 0.072265625 0.0380859375 0.078125 0.076171875
0 0.07080078125 0.189453125 0.0634765625 0.0859375
0 0.0146484375 0.50341796875 0.029296875 0.0732421875
0 0.07421875 0.47607421875 0.087890625 0.0810546875
0 0.30126953125 0.28125 0.0732421875 0.11328125
0 0.19970703125 0.298828125 0.0654296875 0.060546875
0 0.306640625 0.3662109375 0.0546875 0.068359375
0 0.2646484375 0.40576171875 0.0625 0.0693359375
0 0.24755859375 0.48486328125 0.0927734375 0.0732421875
0 0.38134765625 0.35302734375 0.0771484375 0.0693359375
0 0.3642578125 0.40625 0.07421875 0.0625
0 0.11376953125 0.83154296875 0.0634765625 0.0947265625
0 0.09033203125 0.94873046875 0.0712890625 0.0771484375
0 0.20703125 0.96630859375 0.06640625 0.0673828125
0 0.3486328125 0.98486328125 0.068359375 0.0302734375
0 0.32861328125 0.8828125 0.0576171875 0.056640625
0 0.4169921875 0.94482421875 0.068359375 0.0517578125
0 0.02294921875 0.78466796875 0.0458984375 0.0341796875
0 0.04736328125 0.8984375 0.0634765625 0.046875
0 0.28515625 0.73486328125 0.0703125 0.0595703125
0 0.2001953125 0.41650390625 0.04296875 0.0380859375
