0 0.8564453125 0.78759765625 0.087890625 0.1552734375
0 0.31787109375 0.7587890625 0.0771484375 0.103515625
0 0.96630859375 0.884765625 0.0673828125 0.072265625
0 0.171875 0.33349609375 0.07421875 0.0869140625
0 0.86572265625 0.048828125 0.0751953125 0.09765625
0 0.716796875 0.439453125 0.07421875 0.072265625
0 0.26708984375 0.89306640625 0.0966796875 0.1416015625
0 0.57763671875 0.55126953125 0.1123046875 0.0556640625
0 0.7080078125 0.9736328125 0.09375 0.052734375
0 0.7041015625 0.171875 0.19921875 0.09375
0 0.06396484375 0.5458984375 0.0927734375 0.078125
0 0.13427734375 0.9619140625 0.1376953125 0.076171875
0 0.85498046875 0.35009765625 0.0732421875 0.0791015625
0 0.08447265625 0.39013671875 0.1572265625 0.1240234375
0 0.041015625 0.09033203125 0.080078125 0.1220703125
0 0.7880859375 0.4775390625 0.08984375 0.0703125
0 0.69970703125 0.83740234375 0.0849609375 0.0986328125
0 0.44921875 0.240234375 0.13671875 0.1796875
0 0.56005859375 0.4658203125 0.1201171875 0.103515625
0 0.763671875 0.27685546875 0.1015625 0.1533203125
0 0.169921875 0.513671875 0.1171875 0.087890625
0 0.19873046875 0.169921875 0.1376953125 0.078125
0 0.48095703125 0.662109375 0.1123046875 0.11328125
0 0.9326171875 0.96337890625 0.091796875 0.0712890625
0 0.10693359375 0.61279296875 0.1083984375 0.0927734375
0 0.59912109375 0.88671875 0.1337890625 0.083984375
0 0.86572265625 0.1845703125 0.1142578125 0.11328125
0 0.03076171875 0.1611328125 0.0615234375 0.060546875
0 0.3173828125 0.35302734375 0.091796875 0.0830078125
0 0.2490234375 0.27978515625 0.0703125 0.0732421875
0 0.14990234375 0.2734375 0.1201171875 0.080078125
0 0.0322265625 0.763671875 0.064453125 0.12109375
0 0.04638671875 0.8896484375 0.0927734375 0.091796875
0 0.23681640625 0.87548828125 0.0908203125 0.0810546875
0 0.20263671875 0.71044921875 0.0908203125 0.0791015625
0 0.29248046875 0.6826171875 0.0693359375 0.072265625
0 0.97119140625 0.7822265625 0.0576171875 0.056640625
0 0.49755859375 0.658203125 0.0751953125 0.140625
0 0.916015625 0.32177734375 0.0546875 0.0556640625
0 0.908203125 0.03662109375 0.068359375 0.0732421875
0 0.66015625 0.57666015625 0.107421875 0.1181640625
0 0.92138671875 0.27197265625 0.0478515625 0.0361328125
