0 0.109375 0.4970703125 0.08984375 0.115234375
0 0.603515625 0.30712890625 0.072265625 0.1044921875
0 0.29248046875 0.88720703125 0.0849609375 0.1005859375
0 0.9033203125 0.126953125 0.072265625 0.115234375
0 0.5107421875 0.50048828125 0.068359375 0.0927734375
0 0.939453125 0.81591796875 0.095703125 0.0771484375
0 0.720703125 0.6669921875 0.078125 0.07421875
0 0.3720703125 0.42578125 0.095703125 0.107421875
0 0.0908203125 0.07177734375 0.068359375 0.1201171875
0 0.32080078125 0.314453125 0.0966796875 0.0703125
0 0.13671875 0.1533203125 0.0703125 0.087890625
0 0.3642578125 0.97705078125 0.08984375 0.0458984375
0 0.3994140625 0.58740234375 0.060546875 0.0849609375
0 0.42333984375 0.28076171875 0.0732421875 0.1025390625
0 0.9658203125 0.70458984375 0.068359375 0.0947265625
0 0.2431640625 0.515625 0.0625 0.0625
0 0.3720703125 0.064453125 0.0703125 0.0546875
0 0.04833984375 0.32568359375 0.0576171875 0.1123046875
0 0.2529296875 0.34814453125 0.0625 0.0830078125
0 0.76708984375 0.52294921875 0.0595703125 0.0673828125
0 0.7255859375 0.19482421875 0.0625 0.0849609375
0 0.47607421875 0.95947265625 0.0576171875 0.0751953125
0 0.58984375 0.08544921875 0.0546875 0.0673828125
0 0.71337890625 0.564453125 0.0576171875 0.05078125
0 0.9775390625 0.25341796875 0.04296875 0.0693359375
0 0.62939453125 0.48828125 0.0595703125 0.056640625
0 0.353515625 0.48681640625 0.0625 0.0654296875
0 0.53955078125 0.9169921875 0.0595703125 0.0546875
0 0.6611328125 0.1591796875 0.052734375 0.08984375
0 0.416015625 0.9443359375 0.052734375 0.0546875
0 0.36474609375 0.16748046875 0.0751953125 0.0673828125
0 0.615234375 0.7919921875 0.0625 0.0546875
0 0.685546875 0.94091796875 0.0625 0.0576171875
0 0.8642578125 0.72802734375 0.0546875 0.0673828125
0 0.16357421875 0.04345703125 0.0576171875 0.0830078125
0 0.39990234375 0.3408203125 0.0498046875 0.0625
0 0.55078125 0.56201171875 0.078125 0.0654296875
0 0.16943359375 0.380859375 0.0751953125 0.072265625
0 0.85791015625 0.17724609375 0.0576171875 0.0654296875
0 0.97802734375 0.0498046875 0.0439453125 0.080078125
0 0.72314453125 0.4404296875 0.0673828125 0.0625
0 0.50048828125 0.23046875 0.0576171875 0.107421875
0 0.44921875 0.14697265625 0.0546875 0.0654296875
0 0.52587890625 0.24951171875 0.0869140625 0.1103515625
0 0.4580078125 0.72021484375 0.08203125 0.0908203125
0 0.50732421875 0.6572265625 0.0498046875 0.044921875
0 0.67236328125 0.23583984375 0.0498046875 0.0517578125
0 0.9443359375 0.64306640625 0.02734375 0.0693359375
0 0.02734375 0.65966796875 0.052734375 0.0771484375
0 0.03564453125 0.890625 0.0673828125 0.052734375
0 0.09814453125 0.73291015625 0.0576171875 0.0576171875
0 0.0634765625 0.70849609375 0.052734375 0.0576171875
0 0.07958984375 0.328125 0.0751953125 0.09765625
0 0.53076171875 0.3134765625 0.0478515625 0.08203125
0 0.474609375 0.3154296875 0.05078125 0.072265625
0 0.31689453125 0.49462890625 0.0400390625 0.0654296875
0 0.9482421875 0.2783203125 0.056640625 0.123046875
0 0.595703125 0.4365234375 0.01953125 0.017578125
0 0.11083984375 0.7919921875 0.0576171875 0.029296875
0 0.9189453125 0.0205078125 0.0703125 0.041015625
0 0.5205078125 0.0849609375 0.044921875 0.041015625
