0 0.92333984375 0.71923828125 0.1181640625 0.0947265625
0 0.78173828125 0.55078125 0.0751953125 0.08203125
0 0.1865234375 0.3173828125 0.09375 0.10546875
0 0.943359375 0.37939453125 0.091796875 0.0654296875
0 0.1181640625 0.82080078125 0.072265625 0.1025390625
0 0.2978515625 0.0869140625 0.0703125 0.09765625
0 0.79345703125 0.376953125 0.0830078125 0.099609375
0 0.65673828125 0.12451171875 0.0693359375 0.1005859375
0 0.19921875 0.68408203125 0.064453125 0.0830078125
0 0.5634765625 0.65869140625 0.087890625 0.1025390625
0 0.57177734375 0.45361328125 0.0947265625 0.1572265625
0 0.68017578125 0.24609375 0.0537109375 0.107421875
0 0.69921875 0.8466796875 0.072265625 0.0703125
0 0.07568359375 0.0986328125 0.0576171875 0.099609375
0 0.1357421875 0.97216796875 0.123046875 0.0556640625
0 0.0703125 0.5302734375 0.05859375 0.080078125
0 0.63720703125 0.7421875 0.0595703125 0.08984375
0 0.541015625 0.50830078125 0.0625 0.0673828125
0 0.63623046875 0.96533203125 0.0673828125 0.0673828125
0 0.69384765625 0.09912109375 0.0478515625 0.0556640625
0 0.7431640625 0.03076171875 0.05859375 0.0576171875
