0 0.6982421875 0.41455078125 0.171875 0.1005859375
0 0.1220703125 0.83544921875 0.130859375 0.1025390625
0 0.66943359375 0.81103515625 0.1396484375 0.1025390625
0 0.91455078125 0.5107421875 0.1455078125 0.091796875
0 0.65966796875 0.02587890625 0.1396484375 0.0517578125
0 0.787109375 0.5458984375 0.115234375 0.078125
0 0.02783203125 0.83935546875 0.0556640625 0.1025390625
0 0.6083984375 0.1728515625 0.21875 0.1015625
0 0.88232421875 0.62939453125 0.1396484375 0.0751953125
0 0.76953125 0.64208984375 0.154296875 0.1201171875
0 0.697265625 0.9296875 0.16015625 0.134765625
0 0.39453125 0.359375 0.05078125 0.064453125
0 0.0595703125 0.93994140625 0.10546875 0.0849609375
0 0.8896484375 0.91357421875 0.189453125 0.0673828125
0 0.79443359375 0.302734375 0.0634765625 0.0625
