0 0.94580078125 0.53955078125 0.1083984375 0.1201171875
0 0.1630859375 0.4619140625 0.126953125 0.140625
0 0.72314453125 0.1123046875 0.1025390625 0.08984375
0 0.4892578125 0.01953125 0.099609375 0.0390625
0 0.63330078125 0.47216796875 0.0966796875 0.0751953125
0 0.546875 0.42919921875 0.10546875 0.0849609375
0 0.81982421875 0.52197265625 0.0947265625 0.1044921875
0 0.541015625 0.52685546875 0.107421875 0.0849609375
0 0.58349609375 0.171875 0.1279296875 0.109375
0 0.89794921875 0.04833984375 0.0869140625 0.0830078125
0 0.92578125 0.2333984375 0.091796875 0.087890625
0 0.9638671875 0.78076171875 0.072265625 0.0830078125
0 0.36083984375 0.224609375 0.1181640625 0.095703125
0 0.7548828125 0.2080078125 0.08984375 0.087890625
0 0.32958984375 0.0185546875 0.0947265625 0.037109375
0 0.3642578125 0.0908203125 0.099609375 0.087890625
0 0.7060546875 0.74169921875 0.09765625 0.0947265625
0 0.76953125 0.416015625 0.095703125 0.087890625
0 0.82568359375 0.873046875 0.1767578125 0.162109375
0 0.11328125 0.80712890625 0.142578125 0.1298828125
0 0.41064453125 0.32666015625 0.1826171875 0.1298828125
0 0.19189453125 0.6396484375 0.0947265625 0.095703125
0 0.4228515625 0.82861328125 0.134765625 0.1552734375
0 0.755859375 0.59912109375 0.078125 0.0849609375
0 0.376953125 0.53173828125 0.080078125 0.0751953125
0 0.5771484375 0.2607421875 0.099609375 0.08203125
0 0.07666015625 0.5908203125 0.0751953125 0.087890625
0 0.47705078125 0.9482421875 0.1005859375 0.078125
0 0.6669921875 0.796875 0.099609375 0.08984375
0 0.59326171875 0.92822265625 0.0771484375 0.0673828125
0 0.34326171875 0.4296875 0.0771484375 0.080078125
0 0.32080078125 0.8896484375 0.0576171875 0.099609375
0 0.21826171875 0.0185546875 0.0732421875 0.037109375
0 0.13818359375 0.681640625 0.0673828125 0.080078125
0 0.04345703125 0.27978515625 0.0830078125 0.0947265625
0 0.037109375 0.02197265625 0.07421875 0.0439453125
0 0.443359375 0.6708984375 0.0625 0.052734375
0 0.0419921875 0.94091796875 0.083984375 0.1181640625
0 0.208984375 0.970703125 0.13671875 0.05859375
0 0.9072265625 0.37939453125 0.064453125 0.0498046875
0 0.04345703125 0.45166015625 0.0830078125 0.0849609375
0 0.01953125 0.6533203125 0.03515625 0.09765625
0 0.48193359375 0.7734375 0.0693359375 0.052734375
0 0.28466796875 0.90576171875 0.0849609375 0.0732421875
