0 0.04296875 0.32861328125 0.0859375 0.0966796875
0 0.10546875 0.21533203125 0.142578125 0.0771484375
0 0.4189453125 0.06982421875 0.142578125 0.0791015625
0 0.55029296875 0.11083984375 0.0869140625 0.0771484375
0 0.740234375 0.03564453125 0.146484375 0.0595703125
0 0.7841796875 0.103515625 0.083984375 0.072265625
0 0.95068359375 0.0869140625 0.0830078125 0.09765625
0 0.93994140625 0.19189453125 0.0771484375 0.0615234375
0 0.72021484375 0.28369140625 0.0771484375 0.0810546875
0 0.50634765625 0.4228515625 0.0791015625 0.158203125
0 0.95068359375 0.337890625 0.0986328125 0.087890625
0 0.96923828125 0.51513671875 0.0615234375 0.1005859375
0 0.9033203125 0.67333984375 0.0703125 0.0751953125
0 0.71435546875 0.7109375 0.0751953125 0.064453125
0 0.81005859375 0.62451171875 0.0830078125 0.1142578125
0 0.794921875 0.7255859375 0.078125 0.060546875
0 0.2861328125 0.642578125 0.103515625 0.078125
0 0.40234375 0.5791015625 0.09765625 0.078125
0 0.0458984375 0.56494140625 0.091796875 0.0615234375
0 0.30810546875 0.771484375 0.0791015625 0.07421875
0 0.12841796875 0.978515625 0.0771484375 0.04296875
0 0.25146484375 0.89501953125 0.0927734375 0.0947265625
0 0.3681640625 0.95849609375 0.10546875 0.0830078125
0 0.5830078125 0.9833984375 0.09765625 0.033203125
0 0.58837890625 0.9140625 0.0771484375 0.07421875
0 0.64111328125 0.82275390625 0.0986328125 0.0771484375
0 0.88232421875 0.9658203125 0.0888671875 0.068359375
0 0.02392578125 0.20263671875 0.0478515625 0.0927734375
0 0.837890625 0.44970703125 0.07421875 0.1201171875
0 0.54345703125 0.6884765625 0.0869140625 0.095703125
