0 0.77001953125 0.1748046875 0.1103515625 0.08984375
0 0.89892578125 0.1982421875 0.0908203125 0.0703125
0 0.931640625 0.107421875 0.060546875 0.060546875
0 0.853515625 0.2373046875 0.078125 0.05078125
0 0.88671875 0.3173828125 0.052734375 0.072265625
0 0.96728515625 0.3388671875 0.0654296875 0.060546875
0 0.51611328125 0.2353515625 0.1064453125 0.068359375
0 0.33740234375 0.05078125 0.1044921875 0.072265625
0 0.12646484375 0.1279296875 0.0615234375 0.10546875
0 0.1796875 0.138671875 0.0546875 0.07421875
0 0.32861328125 0.3203125 0.1083984375 0.080078125
0 0.4482421875 0.32958984375 0.08203125 0.0751953125
0 0.53564453125 0.39453125 0.0966796875 0.0625
0 0.3662109375 0.4150390625 0.08203125 0.09375
0 0.1083984375 0.4609375 0.095703125 0.119140625
0 0.05126953125 0.337890625 0.1025390625 0.0703125
0 0.02587890625 0.70068359375 0.0517578125 0.0869140625
0 0.0576171875 0.84326171875 0.09375 0.1025390625
0 0.22802734375 0.6796875 0.1142578125 0.083984375
0 0.59033203125 0.70556640625 0.0791015625 0.1123046875
0 0.64501953125 0.80615234375 0.0673828125 0.0751953125
0 0.68701171875 0.83984375 0.0537109375 0.076171875
0 0.7431640625 0.80126953125 0.095703125 0.0908203125
0 0.86083984375 0.8837890625 0.0947265625 0.07421875
0 0.48095703125 0.8720703125 0.0576171875 0.0859375
0 0.3955078125 0.8671875 0.064453125 0.0625
0 0.326171875 0.83251953125 0.0625 0.0732421875
0 0.40087890625 0.71875 0.0576171875 0.06640625
0 0.4921875 0.71826171875 0.072265625 0.0673828125
0 0.84130859375 0.7314453125 0.0869140625 0.05859375
0 0.80322265625 0.552734375 0.0732421875 0.0703125
0 0.93212890625 0.62353515625 0.1044921875 0.1298828125
0 0.54150390625 0.646484375 0.0849609375 0.05859375
0 0.35595703125 0.76953125 0.0849609375 0.056640625
0 0.5263671875 0.83154296875 0.064453125 0.0673828125
0 0.15625 0.68994140625 0.056640625 0.0595703125
0 0.853515625 0.802734375 0.111328125 0.064453125
0 0.93017578125 0.85009765625 0.0673828125 0.0791015625
0 0.94482421875 0.94189453125 0.0810546875 0.0869140625
0 0.4970703125 0.77685546875 0.0625 0.0517578125
0 0.2255859375 0.81396484375 0.0546875 0.0654296875
0 0.658203125 0.91650390625 0.064453125 0.0869140625
0 0.48974609375 0.9013671875 0.0947265625 0.126953125
