0 0.87353515625 0.1767578125 0.1123046875 0.115234375
0 0.0830078125 0.15576171875 0.134765625 0.1220703125
0 0.71240234375 0.5771484375 0.0849609375 0.10546875
0 0.70703125 0.22607421875 0.07421875 0.1376953125
0 0.85693359375 0.0615234375 0.1591796875 0.10546875
0 0.8193359375 0.4091796875 0.150390625 0.115234375
0 0.970703125 0.3876953125 0.05859375 0.095703125
0 0.064453125 0.3056640625 0.125 0.087890625
0 0.03125 0.0009765625 0.0625 0.001953125
0 0.8271484375 0.49609375 0.095703125 0.0625
0 0.74853515625 0.70703125 0.1025390625 0.109375
0 0.599609375 0.08837890625 0.0703125 0.0732421875
0 0.78466796875 0.21435546875 0.0654296875 0.0849609375
0 0.69580078125 0.33837890625 0.1533203125 0.1279296875
0 0.66650390625 0.43115234375 0.0771484375 0.1142578125
0 0.94921875 0.24560546875 0.08984375 0.0771484375
0 0.068359375 0.349609375 0.08203125 0.080078125
0 0.03515625 0.68994140625 0.0703125 0.0751953125
0 0.95361328125 0.65478515625 0.0927734375 0.0751953125
0 0.77294921875 0.5771484375 0.0927734375 0.099609375
0 0.95703125 0.18212890625 0.0859375 0.1201171875
0 0.87744140625 0.6025390625 0.0830078125 0.087890625
0 0.7294921875 0.46142578125 0.078125 0.1064453125
