0 0.03564453125 0.40283203125 0.0712890625 0.0751953125
0 0.10107421875 0.42578125 0.0576171875 0.076171875
0 0.2099609375 0.47900390625 0.09765625 0.0537109375
0 0.4111328125 0.474609375 0.095703125 0.07421875
0 0.40087890625 0.4072265625 0.0810546875 0.068359375
0 0.4619140625 0.38330078125 0.068359375 0.1162109375
0 0.64453125 0.34619140625 0.076171875 0.1474609375
0 0.67431640625 0.44140625 0.0712890625 0.0859375
0 0.59912109375 0.52294921875 0.0654296875 0.0556640625
0 0.2421875 0.02001953125 0.1015625 0.0400390625
0 0.3662109375 0.14111328125 0.11328125 0.0791015625
0 0.5205078125 0.12646484375 0.130859375 0.0869140625
0 0.60888671875 0.16796875 0.1669921875 0.087890625
0 0.884765625 0.333984375 0.11328125 0.181640625
0 0.0458984375 0.5068359375 0.091796875 0.087890625
0 0.03564453125 0.5703125 0.0712890625 0.0703125
0 0.21533203125 0.64208984375 0.1474609375 0.0576171875
0 0.46923828125 0.59521484375 0.1630859375 0.0576171875
0 0.5029296875 0.6435546875 0.109375 0.0703125
0 0.60546875 0.60693359375 0.064453125 0.0634765625
0 0.66796875 0.73681640625 0.11328125 0.1552734375
0 0.82763671875 0.849609375 0.1826171875 0.06640625
0 0.74169921875 0.89013671875 0.0908203125 0.0869140625
0 0.96142578125 0.1865234375 0.0771484375 0.083984375
0 0.94873046875 0.3232421875 0.1025390625 0.08984375
0 0.95166015625 0.25732421875 0.0966796875 0.1005859375
0 0.97705078125 0.39013671875 0.0458984375 0.0537109375
0 0.8837890625 0.455078125 0.08984375 0.103515625
0 0.92822265625 0.544921875 0.1298828125 0.12890625
0 0.77685546875 0.4423828125 0.1005859375 0.1875
0 0.7900390625 0.353515625 0.0546875 0.123046875
0 0.6708984375 0.06298828125 0.123046875 0.0556640625
0 0.60009765625 0.02294921875 0.0673828125 0.0458984375
0 0.47314453125 0.0458984375 0.1376953125 0.0546875
0 0.8369140625 0.0283203125 0.12890625 0.056640625
0 0.60986328125 0.97216796875 0.0673828125 0.0556640625
0 0.38623046875 0.9453125 0.1044921875 0.109375
0 0.34814453125 0.80615234375 0.0966796875 0.1259765625
0 0.26220703125 0.79833984375 0.0732421875 0.0673828125
0 0.1123046875 0.7392578125 0.146484375 0.087890625
0 0.06005859375 0.82861328125 0.1201171875 0.1103515625
0 0.166015625 0.96728515625 0.091796875 0.0654296875
0 0.10693359375 0.66650390625 0.0478515625 0.0498046875
0 0.2021484375 0.6220703125 0.11328125 0.0625
