0 0.029296875 0.01171875 0.05859375 0.0234375
0 0.20654296875 0.0322265625 0.0771484375 0.05859375
0 0.0166015625 0.474609375 0.033203125 0.072265625
0 0.10546875 0.521484375 0.11328125 0.107421875
0 0.0625 0.43017578125 0.052734375 0.0654296875
0 0.0439453125 0.76513671875 0.087890625 0.1298828125
0 0.0146484375 0.9169921875 0.029296875 0.072265625
0 0.0546875 0.88427734375 0.0390625 0.0498046875
0 0.126953125 0.93359375 0.1015625 0.10546875
0 0.23681640625 0.51171875 0.1064453125 0.09765625
0 0.33837890625 0.49658203125 0.0673828125 0.0634765625
0 0.1806640625 0.4296875 0.07421875 0.080078125
0 0.21923828125 0.3701171875 0.0693359375 0.048828125
0 0.177734375 0.29296875 0.06640625 0.056640625
0 0.1162109375 0.25244140625 0.0546875 0.1806640625
0 0.0390625 0.28369140625 0.052734375 0.0478515625
0 0.3701171875 0.26220703125 0.09765625 0.0810546875
0 0.40185546875 0.1552734375 0.0478515625 0.052734375
0 0.48876953125 0.244140625 0.0810546875 0.076171875
0 0.48876953125 0.3125 0.1669921875 0.068359375
0 0.64208984375 0.25732421875 0.1259765625 0.0537109375
0 0.61474609375 0.201171875 0.1083984375 0.048828125
0 0.57177734375 0.08544921875 0.1123046875 0.0693359375
0 0.78076171875 0.1162109375 0.0986328125 0.0703125
0 0.76708984375 0.28515625 0.1279296875 0.060546875
0 0.7587890625 0.400390625 0.0625 0.060546875
0 0.5234375 0.55078125 0.095703125 0.083984375
0 0.572265625 0.60107421875 0.1484375 0.0400390625
0 0.53125 0.64453125 0.060546875 0.04296875
0 0.64208984375 0.662109375 0.1298828125 0.068359375
0 0.75244140625 0.59423828125 0.1630859375 0.1279296875
0 0.5458984375 0.7890625 0.07421875 0.0703125
0 0.349609375 0.87158203125 0.07421875 0.0595703125
0 0.3193359375 0.97119140625 0.078125 0.0576171875
0 0.43505859375 0.8994140625 0.0693359375 0.072265625
0 0.5107421875 0.88671875 0.083984375 0.068359375
0 0.52197265625 0.943359375 0.1376953125 0.064453125
0 0.6708984375 0.92626953125 0.1484375 0.1083984375
0 0.75341796875 0.796875 0.1337890625 0.083984375
0 0.8525390625 0.974609375 0.07421875 0.05078125
0 0.96484375 0.90625 0.0703125 0.126953125
0 0.95458984375 0.6376953125 0.0908203125 0.111328125
0 0.91064453125 0.4921875 0.0693359375 0.06640625
0 0.84423828125 0.35302734375 0.0751953125 0.1123046875
0 0.88720703125 0.31787109375 0.0771484375 0.0810546875
0 0.9599609375 0.44873046875 0.080078125 0.1240234375
0 0.97021484375 0.171875 0.0595703125 0.087890625
0 0.93603515625 0.1005859375 0.1103515625 0.041015625
0 0.71826171875 0.025390625 0.1298828125 0.05078125
0 0.12060546875 0.85693359375 0.0771484375 0.0615234375
