0 0.37451171875 0.955078125 0.0791015625 0.078125
0 0.265625 0.5126953125 0.041015625 0.125
0 0.3583984375 0.8330078125 0.072265625 0.14453125
0 0.015625 0.9091796875 0.03125 0.05078125
0 0.1962890625 0.42138671875 0.068359375 0.1083984375
0 0.005859375 0.5947265625 0.01171875 0.052734375
0 0.0341796875 0.58935546875 0.068359375 0.0673828125
0 0.83056640625 0.947265625 0.0615234375 0.1015625
0 0.94287109375 0.25048828125 0.0341796875 0.0830078125
0 0.6259765625 0.5927734375 0.130859375 0.072265625
0 0.19873046875 0.25634765625 0.0361328125 0.0888671875
0 0.6865234375 0.21630859375 0.0546875 0.0810546875
0 0.6806640625 0.7294921875 0.064453125 0.1484375
0 0.4501953125 0.07470703125 0.06640625 0.1396484375
0 0.69873046875 0.52880859375 0.1201171875 0.1240234375
0 0.71142578125 0.27880859375 0.1123046875 0.0732421875
0 0.50830078125 0.2431640625 0.0576171875 0.107421875
0 0.3603515625 0.07666015625 0.033203125 0.1416015625
0 0.10986328125 0.12451171875 0.0810546875 0.0810546875
0 0.7333984375 0.44775390625 0.05078125 0.0830078125
0 0.76513671875 0.57421875 0.0986328125 0.103515625
0 0.4970703125 0.890625 0.07421875 0.046875
0 0.96923828125 0.5009765625 0.0498046875 0.0625
0 0.892578125 0.154296875 0.06640625 0.056640625
0 0.5947265625 0.09521484375 0.099609375 0.1533203125
0 0.736328125 0.14697265625 0.046875 0.0869140625
0 0.5283203125 0.6220703125 0.056640625 0.095703125
0 0.2177734375 0.49462890625 0.0546875 0.0732421875
0 0.9609375 0.5390625 0.037109375 0.0703125
0 0.08837890625 0.380859375 0.0869140625 0.111328125
0 0.3955078125 0.56591796875 0.02734375 0.0947265625
0 0.8037109375 0.85205078125 0.103515625 0.1103515625
0 0.27783203125 0.0283203125 0.0771484375 0.0546875
0 0.6865234375 0.396484375 0.05859375 0.10546875
0 0.27099609375 0.876953125 0.0576171875 0.056640625
0 0.0712890625 0.44287109375 0.037109375 0.0810546875
0 0.681640625 0.578125 0.056640625 0.06640625
0 0.302734375 0.31591796875 0.046875 0.0595703125
0 0.1708984375 0.94921875 0.060546875 0.0625
0 0.0419921875 0.91015625 0.037109375 0.05859375
0 0.47998046875 0.041015625 0.0302734375 0.08203125
0 0.06298828125 0.224609375 0.0576171875 0.037109375
0 0.4287109375 0.9267578125 0.064453125 0.01953125
0 0.783203125 0.87744140625 0.083984375 0.0458984375
0 0.44189453125 0.61865234375 0.0712890625 0.0419921875
0 0.5341796875 0.587890625 0.029296875 0.048828125
0 0.767578125 0.1474609375 0.029296875 0.08984375
0 0.8154296875 0.7880859375 0.03515625 0.142578125
0 0.60546875 0.6484375 0.041015625 0.046875
0 0.4833984375 0.97900390625 0.029296875 0.0419921875
0 0.556640625 0.56591796875 0.046875 0.0576171875
0 0.7392578125 0.08056640625 0.064453125 0.1025390625
0 0.59814453125 0.02734375 0.0615234375 0.037109375
0 0.53369140625 0.04296875 0.0517578125 0.0859375
0 0.4833984375 0.53369140625 0.05859375 0.0380859375
0 0.3681640625 0.62939453125 0.044921875 0.0302734375
0 0.80078125 0.19140625 0.056640625 0.087890625
0 0.107421875 0.17333984375 0.05078125 0.0498046875
0 0.03662109375 0.12158203125 0.0732421875 0.1298828125
0 0.30908203125 0.95654296875 0.0341796875 0.0322265625
