0 0.0849609375 0.96630859375 0.06640625 0.0673828125
0 0.03076171875 0.94873046875 0.0615234375 0.0830078125
0 0.02734375 0.12890625 0.0546875 0.08203125
0 0.091796875 0.2763671875 0.072265625 0.078125
0 0.142578125 0.08349609375 0.08984375 0.1005859375
0 0.11572265625 0.0234375 0.0673828125 0.046875
0 0.4111328125 0.04150390625 0.048828125 0.0615234375
0 0.25927734375 0.1181640625 0.0537109375 0.060546875
0 0.4970703125 0.05029296875 0.060546875 0.0517578125
0 0.556640625 0.0439453125 0.125 0.087890625
0 0.52685546875 0.11083984375 0.0966796875 0.0712890625
0 0.7080078125 0.22998046875 0.08203125 0.0810546875
0 0.71728515625 0.0546875 0.0595703125 0.06640625
0 0.8037109375 0.044921875 0.060546875 0.064453125
0 0.94970703125 0.015625 0.0693359375 0.03125
0 0.94580078125 0.0576171875 0.0537109375 0.052734375
0 0.888671875 0.12744140625 0.056640625 0.0478515625
0 0.92333984375 0.83544921875 0.0849609375 0.0830078125
0 0.87451171875 0.97119140625 0.0654296875 0.0576171875
0 0.31689453125 0.96435546875 0.0791015625 0.0712890625
0 0.48681640625 0.92919921875 0.0595703125 0.0634765625
0 0.3876953125 0.8212890625 0.111328125 0.109375
0 0.46533203125 0.8544921875 0.0478515625 0.0546875
0 0.21044921875 0.81884765625 0.0615234375 0.0556640625
0 0.21728515625 0.7314453125 0.0712890625 0.0859375
0 0.34521484375 0.7236328125 0.0654296875 0.080078125
0 0.31787109375 0.68212890625 0.0986328125 0.1103515625
0 0.26171875 0.6005859375 0.0859375 0.07421875
0 0.31005859375 0.556640625 0.0849609375 0.0859375
0 0.384765625 0.49560546875 0.068359375 0.0556640625
0 0.45703125 0.58203125 0.0546875 0.0546875
0 0.49462890625 0.63330078125 0.0908203125 0.0908203125
0 0.62060546875 0.59912109375 0.0654296875 0.0986328125
0 0.74560546875 0.58349609375 0.0478515625 0.0712890625
0 0.78564453125 0.64453125 0.0830078125 0.1328125
0 0.69873046875 0.4853515625 0.0927734375 0.0703125
0 0.5185546875 0.478515625 0.083984375 0.056640625
0 0.59033203125 0.46240234375 0.0712890625 0.0810546875
0 0.7314453125 0.40087890625 0.08203125 0.0615234375
0 0.82861328125 0.41015625 0.0478515625 0.060546875
0 0.90869140625 0.47705078125 0.0595703125 0.0712890625
0 0.96240234375 0.4345703125 0.0751953125 0.056640625
0 0.98291015625 0.38720703125 0.0341796875 0.0712890625
0 0.47900390625 0.3935546875 0.0869140625 0.08203125
0 0.42529296875 0.4013671875 0.0615234375 0.056640625
0 0.32568359375 0.41162109375 0.0751953125 0.0732421875
0 0.2451171875 0.40380859375 0.091796875 0.0712890625
0 0.20556640625 0.46044921875 0.0654296875 0.0673828125
0 0.07177734375 0.45703125 0.0751953125 0.072265625
0 0.67822265625 0.58251953125 0.0537109375 0.0693359375
0 0.0185546875 0.990234375 0.037109375 0.01953125
0 0.5966796875 0.990234375 0.056640625 0.01953125
0 0.9365234375 0.99267578125 0.072265625 0.0146484375
0 0.51171875 0.8134765625 0.07421875 0.05859375
0 0.98486328125 0.486328125 0.0302734375 0.064453125
0 0.65087890625 0.416015625 0.0986328125 0.087890625
0 0.16064453125 0.02587890625 0.0654296875 0.0517578125
0 0.5537109375 0.01708984375 0.056640625 0.0341796875
