0 0.87744140625 0.099609375 0.1123046875 0.09765625
0 0.42333984375 0.08740234375 0.0712890625 0.1533203125
0 0.55615234375 0.12939453125 0.0771484375 0.1142578125
0 0.47607421875 0.2802734375 0.0693359375 0.095703125
0 0.67431640625 0.3720703125 0.0947265625 0.146484375
0 0.76708984375 0.46875 0.0654296875 0.076171875
0 0.8408203125 0.462890625 0.078125 0.080078125
0 0.86474609375 0.32763671875 0.0810546875 0.1611328125
0 0.70751953125 0.04345703125 0.0654296875 0.0869140625
0 0.76220703125 0.0751953125 0.0576171875 0.083984375
0 0.638671875 0.220703125 0.06640625 0.076171875
0 0.583984375 0.2451171875 0.06640625 0.099609375
0 0.25732421875 0.05810546875 0.0927734375 0.1162109375
0 0.03271484375 0.0791015625 0.0498046875 0.123046875
0 0.09326171875 0.134765625 0.0615234375 0.109375
0 0.2060546875 0.2158203125 0.091796875 0.146484375
0 0.48876953125 0.431640625 0.0732421875 0.08203125
0 0.1455078125 0.60107421875 0.109375 0.0654296875
0 0.06591796875 0.58154296875 0.0947265625 0.0849609375
0 0.03564453125 0.33984375 0.0712890625 0.087890625
0 0.45751953125 0.62548828125 0.0771484375 0.1181640625
0 0.56591796875 0.578125 0.1083984375 0.111328125
0 0.677734375 0.705078125 0.05859375 0.046875
0 0.6826171875 0.77685546875 0.072265625 0.0654296875
0 0.521484375 0.783203125 0.169921875 0.076171875
0 0.259765625 0.76025390625 0.138671875 0.0673828125
0 0.0498046875 0.73486328125 0.076171875 0.0849609375
0 0.78955078125 0.57470703125 0.0751953125 0.0830078125
0 0.89208984375 0.57763671875 0.0634765625 0.0673828125
0 0.8349609375 0.87939453125 0.0859375 0.0673828125
0 0.74658203125 0.8427734375 0.0400390625 0.107421875
0 0.0302734375 0.51123046875 0.060546875 0.0693359375
0 0.92041015625 0.97216796875 0.0615234375 0.0537109375
0 0.54248046875 0.87353515625 0.0634765625 0.0537109375
0 0.51708984375 0.513671875 0.0458984375 0.052734375
0 0.42626953125 0.59423828125 0.0556640625 0.0458984375
