0 0.056640625 0.6083984375 0.11328125 0.125
0 0.9169921875 0.970703125 0.130859375 0.05859375
0 0.62109375 0.4228515625 0.09375 0.080078125
0 0.69677734375 0.5322265625 0.1064453125 0.109375
0 0.9833984375 0.193359375 0.033203125 0.064453125
0 0.62841796875 0.32421875 0.1005859375 0.09765625
0 0.50537109375 0.150390625 0.0947265625 0.0625
0 0.650390625 0.14208984375 0.103515625 0.0947265625
0 0.67822265625 0.07958984375 0.1142578125 0.1201171875
0 0.966796875 0.9033203125 0.06640625 0.1171875
0 0.88037109375 0.8388671875 0.0830078125 0.064453125
0 0.50732421875 0.90673828125 0.1923828125 0.0966796875
0 0.96875 0.31787109375 0.0625 0.1572265625
0 0.46240234375 0.18994140625 0.1298828125 0.1005859375
0 0.646484375 0.078125 0.06640625 0.0859375
0 0.7060546875 0.23046875 0.09765625 0.09375
0 0.8447265625 0.72216796875 0.111328125 0.1240234375
0 0.58544921875 0.12158203125 0.0966796875 0.0615234375
0 0.58740234375 0.01708984375 0.1103515625 0.0341796875
0 0.0283203125 0.634765625 0.056640625 0.080078125
0 0.59521484375 0.44140625 0.1884765625 0.087890625
0 0.62744140625 0.45751953125 0.0810546875 0.1591796875
0 0.77294921875 0.7236328125 0.1064453125 0.087890625
0 0.76416015625 0.677734375 0.0732421875 0.080078125
0 0.87451171875 0.8818359375 0.1435546875 0.1015625
0 0.7216796875 0.958984375 0.083984375 0.080078125
0 0.75830078125 0.9169921875 0.0927734375 0.0859375
0 0.7763671875 0.87939453125 0.091796875 0.0576171875
0 0.025390625 0.29736328125 0.05078125 0.0732421875
0 0.091796875 0.9443359375 0.099609375 0.10546875
0 0.01904296875 0.951171875 0.0380859375 0.076171875
