0 0.912109375 0.4951171875 0.087890625 0.16015625
0 0.33935546875 0.125 0.1025390625 0.134765625
0 0.63671875 0.52734375 0.1640625 0.111328125
0 0.646484375 0.4091796875 0.158203125 0.125
0 0.46435546875 0.52197265625 0.1455078125 0.1005859375
0 0.765625 0.544921875 0.09765625 0.095703125
0 0.78662109375 0.443359375 0.0849609375 0.09375
0 0.3310546875 0.89453125 0.072265625 0.07421875
0 0.42724609375 0.244140625 0.1162109375 0.11328125
0 0.20166015625 0.84228515625 0.0947265625 0.1376953125
0 0.884765625 0.9169921875 0.060546875 0.099609375
0 0.74609375 0.1279296875 0.076171875 0.08203125
0 0.41552734375 0.10791015625 0.0673828125 0.0908203125
0 0.23974609375 0.21240234375 0.0849609375 0.1005859375
0 0.0771484375 0.15869140625 0.099609375 0.0966796875
0 0.353515625 0.66943359375 0.08203125 0.0947265625
0 0.9501953125 0.72802734375 0.080078125 0.1201171875
0 0.2783203125 0.267578125 0.080078125 0.080078125
0 0.57275390625 0.021484375 0.0986328125 0.04296875
0 0.27490234375 0.42626953125 0.0810546875 0.0830078125
0 0.20947265625 0.158203125 0.0869140625 0.072265625
0 0.3017578125 0.96728515625 0.08984375 0.0654296875
0 0.82470703125 0.18701171875 0.1103515625 0.1044921875
0 0.064453125 0.787109375 0.125 0.125
0 0.77734375 0.96875 0.080078125 0.0625
0 0.2880859375 0.51953125 0.091796875 0.185546875
0 0.037109375 0.08056640625 0.0703125 0.0830078125
0 0.05078125 0.5908203125 0.09765625 0.08203125
0 0.34765625 0.435546875 0.091796875 0.1171875
0 0.1376953125 0.87841796875 0.087890625 0.1123046875
