0 0.431640625 0.0576171875 0.048828125 0.064453125
0 0.48193359375 0.068359375 0.0654296875 0.1015625
0 0.28759765625 0.17431640625 0.1376953125 0.1083984375
0 0.20947265625 0.24951171875 0.0849609375 0.0869140625
0 0.4375 0.255859375 0.0859375 0.07421875
0 0.38427734375 0.3525390625 0.0595703125 0.109375
0 0.44970703125 0.36669921875 0.0595703125 0.0498046875
0 0.4375 0.4052734375 0.07421875 0.05859375
0 0.31982421875 0.390625 0.0732421875 0.068359375
0 0.37451171875 0.43896484375 0.0576171875 0.0673828125
0 0.36962890625 0.490234375 0.0751953125 0.06640625
0 0.50439453125 0.537109375 0.0537109375 0.064453125
0 0.189453125 0.64404296875 0.158203125 0.0732421875
0 0.22021484375 0.70166015625 0.0927734375 0.1025390625
0 0.31396484375 0.71142578125 0.1357421875 0.0517578125
0 0.3076171875 0.77197265625 0.126953125 0.0986328125
0 0.38134765625 0.66845703125 0.1806640625 0.0869140625
0 0.455078125 0.7734375 0.109375 0.087890625
0 0.18359375 0.87158203125 0.095703125 0.0771484375
0 0.5595703125 0.74658203125 0.080078125 0.0830078125
0 0.65771484375 0.77490234375 0.0869140625 0.0595703125
0 0.64990234375 0.8408203125 0.0732421875 0.083984375
0 0.63818359375 0.63818359375 0.1103515625 0.0810546875
0 0.7470703125 0.59130859375 0.048828125 0.0537109375
0 0.787109375 0.61181640625 0.048828125 0.0537109375
0 0.52490234375 0.9736328125 0.0888671875 0.052734375
0 0.82080078125 0.95849609375 0.1474609375 0.0830078125
0 0.9306640625 0.626953125 0.05078125 0.08984375
0 0.8896484375 0.4560546875 0.076171875 0.15234375
0 0.83056640625 0.38330078125 0.0654296875 0.0830078125
0 0.88916015625 0.07763671875 0.0712890625 0.0595703125
0 0.69384765625 0.0400390625 0.1083984375 0.064453125
0 0.52783203125 0.20654296875 0.0615234375 0.0732421875
0 0.5859375 0.16943359375 0.068359375 0.0673828125
0 0.39306640625 0.7890625 0.0869140625 0.103515625
0 0.98779296875 0.5693359375 0.0244140625 0.0546875
