0 0.015625 0.13916015625 0.03125 0.1025390625
0 0.11279296875 0.16650390625 0.0537109375 0.0400390625
0 0.25927734375 0.1103515625 0.0634765625 0.10546875
0 0.32568359375 0.0927734375 0.0595703125 0.0859375
0 0.25341796875 0.23583984375 0.0810546875 0.0927734375
0 0.20068359375 0.30029296875 0.0849609375 0.0458984375
0 0.02294921875 0.6259765625 0.0458984375 0.07421875
0 0.087890625 0.6826171875 0.052734375 0.0703125
0 0.103515625 0.60205078125 0.07421875 0.0654296875
0 0.1328125 0.57958984375 0.048828125 0.0673828125
0 0.17578125 0.56982421875 0.076171875 0.0419921875
0 0.2861328125 0.59326171875 0.103515625 0.1005859375
0 0.3818359375 0.67236328125 0.05859375 0.0576171875
0 0.25146484375 0.67236328125 0.0712890625 0.0458984375
0 0.1953125 0.6767578125 0.05859375 0.078125
0 0.19775390625 0.626953125 0.0673828125 0.05859375
0 0.2373046875 0.61474609375 0.103515625 0.0615234375
0 0.16259765625 0.6611328125 0.0439453125 0.03515625
0 0.21630859375 0.7724609375 0.0693359375 0.0390625
0 0.251953125 0.806640625 0.154296875 0.068359375
0 0.283203125 0.81494140625 0.099609375 0.0498046875
0 0.40087890625 0.79248046875 0.0654296875 0.0478515625
0 0.59033203125 0.77734375 0.0478515625 0.046875
0 0.52587890625 0.64208984375 0.0654296875 0.0517578125
0 0.5263671875 0.9375 0.080078125 0.037109375
0 0.84130859375 0.96826171875 0.0419921875 0.0634765625
0 0.5849609375 0.08251953125 0.064453125 0.1123046875
0 0.60595703125 0.04150390625 0.0361328125 0.0654296875
0 0.4296875 0.17236328125 0.056640625 0.0556640625
0 0.501953125 0.173828125 0.056640625 0.0625
0 0.5615234375 0.189453125 0.07421875 0.109375
0 0.39453125 0.25634765625 0.048828125 0.0458984375
0 0.5791015625 0.34423828125 0.04296875 0.0556640625
0 0.63671875 0.31689453125 0.064453125 0.0478515625
0 0.5205078125 0.3525390625 0.056640625 0.041015625
0 0.5771484375 0.44091796875 0.0625 0.0439453125
0 0.5947265625 0.40087890625 0.046875 0.0283203125
0 0.4638671875 0.50341796875 0.05078125 0.0986328125
0 0.79736328125 0.83349609375 0.0517578125 0.0302734375
0 0.763671875 0.77294921875 0.0390625 0.0419921875
0 0.91162109375 0.76318359375 0.0615234375 0.0380859375
0 0.91162109375 0.90185546875 0.0283203125 0.0458984375
0 0.82421875 0.67822265625 0.0546875 0.1064453125
0 0.73046875 0.6796875 0.05078125 0.048828125
0 0.75732421875 0.7119140625 0.0439453125 0.048828125
0 0.79443359375 0.72021484375 0.0517578125 0.0556640625
0 0.796875 0.65625 0.037109375 0.052734375
0 0.9267578125 0.4091796875 0.029296875 0.048828125
0 0.9736328125 0.4130859375 0.052734375 0.052734375
0 0.72705078125 0.33984375 0.0498046875 0.078125
0 0.763671875 0.53955078125 0.0546875 0.0673828125
0 0.21240234375 0.9736328125 0.0478515625 0.052734375
0 0.97314453125 0.8037109375 0.0537109375 0.0546875
0 0.724609375 0.21435546875 0.052734375 0.0361328125
0 0.81884765625 0.1767578125 0.0556640625 0.05859375
0 0.79736328125 0.0908203125 0.0654296875 0.068359375
0 0.837890625 0.103515625 0.048828125 0.095703125
0 0.76318359375 0.14208984375 0.0576171875 0.1240234375
0 0.94970703125 0.12890625 0.0478515625 0.111328125
0 0.98291015625 0.185546875 0.0341796875 0.06640625
0 0.9580078125 0.21142578125 0.052734375 0.0693359375
0 0.921875 0.19287109375 0.05859375 0.0830078125
0 0.8779296875 0.23486328125 0.052734375 0.0537109375
0 0.09130859375 0.9443359375 0.0908203125 0.048828125
0 0.16650390625 0.95654296875 0.0673828125 0.0361328125
