0 0.01220703125 0.6064453125 0.0244140625 0.060546875
0 0.03857421875 0.587890625 0.0771484375 0.0625
0 0.0634765625 0.27099609375 0.115234375 0.0947265625
0 0.17919921875 0.51171875 0.1064453125 0.13671875
0 0.09814453125 0.654296875 0.0966796875 0.1015625
0 0.0205078125 0.88720703125 0.041015625 0.0810546875
0 0.08984375 0.84814453125 0.1171875 0.0615234375
0 0.00927734375 0.97119140625 0.0185546875 0.0498046875
0 0.25244140625 0.94873046875 0.0693359375 0.0634765625
0 0.3291015625 0.88916015625 0.05859375 0.0615234375
0 0.23193359375 0.57666015625 0.0517578125 0.0927734375
0 0.29931640625 0.6298828125 0.0634765625 0.103515625
0 0.33984375 0.5126953125 0.06640625 0.095703125
0 0.3271484375 0.39306640625 0.044921875 0.0556640625
0 0.31103515625 0.326171875 0.0673828125 0.05859375
0 0.40966796875 0.93505859375 0.1025390625 0.0849609375
0 0.53271484375 0.94189453125 0.1044921875 0.1162109375
0 0.619140625 0.90673828125 0.078125 0.0615234375
0 0.65673828125 0.79296875 0.0673828125 0.076171875
0 0.6669921875 0.64208984375 0.08203125 0.0732421875
0 0.5693359375 0.55322265625 0.072265625 0.0849609375
0 0.431640625 0.4853515625 0.103515625 0.115234375
0 0.396484375 0.54736328125 0.05859375 0.0986328125
0 0.41796875 0.6279296875 0.056640625 0.068359375
0 0.59375 0.44873046875 0.0625 0.0654296875
0 0.50927734375 0.4208984375 0.0634765625 0.060546875
0 0.3935546875 0.3193359375 0.0703125 0.091796875
0 0.44287109375 0.203125 0.0693359375 0.087890625
0 0.63232421875 0.36572265625 0.0771484375 0.0712890625
0 0.705078125 0.28369140625 0.0859375 0.0712890625
0 0.8515625 0.23193359375 0.0703125 0.0673828125
0 0.8994140625 0.29052734375 0.06640625 0.0595703125
0 0.80322265625 0.31103515625 0.0537109375 0.0791015625
0 0.7705078125 0.38916015625 0.044921875 0.0791015625
0 0.85205078125 0.4169921875 0.0869140625 0.083984375
0 0.88818359375 0.38134765625 0.0595703125 0.0673828125
0 0.9609375 0.412109375 0.078125 0.078125
0 0.7236328125 0.50439453125 0.095703125 0.0712890625
0 0.64208984375 0.50341796875 0.0712890625 0.0751953125
0 0.8798828125 0.548828125 0.060546875 0.056640625
0 0.80615234375 0.580078125 0.0654296875 0.111328125
0 0.884765625 0.64453125 0.08203125 0.078125
0 0.94482421875 0.6123046875 0.0537109375 0.1171875
0 0.83203125 0.77294921875 0.068359375 0.0791015625
0 0.84423828125 0.8466796875 0.0673828125 0.083984375
0 0.76171875 0.93212890625 0.052734375 0.0673828125
0 0.984375 0.81640625 0.03125 0.072265625
0 0.953125 0.87451171875 0.0859375 0.0771484375
0 0.97314453125 0.9775390625 0.0439453125 0.044921875
0 0.6162109375 0.03515625 0.0859375 0.0703125
