0 0.04638671875 0.03369140625 0.0556640625 0.0673828125
0 0.38916015625 0.20361328125 0.0654296875 0.0673828125
0 0.935546875 0.74951171875 0.087890625 0.0576171875
0 0.65087890625 0.0830078125 0.0791015625 0.076171875
0 0.0693359375 0.45068359375 0.078125 0.1005859375
0 0.46875 0.3779296875 0.05859375 0.142578125
0 0.28271484375 0.607421875 0.1689453125 0.06640625
0 0.548828125 0.50341796875 0.09375 0.0947265625
0 0.70556640625 0.08984375 0.0556640625 0.0859375
0 0.7568359375 0.0576171875 0.0390625 0.052734375
0 0.2431640625 0.3583984375 0.044921875 0.11328125
0 0.71923828125 0.77783203125 0.0576171875 0.0908203125
0 0.62939453125 0.3623046875 0.1357421875 0.162109375
0 0.50439453125 0.87060546875 0.0556640625 0.0439453125
0 0.173828125 0.3681640625 0.07421875 0.125
0 0.6455078125 0.70703125 0.05078125 0.083984375
0 0.27734375 0.1611328125 0.087890625 0.0703125
0 0.7392578125 0.685546875 0.087890625 0.0546875
0 0.59423828125 0.07861328125 0.0283203125 0.0771484375
0 0.4736328125 0.853515625 0.06640625 0.029296875
0 0.66015625 0.91845703125 0.05078125 0.0654296875
0 0.23876953125 0.49853515625 0.1240234375 0.1181640625
0 0.8349609375 0.0302734375 0.1015625 0.05859375
0 0.8720703125 0.83740234375 0.05078125 0.1201171875
0 0.0771484375 0.64794921875 0.154296875 0.0400390625
0 0.37255859375 0.47021484375 0.0771484375 0.1298828125
0 0.57080078125 0.24609375 0.0712890625 0.0703125
0 0.02978515625 0.1572265625 0.0595703125 0.095703125
0 0.36669921875 0.02392578125 0.0458984375 0.0458984375
0 0.97265625 0.63525390625 0.037109375 0.0654296875
0 0.12353515625 0.5693359375 0.1787109375 0.046875
0 0.5341796875 0.70703125 0.177734375 0.0625
0 0.78759765625 0.67822265625 0.0380859375 0.0556640625
0 0.751953125 0.16162109375 0.1484375 0.0439453125
0 0.25390625 0.353515625 0.125 0.060546875
0 0.62109375 0.9775390625 0.029296875 0.04296875
0 0.09033203125 0.30615234375 0.0478515625 0.0771484375
0 0.814453125 0.8515625 0.0546875 0.0546875
0 0.8330078125 0.19140625 0.166015625 0.08203125
0 0.49853515625 0.32568359375 0.0771484375 0.2099609375
0 0.578125 0.06640625 0.025390625 0.076171875
0 0.02783203125 0.52294921875 0.0556640625 0.0654296875
0 0.1787109375 0.61279296875 0.0625 0.0634765625
0 0.31591796875 0.92626953125 0.0947265625 0.0966796875
0 0.07958984375 0.60107421875 0.0634765625 0.0283203125
0 0.0703125 0.7373046875 0.140625 0.107421875
0 0.48291015625 0.9609375 0.2080078125 0.078125
0 0.78369140625 0.8037109375 0.0673828125 0.03515625
0 0.4326171875 0.5498046875 0.05859375 0.056640625
0 0.9775390625 0.86962890625 0.044921875 0.1806640625
0 0.94677734375 0.876953125 0.0615234375 0.044921875
0 0.17529296875 0.32470703125 0.1123046875 0.0634765625
0 0.10498046875 0.19580078125 0.1103515625 0.0419921875
0 0.5390625 0.33642578125 0.05859375 0.0380859375
0 0.54248046875 0.2236328125 0.0947265625 0.041015625
0 0.52587890625 0.44287109375 0.0458984375 0.0556640625
0 0.75244140625 0.01904296875 0.0322265625 0.0380859375
0 0.59912109375 0.009765625 0.0556640625 0.01953125
0 0.9853515625 0.4248046875 0.029296875 0.048828125
