0 0.16015625 0.15087890625 0.072265625 0.1005859375
0 0.11376953125 0.24560546875 0.0771484375 0.1123046875
0 0.19482421875 0.27880859375 0.0869140625 0.0634765625
0 0.2373046875 0.19873046875 0.06640625 0.0732421875
0 0.294921875 0.19091796875 0.05078125 0.0595703125
0 0.44775390625 0.0458984375 0.1162109375 0.078125
0 0.47216796875 0.28515625 0.0537109375 0.0625
0 0.23046875 0.3486328125 0.09375 0.0625
0 0.16357421875 0.3515625 0.0615234375 0.0703125
0 0.150390625 0.42626953125 0.091796875 0.0517578125
0 0.0400390625 0.306640625 0.056640625 0.06640625
0 0.06396484375 0.52978515625 0.0615234375 0.0693359375
0 0.2431640625 0.53173828125 0.072265625 0.0771484375
0 0.39599609375 0.49072265625 0.0595703125 0.0595703125
0 0.45068359375 0.36474609375 0.0869140625 0.0791015625
0 0.560546875 0.26904296875 0.05078125 0.0732421875
0 0.6044921875 0.29296875 0.06640625 0.07421875
0 0.57763671875 0.3662109375 0.0947265625 0.083984375
0 0.3544921875 0.0986328125 0.06640625 0.072265625
0 0.705078125 0.13037109375 0.060546875 0.0888671875
0 0.697265625 0.30419921875 0.064453125 0.0751953125
0 0.73291015625 0.341796875 0.0732421875 0.0625
0 0.669921875 0.41455078125 0.087890625 0.0712890625
0 0.53515625 0.4638671875 0.1015625 0.060546875
0 0.61474609375 0.48974609375 0.0693359375 0.0673828125
0 0.68017578125 0.51025390625 0.0517578125 0.0966796875
0 0.533203125 0.5390625 0.0625 0.08203125
0 0.24658203125 0.69140625 0.0927734375 0.0859375
0 0.2138671875 0.75 0.10546875 0.072265625
0 0.17041015625 0.81005859375 0.0888671875 0.0712890625
0 0.0751953125 0.82421875 0.0703125 0.0625
0 0.30224609375 0.85791015625 0.0712890625 0.0751953125
0 0.49560546875 0.84765625 0.0517578125 0.09375
0 0.40966796875 0.876953125 0.1083984375 0.05859375
0 0.40576171875 0.93994140625 0.0810546875 0.0654296875
0 0.12451171875 0.94482421875 0.0634765625 0.0693359375
0 0.71630859375 0.97119140625 0.0634765625 0.0576171875
0 0.65185546875 0.98681640625 0.0576171875 0.0263671875
0 0.69677734375 0.62890625 0.0595703125 0.060546875
0 0.72607421875 0.69287109375 0.0654296875 0.0576171875
0 0.556640625 0.70068359375 0.0625 0.0654296875
0 0.666015625 0.8701171875 0.068359375 0.06640625
0 0.7998046875 0.8955078125 0.068359375 0.068359375
0 0.927734375 0.8916015625 0.072265625 0.07421875
0 0.8798828125 0.52587890625 0.095703125 0.0732421875
0 0.974609375 0.51904296875 0.05078125 0.0751953125
0 0.92333984375 0.44482421875 0.0556640625 0.0556640625
0 0.90380859375 0.38330078125 0.0654296875 0.0654296875
0 0.97216796875 0.4560546875 0.0556640625 0.060546875
0 0.798828125 0.40234375 0.0859375 0.0625
0 0.76708984375 0.57421875 0.0751953125 0.0625
0 0.86279296875 0.2421875 0.0654296875 0.078125
0 0.818359375 0.1240234375 0.060546875 0.11328125
0 0.7978515625 0.0517578125 0.07421875 0.083984375
0 0.8642578125 0.048828125 0.09375 0.09765625
0 0.94970703125 0.10888671875 0.0732421875 0.0634765625
0 0.9814453125 0.08203125 0.037109375 0.05859375
0 0.830078125 0.79541015625 0.05859375 0.0576171875
0 0.06689453125 0.06591796875 0.0732421875 0.0615234375
0 0.16015625 0.0244140625 0.103515625 0.044921875
0 0.0771484375 0.0283203125 0.080078125 0.056640625
0 0.02587890625 0.365234375 0.0498046875 0.09765625
0 0.01416015625 0.9111328125 0.0283203125 0.041015625
0 0.0263671875 0.677734375 0.048828125 0.056640625
0 0.4775390625 0.49169921875 0.052734375 0.0595703125
0 0.5673828125 0.01171875 0.0546875 0.0234375
0 0.08984375 0.9677734375 0.060546875 0.048828125
0 0.03271484375 0.9541015625 0.0654296875 0.056640625
