0 0.39892578125 0.0517578125 0.0810546875 0.087890625
0 0.89111328125 0.0830078125 0.0654296875 0.10546875
0 0.431640625 0.3955078125 0.095703125 0.07421875
0 0.98193359375 0.07568359375 0.0361328125 0.1044921875
0 0.380859375 0.216796875 0.109375 0.056640625
0 0.29052734375 0.10791015625 0.1083984375 0.1142578125
0 0.84033203125 0.357421875 0.0791015625 0.052734375
0 0.76611328125 0.76171875 0.1044921875 0.052734375
0 0.41064453125 0.94287109375 0.1044921875 0.0517578125
0 0.5830078125 0.96533203125 0.06640625 0.0693359375
0 0.74853515625 0.13671875 0.0947265625 0.072265625
0 0.07568359375 0.79541015625 0.1416015625 0.0576171875
0 0.60400390625 0.06103515625 0.0888671875 0.0908203125
0 0.4931640625 0.08837890625 0.095703125 0.0439453125
0 0.90283203125 0.2705078125 0.1005859375 0.041015625
0 0.56103515625 0.416015625 0.0908203125 0.091796875
0 0.9091796875 0.3515625 0.083984375 0.080078125
0 0.46142578125 0.16259765625 0.1298828125 0.0498046875
0 0.63525390625 0.97265625 0.0771484375 0.0546875
0 0.099609375 0.0537109375 0.07421875 0.0546875
0 0.556640625 0.68798828125 0.08984375 0.0830078125
0 0.11767578125 0.12060546875 0.1240234375 0.0556640625
0 0.24365234375 0.7900390625 0.1416015625 0.064453125
0 0.5537109375 0.73486328125 0.0703125 0.0576171875
0 0.10498046875 0.4208984375 0.0751953125 0.04296875
0 0.24072265625 0.8564453125 0.0908203125 0.041015625
0 0.61474609375 0.3662109375 0.0810546875 0.08203125
0 0.5771484375 0.8115234375 0.091796875 0.03515625
0 0.56640625 0.08984375 0.06640625 0.083984375
0 0.25634765625 0.12158203125 0.0751953125 0.0986328125
0 0.16943359375 0.68896484375 0.0517578125 0.1142578125
0 0.21240234375 0.92724609375 0.0830078125 0.0595703125
0 0.77978515625 0.3916015625 0.1142578125 0.0859375
0 0.681640625 0.37646484375 0.1484375 0.0869140625
0 0.779296875 0.80517578125 0.064453125 0.0439453125
0 0.66796875 0.48583984375 0.099609375 0.0537109375
0 0.57177734375 0.28955078125 0.1826171875 0.0888671875
0 0.48583984375 0.224609375 0.1103515625 0.037109375
0 0.3076171875 0.455078125 0.13671875 0.1015625
0 0.1044921875 0.0341796875 0.072265625 0.06640625
0 0.2919921875 0.96728515625 0.083984375 0.0576171875
0 0.7783203125 0.07958984375 0.064453125 0.1533203125
0 0.5283203125 0.9658203125 0.119140625 0.068359375
0 0.0166015625 0.5078125 0.033203125 0.0390625
0 0.91796875 0.4609375 0.146484375 0.06640625
0 0.2666015625 0.98095703125 0.05859375 0.0380859375
0 0.9443359375 0.1328125 0.0546875 0.03515625
0 0.37890625 0.337890625 0.08984375 0.05859375
0 0.9921875 0.3271484375 0.015625 0.107421875
0 0.5341796875 0.46435546875 0.103515625 0.0478515625
0 0.916015625 0.83935546875 0.083984375 0.0458984375
0 0.0244140625 0.45556640625 0.048828125 0.0380859375
0 0.93505859375 0.46142578125 0.1298828125 0.0751953125
0 0.35498046875 0.30322265625 0.0810546875 0.0537109375
0 0.1318359375 0.7392578125 0.091796875 0.052734375
0 0.1103515625 0.61474609375 0.078125 0.1201171875
0 0.0869140625 0.97998046875 0.171875 0.0400390625
0 0.2294921875 0.837890625 0.099609375 0.04296875
0 0.21044921875 0.451171875 0.0869140625 0.05078125
0 0.02880859375 0.8203125 0.0576171875 0.052734375
0 0.576171875 0.79541015625 0.08984375 0.0322265625
0 0.06396484375 0.5810546875 0.1083984375 0.04296875
0 0.7255859375 0.68896484375 0.0703125 0.0576171875
0 0.916015625 0.36328125 0.080078125 0.0703125
0 0.70751953125 0.63525390625 0.1220703125 0.0458984375
0 0.7998046875 0.9716796875 0.162109375 0.0546875
0 0.05517578125 0.5302734375 0.1103515625 0.04296875
0 0.38720703125 0.474609375 0.0908203125 0.056640625
0 0.447265625 0.4736328125 0.087890625 0.05078125
0 0.904296875 0.505859375 0.099609375 0.048828125
0 0.57421875 0.5029296875 0.0625 0.037109375
0 0.2685546875 0.3193359375 0.13671875 0.1015625
0 0.24951171875 0.3935546875 0.0576171875 0.048828125
0 0.97265625 0.32421875 0.03515625 0.04296875
0 0.974609375 0.240234375 0.05078125 0.041015625
0 0.3056640625 0.07080078125 0.06640625 0.0478515625
0 0.0185546875 0.353515625 0.037109375 0.046875
0 0.2802734375 0.04833984375 0.130859375 0.0966796875
0 0.01708984375 0.12939453125 0.0341796875 0.0517578125
