0 0.048828125 0.79150390625 0.068359375 0.0751953125
0 0.10107421875 0.6298828125 0.0888671875 0.091796875
0 0.248046875 0.86328125 0.0703125 0.083984375
0 0.267578125 0.80419921875 0.076171875 0.0712890625
0 0.3291015625 0.71875 0.076171875 0.076171875
0 0.52197265625 0.77783203125 0.0771484375 0.0693359375
0 0.58837890625 0.767578125 0.0791015625 0.0703125
0 0.576171875 0.67724609375 0.103515625 0.0908203125
0 0.5693359375 0.59765625 0.07421875 0.0703125
0 0.4013671875 0.68310546875 0.09375 0.0810546875
0 0.34033203125 0.64599609375 0.0830078125 0.0595703125
0 0.17919921875 0.55322265625 0.0771484375 0.0673828125
0 0.29736328125 0.60302734375 0.1044921875 0.0888671875
0 0.07373046875 0.43310546875 0.0712890625 0.0966796875
0 0.1669921875 0.38134765625 0.076171875 0.0732421875
0 0.025390625 0.24462890625 0.05078125 0.0771484375
0 0.134765625 0.16796875 0.076171875 0.076171875
0 0.14892578125 0.23828125 0.0947265625 0.0625
0 0.25634765625 0.29150390625 0.0791015625 0.0810546875
0 0.42529296875 0.310546875 0.1005859375 0.080078125
0 0.31201171875 0.19580078125 0.0927734375 0.0771484375
0 0.4609375 0.14013671875 0.078125 0.1083984375
0 0.52197265625 0.11962890625 0.0888671875 0.0732421875
0 0.357421875 0.10791015625 0.0703125 0.0654296875
0 0.3818359375 0.1865234375 0.05078125 0.091796875
0 0.552734375 0.3212890625 0.083984375 0.068359375
0 0.53564453125 0.36767578125 0.0595703125 0.0595703125
0 0.64892578125 0.19287109375 0.1103515625 0.0751953125
0 0.7666015625 0.224609375 0.1015625 0.06640625
0 0.66162109375 0.0908203125 0.1005859375 0.099609375
0 0.7880859375 0.10693359375 0.162109375 0.1025390625
0 0.935546875 0.22900390625 0.12890625 0.0751953125
0 0.86328125 0.26708984375 0.095703125 0.0693359375
0 0.92919921875 0.2890625 0.0849609375 0.068359375
0 0.88427734375 0.34326171875 0.0634765625 0.0595703125
0 0.80712890625 0.57470703125 0.0927734375 0.0810546875
0 0.01513671875 0.5078125 0.0302734375 0.078125
0 0.9677734375 0.681640625 0.064453125 0.0625
0 0.78759765625 0.77490234375 0.0654296875 0.0888671875
0 0.8544921875 0.7021484375 0.048828125 0.091796875
0 0.90234375 0.72705078125 0.056640625 0.0810546875
0 0.95703125 0.75341796875 0.0703125 0.0751953125
0 0.72314453125 0.859375 0.0849609375 0.078125
0 0.9765625 0.9638671875 0.046875 0.068359375
0 0.8525390625 0.0458984375 0.09375 0.083984375
0 0.33056640625 0.78466796875 0.0693359375 0.0732421875
0 0.34326171875 0.56201171875 0.0869140625 0.0810546875
0 0.2548828125 0.25 0.0546875 0.033203125
0 0.61962890625 0.02880859375 0.0634765625 0.0576171875
0 0.7255859375 0.01806640625 0.05859375 0.0361328125
0 0.98583984375 0.06689453125 0.0283203125 0.0771484375
0 0.6748046875 0.14697265625 0.103515625 0.0556640625
0 0.36962890625 0.78662109375 0.0517578125 0.0517578125
