0 0.43017578125 0.18408203125 0.0732421875 0.1591796875
0 0.09033203125 0.375 0.0888671875 0.150390625
0 0.19189453125 0.322265625 0.1005859375 0.109375
0 0.20556640625 0.4033203125 0.1064453125 0.080078125
0 0.32177734375 0.39453125 0.0634765625 0.06640625
0 0.44287109375 0.4794921875 0.1103515625 0.068359375
0 0.49267578125 0.37548828125 0.0673828125 0.0751953125
0 0.5732421875 0.470703125 0.06640625 0.0625
0 0.4580078125 0.55517578125 0.076171875 0.0654296875
0 0.0380859375 0.48046875 0.07421875 0.080078125
0 0.1328125 0.5947265625 0.0859375 0.064453125
0 0.15185546875 0.6796875 0.0791015625 0.080078125
0 0.359375 0.72900390625 0.06640625 0.0712890625
0 0.443359375 0.7763671875 0.06640625 0.119140625
0 0.3857421875 0.82080078125 0.0625 0.0751953125
0 0.2373046875 0.8642578125 0.103515625 0.107421875
0 0.158203125 0.90185546875 0.115234375 0.1357421875
0 0.0400390625 0.76953125 0.078125 0.1015625
0 0.02978515625 0.85791015625 0.0576171875 0.0693359375
0 0.36865234375 0.9736328125 0.1142578125 0.052734375
0 0.57568359375 0.955078125 0.1005859375 0.08984375
0 0.56103515625 0.88232421875 0.0791015625 0.0654296875
0 0.681640625 0.84814453125 0.07421875 0.0654296875
0 0.74169921875 0.92529296875 0.1044921875 0.0732421875
0 0.818359375 0.76708984375 0.072265625 0.0654296875
0 0.77978515625 0.70068359375 0.0615234375 0.1123046875
0 0.72265625 0.64306640625 0.0625 0.1005859375
0 0.9013671875 0.8818359375 0.091796875 0.076171875
0 0.77197265625 0.8564453125 0.0869140625 0.0625
0 0.91455078125 0.52099609375 0.0673828125 0.0830078125
0 0.9833984375 0.47216796875 0.033203125 0.0693359375
0 0.81884765625 0.42138671875 0.0712890625 0.0712890625
0 0.88671875 0.46337890625 0.064453125 0.0810546875
0 0.7021484375 0.50341796875 0.0859375 0.0654296875
0 0.81005859375 0.5302734375 0.0595703125 0.060546875
0 0.693359375 0.32080078125 0.091796875 0.1025390625
0 0.6865234375 0.373046875 0.05078125 0.0703125
0 0.68212890625 0.23828125 0.0654296875 0.099609375
0 0.7734375 0.1962890625 0.068359375 0.080078125
0 0.85693359375 0.3251953125 0.1025390625 0.080078125
0 0.79541015625 0.3583984375 0.0791015625 0.07421875
0 0.96240234375 0.29345703125 0.0751953125 0.1337890625
0 0.4326171875 0.3564453125 0.064453125 0.080078125
0 0.0458984375 0.28466796875 0.091796875 0.0771484375
0 0.1181640625 0.22021484375 0.056640625 0.0771484375
0 0.47998046875 0.2998046875 0.0556640625 0.068359375
0 0.02001953125 0.62548828125 0.0400390625 0.0712890625
0 0.16162109375 0.51611328125 0.0556640625 0.0576171875
0 0.9541015625 0.59716796875 0.060546875 0.0439453125
0 0.427734375 0.71337890625 0.06640625 0.0908203125
0 0.03271484375 0.93408203125 0.0654296875 0.0849609375
