0 0.02392578125 0.966796875 0.0478515625 0.06640625
0 0.05126953125 0.76416015625 0.0595703125 0.0791015625
0 0.06298828125 0.8720703125 0.1259765625 0.09765625
0 0.037109375 0.4443359375 0.07421875 0.078125
0 0.08349609375 0.49609375 0.0673828125 0.08984375
0 0.08935546875 0.0791015625 0.0634765625 0.091796875
0 0.19677734375 0.16845703125 0.1142578125 0.0693359375
0 0.20166015625 0.041015625 0.0771484375 0.060546875
0 0.40869140625 0.13916015625 0.0751953125 0.1181640625
0 0.509765625 0.1279296875 0.08203125 0.146484375
0 0.57373046875 0.27001953125 0.1904296875 0.1650390625
0 0.44287109375 0.326171875 0.0810546875 0.08984375
0 0.10595703125 0.2626953125 0.1708984375 0.109375
0 0.2314453125 0.32666015625 0.150390625 0.0849609375
0 0.2578125 0.40380859375 0.09375 0.0732421875
0 0.18359375 0.5087890625 0.07421875 0.142578125
0 0.34033203125 0.51611328125 0.1650390625 0.0810546875
0 0.35498046875 0.45556640625 0.0615234375 0.0458984375
0 0.5078125 0.38916015625 0.083984375 0.0595703125
0 0.50146484375 0.4501953125 0.0595703125 0.044921875
0 0.4541015625 0.599609375 0.076171875 0.19921875
0 0.5625 0.55224609375 0.04296875 0.1201171875
0 0.6220703125 0.533203125 0.072265625 0.08203125
0 0.72900390625 0.5517578125 0.0830078125 0.087890625
0 0.83642578125 0.380859375 0.0732421875 0.1796875
0 0.908203125 0.52685546875 0.0859375 0.1513671875
0 0.9365234375 0.46630859375 0.126953125 0.0947265625
0 0.7685546875 0.11279296875 0.109375 0.1318359375
0 0.6591796875 0.11328125 0.123046875 0.138671875
0 0.943359375 0.1669921875 0.09375 0.1796875
0 0.33447265625 0.7783203125 0.0810546875 0.060546875
0 0.2265625 0.88818359375 0.12890625 0.1337890625
0 0.357421875 0.89453125 0.083984375 0.140625
0 0.52783203125 0.89306640625 0.1220703125 0.1103515625
0 0.68701171875 0.89453125 0.1103515625 0.193359375
0 0.67626953125 0.74365234375 0.1396484375 0.2080078125
0 0.798828125 0.8564453125 0.095703125 0.18359375
0 0.8623046875 0.66259765625 0.150390625 0.1572265625
0 0.9658203125 0.72509765625 0.068359375 0.0693359375
0 0.0107421875 0.29833984375 0.021484375 0.1220703125
0 0.6201171875 0.45458984375 0.087890625 0.1064453125
0 0.60888671875 0.25341796875 0.1162109375 0.1142578125
