0 0.35791015625 0.669921875 0.0634765625 0.064453125
0 0.09765625 0.5634765625 0.09765625 0.224609375
0 0.28369140625 0.013671875 0.1005859375 0.02734375
0 0.7744140625 0.36962890625 0.103515625 0.1181640625
0 0.58154296875 0.2685546875 0.0771484375 0.068359375
0 0.38671875 0.01220703125 0.083984375 0.0244140625
0 0.91796875 0.6064453125 0.1640625 0.1171875
0 0.546875 0.779296875 0.0625 0.06640625
0 0.6005859375 0.70458984375 0.09765625 0.1142578125
0 0.08349609375 0.89404296875 0.1669921875 0.0751953125
0 0.5419921875 0.11962890625 0.091796875 0.1865234375
0 0.25 0.0927734375 0.12890625 0.173828125
0 0.60107421875 0.1484375 0.0771484375 0.146484375
0 0.056640625 0.0810546875 0.107421875 0.123046875
0 0.9482421875 0.923828125 0.103515625 0.111328125
0 0.86572265625 0.15380859375 0.1005859375 0.1103515625
0 0.67822265625 0.50537109375 0.0947265625 0.0908203125
0 0.30322265625 0.947265625 0.1025390625 0.087890625
0 0.85107421875 0.4775390625 0.0908203125 0.1796875
0 0.4267578125 0.27587890625 0.095703125 0.1357421875
0 0.7802734375 0.06494140625 0.1796875 0.1298828125
0 0.23974609375 0.96484375 0.1396484375 0.068359375
0 0.3330078125 0.9228515625 0.123046875 0.1328125
0 0.80419921875 0.82568359375 0.0771484375 0.0771484375
0 0.0234375 0.38330078125 0.046875 0.0869140625
0 0.8232421875 0.4033203125 0.1640625 0.091796875
0 0.4775390625 0.078125 0.091796875 0.109375
0 0.16796875 0.0625 0.0859375 0.1171875
0 0.91552734375 0.05419921875 0.1162109375 0.0693359375
0 0.5537109375 0.033203125 0.076171875 0.06640625
