0 0.29443359375 0.2880859375 0.1103515625 0.107421875
0 0.3251953125 0.7314453125 0.072265625 0.078125
0 0.67333984375 0.68798828125 0.1669921875 0.0673828125
0 0.16796875 0.5107421875 0.09765625 0.078125
0 0.08447265625 0.38818359375 0.0751953125 0.1630859375
0 0.533203125 0.19970703125 0.13671875 0.0751953125
0 0.6123046875 0.5263671875 0.123046875 0.11328125
0 0.79150390625 0.47509765625 0.1650390625 0.0849609375
0 0.66455078125 0.23095703125 0.1142578125 0.1474609375
0 0.18603515625 0.8291015625 0.1279296875 0.125
0 0.3359375 0.86962890625 0.078125 0.0693359375
0 0.53955078125 0.96240234375 0.1806640625 0.0751953125
0 0.0283203125 0.77294921875 0.056640625 0.1025390625
0 0.380859375 0.34423828125 0.123046875 0.1103515625
0 0.73291015625 0.8974609375 0.1123046875 0.080078125
0 0.4345703125 0.591796875 0.125 0.0703125
0 0.193359375 0.31787109375 0.11328125 0.0576171875
0 0.7919921875 0.7861328125 0.17578125 0.142578125
0 0.6220703125 0.77685546875 0.064453125 0.1044921875
0 0.35205078125 0.14306640625 0.2841796875 0.1376953125
0 0.12548828125 0.9306640625 0.0673828125 0.09765625
0 0.31201171875 0.62060546875 0.1357421875 0.0576171875
0 0.845703125 0.91455078125 0.1328125 0.0908203125
0 0.30810546875 0.412109375 0.1376953125 0.07421875
0 0.85791015625 0.96923828125 0.2763671875 0.0615234375
0 0.12939453125 0.724609375 0.0576171875 0.080078125
0 0.27783203125 0.9658203125 0.2080078125 0.068359375
0 0.810546875 0.26708984375 0.087890625 0.2294921875
0 0.880859375 0.57958984375 0.162109375 0.1943359375
0 0.60791015625 0.86865234375 0.1123046875 0.0576171875
0 0.4619140625 0.640625 0.099609375 0.052734375
0 0.30078125 0.0634765625 0.197265625 0.123046875
0 0.65966796875 0.92041015625 0.1025390625 0.0771484375
0 0.904296875 0.0322265625 0.14453125 0.060546875
0 0.939453125 0.90234375 0.08984375 0.0703125
0 0.58349609375 0.7021484375 0.0771484375 0.0703125
0 0.58349609375 0.56787109375 0.0693359375 0.0673828125
0 0.1904296875 0.08837890625 0.15234375 0.1376953125
0 0.17431640625 0.7822265625 0.0595703125 0.0703125
0 0.1005859375 0.83203125 0.09765625 0.05078125
0 0.33349609375 0.533203125 0.1025390625 0.142578125
0 0.345703125 0.4443359375 0.123046875 0.080078125
0 0.3310546875 0.15966796875 0.072265625 0.1650390625
0 0.9658203125 0.10693359375 0.068359375 0.0693359375
0 0.76806640625 0.02587890625 0.0673828125 0.0478515625
0 0.78955078125 0.2392578125 0.1904296875 0.169921875
0 0.759765625 0.21240234375 0.134765625 0.0849609375
0 0.978515625 0.48291015625 0.04296875 0.0576171875
