0 0.0341796875 0.1064453125 0.068359375 0.1015625
0 0.3486328125 0.0400390625 0.125 0.080078125
0 0.36767578125 0.1728515625 0.0751953125 0.083984375
0 0.328125 0.19482421875 0.0625 0.0751953125
0 0.56005859375 0.15625 0.1162109375 0.072265625
0 0.58544921875 0.0927734375 0.0908203125 0.08203125
0 0.53564453125 0.203125 0.0634765625 0.080078125
0 0.5791015625 0.271484375 0.091796875 0.0859375
0 0.09130859375 0.33056640625 0.1455078125 0.0751953125
0 0.09326171875 0.3857421875 0.1005859375 0.056640625
0 0.24169921875 0.3681640625 0.0927734375 0.068359375
0 0.1806640625 0.46337890625 0.08984375 0.1005859375
0 0.173828125 0.52294921875 0.10546875 0.1572265625
0 0.2216796875 0.72705078125 0.123046875 0.0732421875
0 0.02490234375 0.3798828125 0.0498046875 0.10546875
0 0.03125 0.4765625 0.0625 0.0703125
0 0.42431640625 0.3466796875 0.1025390625 0.052734375
0 0.37158203125 0.34130859375 0.1376953125 0.0888671875
0 0.52001953125 0.345703125 0.0986328125 0.060546875
0 0.59423828125 0.3994140625 0.0498046875 0.046875
0 0.5576171875 0.42919921875 0.0625 0.0654296875
0 0.447265625 0.48828125 0.078125 0.111328125
0 0.3857421875 0.50927734375 0.064453125 0.0517578125
0 0.6962890625 0.3662109375 0.107421875 0.041015625
0 0.751953125 0.31005859375 0.115234375 0.0693359375
0 0.79345703125 0.2822265625 0.0791015625 0.115234375
0 0.90771484375 0.2880859375 0.0888671875 0.076171875
0 0.8955078125 0.36572265625 0.07421875 0.0595703125
0 0.79931640625 0.44384765625 0.0966796875 0.1025390625
0 0.71826171875 0.42578125 0.0771484375 0.0859375
0 0.9130859375 0.1826171875 0.0859375 0.091796875
0 0.96630859375 0.20458984375 0.0673828125 0.0576171875
0 0.97607421875 0.24462890625 0.0478515625 0.0673828125
0 0.97314453125 0.3505859375 0.0537109375 0.05859375
0 0.955078125 0.4921875 0.072265625 0.12890625
0 0.98876953125 0.4990234375 0.0224609375 0.076171875
0 0.55322265625 0.810546875 0.1181640625 0.080078125
0 0.62548828125 0.85888671875 0.0595703125 0.0791015625
0 0.70166015625 0.822265625 0.0654296875 0.0625
0 0.837890625 0.77294921875 0.087890625 0.0498046875
0 0.8701171875 0.814453125 0.080078125 0.05859375
0 0.7685546875 0.87548828125 0.0546875 0.0673828125
0 0.65478515625 0.94287109375 0.0732421875 0.0498046875
0 0.158203125 0.861328125 0.15625 0.083984375
0 0.34228515625 0.9013671875 0.1201171875 0.08984375
0 0.3203125 0.966796875 0.13671875 0.06640625
0 0.39697265625 0.9736328125 0.0673828125 0.052734375
0 0.4619140625 0.9892578125 0.119140625 0.021484375
0 0.712890625 0.98583984375 0.091796875 0.0283203125
0 0.81689453125 0.97119140625 0.1005859375 0.0576171875
0 0.8671875 0.943359375 0.08203125 0.0546875
0 0.9267578125 0.91552734375 0.107421875 0.1162109375
0 0.93212890625 0.82177734375 0.0634765625 0.0908203125
0 0.97119140625 0.81396484375 0.0576171875 0.0732421875
0 0.994140625 0.986328125 0.01171875 0.02734375
0 0.04443359375 0.296875 0.0458984375 0.099609375
0 0.55029296875 0.31787109375 0.1005859375 0.0830078125
0 0.67578125 0.56298828125 0.068359375 0.0693359375
