0 0.1650390625 0.04150390625 0.05859375 0.0830078125
0 0.03515625 0.54052734375 0.0703125 0.1181640625
0 0.03515625 0.91552734375 0.0703125 0.0732421875
0 0.5107421875 0.4384765625 0.173828125 0.279296875
0 0.779296875 0.70947265625 0.287109375 0.1982421875
0 0.779296875 0.18994140625 0.173828125 0.1103515625
0 0.19140625 0.89208984375 0.12109375 0.1142578125
0 0.34326171875 0.4140625 0.2197265625 0.111328125
0 0.56884765625 0.3759765625 0.2216796875 0.103515625
0 0.26416015625 0.2109375 0.0908203125 0.28515625
0 0.75390625 0.41845703125 0.087890625 0.0810546875
0 0.13037109375 0.177734375 0.1298828125 0.126953125
0 0.25244140625 0.0517578125 0.0986328125 0.103515625
0 0.1650390625 0.775390625 0.1328125 0.17578125
0 0.056640625 0.82275390625 0.11328125 0.0947265625
0 0.9453125 0.5615234375 0.109375 0.361328125
0 0.6904296875 0.017578125 0.076171875 0.03515625
0 0.13671875 0.95849609375 0.1171875 0.0830078125
0 0.72509765625 0.23486328125 0.1025390625 0.0908203125
0 0.32373046875 0.57421875 0.2333984375 0.09375
0 0.4921875 0.29833984375 0.158203125 0.1650390625
0 0.5478515625 0.87451171875 0.130859375 0.0947265625
0 0.07958984375 0.056640625 0.1337890625 0.11328125
0 0.7900390625 0.92578125 0.09375 0.1484375
0 0.6142578125 0.65625 0.2109375 0.1328125
0 0.03125 0.71875 0.0625 0.078125
0 0.37353515625 0.10546875 0.1083984375 0.2109375
0 0.47314453125 0.03662109375 0.1494140625 0.0732421875
0 0.32421875 0.04736328125 0.091796875 0.0908203125
0 0.0224609375 0.19384765625 0.044921875 0.0732421875
