0 0.326171875 0.77978515625 0.09375 0.1201171875
0 0.05859375 0.828125 0.1171875 0.09765625
0 0.36962890625 0.60107421875 0.1396484375 0.1083984375
0 0.1025390625 0.3095703125 0.12890625 0.140625
0 0.474609375 0.671875 0.115234375 0.140625
0 0.0791015625 0.11328125 0.107421875 0.08203125
0 0.41845703125 0.4072265625 0.1630859375 0.08984375
0 0.154296875 0.40478515625 0.189453125 0.0869140625
0 0.58447265625 0.61572265625 0.1748046875 0.1767578125
0 0.2900390625 0.5908203125 0.0859375 0.09765625
0 0.3056640625 0.93212890625 0.1875 0.1357421875
0 0.52197265625 0.224609375 0.1103515625 0.189453125
0 0.14111328125 0.70263671875 0.2275390625 0.3427734375
0 0.48095703125 0.1767578125 0.0869140625 0.1796875
0 0.65087890625 0.26171875 0.1669921875 0.0703125
0 0.7763671875 0.07861328125 0.447265625 0.1298828125
0 0.96728515625 0.95068359375 0.0654296875 0.0830078125
0 0.12841796875 0.50732421875 0.2568359375 0.1650390625
0 0.66796875 0.20947265625 0.1015625 0.2900390625
0 0.23779296875 0.45068359375 0.0673828125 0.0771484375
