0 0.96630859375 0.0810546875 0.0673828125 0.078125
0 0.12353515625 0.02880859375 0.0908203125 0.0576171875
0 0.5380859375 0.5654296875 0.068359375 0.0546875
0 0.4033203125 0.765625 0.083984375 0.083984375
0 0.82763671875 0.14501953125 0.0712890625 0.1142578125
0 0.70166015625 0.43310546875 0.0947265625 0.0712890625
0 0.32373046875 0.56787109375 0.0888671875 0.0791015625
0 0.32470703125 0.232421875 0.0908203125 0.111328125
0 0.3583984375 0.4931640625 0.083984375 0.07421875
0 0.5712890625 0.0859375 0.12890625 0.1015625
0 0.04248046875 0.62548828125 0.0849609375 0.0654296875
0 0.16796875 0.24267578125 0.0703125 0.0654296875
0 0.466796875 0.69873046875 0.08203125 0.0908203125
0 0.60400390625 0.50732421875 0.0966796875 0.1201171875
0 0.306640625 0.30126953125 0.087890625 0.0908203125
0 0.1611328125 0.2158203125 0.125 0.08984375
0 0.19873046875 0.03515625 0.0966796875 0.0703125
0 0.3701171875 0.1484375 0.064453125 0.06640625
0 0.33056640625 0.6611328125 0.0908203125 0.078125
0 0.3984375 0.04248046875 0.09765625 0.0849609375
0 0.4384765625 0.15673828125 0.076171875 0.0810546875
0 0.26611328125 0.80810546875 0.1142578125 0.0791015625
0 0.31298828125 0.9501953125 0.0869140625 0.099609375
0 0.025390625 0.76611328125 0.05078125 0.0908203125
0 0.126953125 0.796875 0.103515625 0.09375
0 0.0498046875 0.6025390625 0.09765625 0.07421875
0 0.7958984375 0.3994140625 0.083984375 0.099609375
0 0.95849609375 0.201171875 0.0810546875 0.068359375
0 0.9833984375 0.3974609375 0.033203125 0.095703125
0 0.587890625 0.14453125 0.12890625 0.0625
0 0.1123046875 0.322265625 0.134765625 0.080078125
0 0.216796875 0.37939453125 0.060546875 0.0947265625
0 0.14892578125 0.3798828125 0.0966796875 0.072265625
0 0.3212890625 0.14013671875 0.0703125 0.0712890625
0 0.271484375 0.1123046875 0.095703125 0.078125
