0 0.63720703125 0.23681640625 0.0849609375 0.0849609375
0 0.50048828125 0.23388671875 0.1025390625 0.0751953125
0 0.7099609375 0.4462890625 0.083984375 0.126953125
0 0.859375 0.02001953125 0.16796875 0.0400390625
0 0.80712890625 0.17333984375 0.1201171875 0.0771484375
0 0.69287109375 0.15966796875 0.1025390625 0.0849609375
0 0.6435546875 0.09814453125 0.09765625 0.0673828125
0 0.90087890625 0.4345703125 0.0927734375 0.060546875
0 0.96728515625 0.93701171875 0.0654296875 0.1005859375
0 0.79345703125 0.2412109375 0.0830078125 0.0625
0 0.86865234375 0.80908203125 0.0712890625 0.0986328125
0 0.92041015625 0.8701171875 0.0830078125 0.076171875
