0 0.17529296875 0.6533203125 0.1142578125 0.060546875
0 0.88134765625 0.29638671875 0.0595703125 0.0869140625
0 0.28125 0.490234375 0.087890625 0.05859375
0 0.9755859375 0.1669921875 0.044921875 0.087890625
0 0.6025390625 0.1396484375 0.05078125 0.072265625
0 0.82763671875 0.96484375 0.0537109375 0.06640625
0 0.98876953125 0.42236328125 0.0224609375 0.0380859375
0 0.734375 0.046875 0.064453125 0.08984375
0 0.5087890625 0.63818359375 0.078125 0.0927734375
0 0.6259765625 0.3193359375 0.072265625 0.080078125
0 0.0625 0.15771484375 0.06640625 0.0986328125
0 0.5234375 0.46630859375 0.07421875 0.0927734375
0 0.19091796875 0.095703125 0.0595703125 0.095703125
0 0.58251953125 0.6015625 0.0849609375 0.0703125
0 0.0400390625 0.904296875 0.080078125 0.056640625
0 0.18505859375 0.58056640625 0.0947265625 0.0537109375
0 0.75439453125 0.1279296875 0.0400390625 0.1015625
0 0.8525390625 0.72216796875 0.083984375 0.0849609375
0 0.14111328125 0.373046875 0.0869140625 0.0625
0 0.61181640625 0.01318359375 0.0595703125 0.0244140625
0 0.67626953125 0.4423828125 0.0419921875 0.099609375
0 0.56689453125 0.736328125 0.0830078125 0.04296875
0 0.8056640625 0.83154296875 0.025390625 0.0634765625
0 0.142578125 0.97509765625 0.08984375 0.0400390625
0 0.36669921875 0.74462890625 0.0830078125 0.0439453125
0 0.90966796875 0.02734375 0.0712890625 0.0546875
0 0.29931640625 0.458984375 0.0693359375 0.0546875
0 0.251953125 0.861328125 0.029296875 0.060546875
0 0.607421875 0.81689453125 0.044921875 0.1181640625
0 0.74609375 0.28662109375 0.05078125 0.0498046875
0 0.828125 0.33349609375 0.060546875 0.0517578125
0 0.53662109375 0.0859375 0.0283203125 0.0546875
0 0.96826171875 0.60498046875 0.0439453125 0.0693359375
0 0.0205078125 0.94140625 0.041015625 0.0390625
0 0.07080078125 0.22802734375 0.0771484375 0.0439453125
0 0.2587890625 0.2021484375 0.072265625 0.048828125
0 0.69384765625 0.62744140625 0.0419921875 0.0615234375
0 0.228515625 0.408203125 0.05859375 0.044921875
0 0.48974609375 0.52880859375 0.0517578125 0.0634765625
0 0.51513671875 0.83837890625 0.0732421875 0.0380859375
0 0.11328125 0.82373046875 0.05859375 0.0830078125
0 0.80419921875 0.87353515625 0.0517578125 0.0224609375
0 0.12939453125 0.27001953125 0.0810546875 0.0537109375
0 0.51953125 0.97265625 0.078125 0.037109375
0 0.046875 0.27685546875 0.09375 0.0556640625
0 0.41845703125 0.634765625 0.0673828125 0.0390625
0 0.3076171875 0.66455078125 0.048828125 0.0458984375
0 0.03564453125 0.56494140625 0.0712890625 0.0439453125
0 0.51806640625 0.0732421875 0.0400390625 0.060546875
0 0.6328125 0.28076171875 0.03515625 0.0634765625
0 0.76904296875 0.85400390625 0.0341796875 0.0615234375
0 0.576171875 0.2353515625 0.046875 0.037109375
0 0.42626953125 0.8251953125 0.0595703125 0.0546875
0 0.59912109375 0.033203125 0.0771484375 0.0625
0 0.6083984375 0.34375 0.0390625 0.044921875
0 0.421875 0.7607421875 0.056640625 0.107421875
0 0.29248046875 0.25732421875 0.0595703125 0.0458984375
0 0.5966796875 0.6103515625 0.046875 0.037109375
0 0.91748046875 0.93017578125 0.0634765625 0.0458984375
0 0.53076171875 0.20263671875 0.0634765625 0.0634765625
