0 0.025390625 0.0498046875 0.05078125 0.0390625
0 0.86376953125 0.04541015625 0.0419921875 0.0556640625
0 0.91748046875 0.05029296875 0.0458984375 0.0322265625
0 0.76953125 0.185546875 0.0625 0.033203125
0 0.68359375 0.13623046875 0.041015625 0.0302734375
0 0.74560546875 0.0400390625 0.0380859375 0.041015625
0 0.4228515625 0.02294921875 0.076171875 0.0458984375
0 0.16357421875 0.1513671875 0.0595703125 0.05078125
0 0.11083984375 0.205078125 0.0478515625 0.044921875
0 0.95361328125 0.39697265625 0.0361328125 0.0283203125
0 0.96728515625 0.43017578125 0.0380859375 0.0283203125
0 0.8642578125 0.46435546875 0.044921875 0.0673828125
0 0.89501953125 0.314453125 0.0283203125 0.029296875
0 0.76611328125 0.48193359375 0.0498046875 0.0654296875
0 0.69091796875 0.41748046875 0.0439453125 0.0478515625
0 0.765625 0.2646484375 0.048828125 0.04296875
0 0.60302734375 0.2373046875 0.0654296875 0.037109375
0 0.49658203125 0.32421875 0.0986328125 0.056640625
0 0.32861328125 0.2685546875 0.1181640625 0.056640625
0 0.31982421875 0.537109375 0.0517578125 0.04296875
0 0.57958984375 0.626953125 0.0712890625 0.03515625
0 0.025390625 0.29443359375 0.05078125 0.0478515625
0 0.0341796875 0.3125 0.052734375 0.01953125
0 0.0703125 0.3154296875 0.056640625 0.041015625
0 0.08203125 0.4970703125 0.08984375 0.044921875
0 0.021484375 0.60302734375 0.04296875 0.0595703125
0 0.0634765625 0.6611328125 0.08984375 0.04296875
0 0.046875 0.779296875 0.0390625 0.046875
0 0.14453125 0.7919921875 0.04296875 0.080078125
0 0.22509765625 0.77392578125 0.0693359375 0.0458984375
0 0.28857421875 0.79345703125 0.0693359375 0.1044921875
0 0.05517578125 0.9052734375 0.0712890625 0.052734375
0 0.12548828125 0.95703125 0.1181640625 0.0859375
0 0.33984375 0.947265625 0.06640625 0.04296875
0 0.52001953125 0.94140625 0.0537109375 0.09375
0 0.4541015625 0.95654296875 0.064453125 0.0419921875
0 0.41455078125 0.83154296875 0.0498046875 0.0283203125
0 0.37255859375 0.73974609375 0.0498046875 0.0498046875
0 0.50048828125 0.7080078125 0.0634765625 0.052734375
0 0.6064453125 0.73291015625 0.064453125 0.0380859375
0 0.7041015625 0.74072265625 0.048828125 0.0380859375
0 0.68017578125 0.8662109375 0.0361328125 0.046875
0 0.5966796875 0.814453125 0.033203125 0.02734375
0 0.84814453125 0.7197265625 0.0478515625 0.05078125
0 0.7890625 0.97802734375 0.052734375 0.0439453125
0 0.86865234375 0.8408203125 0.0498046875 0.107421875
0 0.951171875 0.92822265625 0.03125 0.0419921875
0 0.66015625 0.70751953125 0.0390625 0.0322265625
