0 0.55859375 0.505859375 0.0625 0.1015625
0 0.076171875 0.515625 0.060546875 0.09375
0 0.53955078125 0.673828125 0.0966796875 0.12109375
0 0.3505859375 0.1533203125 0.080078125 0.068359375
0 0.18701171875 0.51806640625 0.1201171875 0.0830078125
0 0.46484375 0.80126953125 0.080078125 0.1083984375
0 0.35498046875 0.48828125 0.0732421875 0.0859375
0 0.42041015625 0.2626953125 0.0576171875 0.078125
0 0.8291015625 0.82275390625 0.044921875 0.0810546875
0 0.52685546875 0.2509765625 0.0576171875 0.091796875
0 0.0703125 0.42333984375 0.130859375 0.1201171875
0 0.25048828125 0.45947265625 0.0361328125 0.0849609375
0 0.6884765625 0.1357421875 0.083984375 0.1171875
0 0.1474609375 0.31591796875 0.119140625 0.1494140625
0 0.384765625 0.2568359375 0.078125 0.09375
0 0.806640625 0.31591796875 0.0703125 0.0810546875
0 0.64599609375 0.9443359375 0.0615234375 0.0546875
0 0.84033203125 0.5888671875 0.0634765625 0.1171875
0 0.01318359375 0.77294921875 0.0263671875 0.0712890625
0 0.546875 0.9697265625 0.025390625 0.060546875
0 0.197265625 0.04541015625 0.0703125 0.0732421875
0 0.4990234375 0.9599609375 0.025390625 0.076171875
0 0.66943359375 0.30908203125 0.0283203125 0.0615234375
0 0.2900390625 0.12353515625 0.0234375 0.0927734375
0 0.15478515625 0.962890625 0.0263671875 0.07421875
0 0.50634765625 0.29931640625 0.0400390625 0.0634765625
0 0.765625 0.58154296875 0.091796875 0.0791015625
0 0.4052734375 0.890625 0.18359375 0.064453125
0 0.90283203125 0.2626953125 0.0244140625 0.078125
0 0.5634765625 0.845703125 0.07421875 0.158203125
0 0.345703125 0.572265625 0.162109375 0.08203125
0 0.53173828125 0.08056640625 0.0302734375 0.1142578125
0 0.0146484375 0.8876953125 0.029296875 0.123046875
0 0.9501953125 0.45703125 0.044921875 0.16796875
0 0.25390625 0.3828125 0.072265625 0.099609375
0 0.2841796875 0.60791015625 0.068359375 0.0576171875
0 0.05712890625 0.36962890625 0.0361328125 0.0732421875
0 0.37451171875 0.3193359375 0.1513671875 0.048828125
0 0.677734375 0.78564453125 0.109375 0.0810546875
0 0.28271484375 0.17822265625 0.0771484375 0.0498046875
0 0.7353515625 0.50048828125 0.0859375 0.0947265625
0 0.18896484375 0.09033203125 0.0361328125 0.1416015625
0 0.03662109375 0.9599609375 0.0537109375 0.076171875
0 0.27978515625 0.9794921875 0.0732421875 0.037109375
0 0.8603515625 0.14794921875 0.046875 0.0771484375
0 0.0595703125 0.9287109375 0.064453125 0.02734375
0 0.37158203125 0.21826171875 0.0634765625 0.0615234375
0 0.8271484375 0.97314453125 0.046875 0.0224609375
0 0.013671875 0.962890625 0.02734375 0.07421875
0 0.93017578125 0.81201171875 0.0380859375 0.0810546875
0 0.80908203125 0.43798828125 0.0322265625 0.0537109375
0 0.91357421875 0.9443359375 0.0283203125 0.0546875
0 0.5419921875 0.87744140625 0.083984375 0.0927734375
0 0.70458984375 0.6064453125 0.0361328125 0.0625
0 0.24560546875 0.98095703125 0.0283203125 0.0380859375
0 0.98193359375 0.84912109375 0.0361328125 0.0263671875
0 0.76416015625 0.81591796875 0.0478515625 0.0634765625
0 0.6630859375 0.67041015625 0.041015625 0.1494140625
0 0.26708984375 0.54345703125 0.0732421875 0.0908203125
0 0.08984375 0.39990234375 0.052734375 0.0380859375
0 0.6728515625 0.51513671875 0.03125 0.0615234375
0 0.15771484375 0.982421875 0.1025390625 0.03125
0 0.33935546875 0.98193359375 0.0537109375 0.0322265625
0 0.2509765625 0.95166015625 0.0703125 0.0341796875
0 0.54736328125 0.8193359375 0.0751953125 0.0390625
0 0.91015625 0.80224609375 0.0390625 0.0556640625
0 0.55908203125 0.6962890625 0.0439453125 0.083984375
0 0.27197265625 0.17578125 0.0869140625 0.080078125
0 0.68359375 0.61669921875 0.03515625 0.0791015625
0 0.6103515625 0.55419921875 0.033203125 0.0458984375
0 0.64111328125 0.5810546875 0.0458984375 0.150390625
0 0.81494140625 0.86962890625 0.0986328125 0.0302734375
0 0.77880859375 0.8759765625 0.0361328125 0.056640625
0 0.69775390625 0.1875 0.0439453125 0.056640625
