0 0.19580078125 0.12158203125 0.0751953125 0.0673828125
0 0.3583984375 0.08544921875 0.080078125 0.0908203125
0 0.31884765625 0.15869140625 0.1064453125 0.0576171875
0 0.20458984375 0.20263671875 0.1416015625 0.0888671875
0 0.048828125 0.2880859375 0.09765625 0.0859375
0 0.076171875 0.4296875 0.06640625 0.107421875
0 0.12841796875 0.39794921875 0.0732421875 0.0673828125
0 0.42919921875 0.408203125 0.0615234375 0.05859375
0 0.4599609375 0.36328125 0.0625 0.06640625
0 0.5419921875 0.21533203125 0.076171875 0.0732421875
0 0.71142578125 0.234375 0.0732421875 0.0703125
0 0.93212890625 0.18603515625 0.0751953125 0.0615234375
0 0.98486328125 0.1201171875 0.0302734375 0.06640625
0 0.93212890625 0.27587890625 0.0732421875 0.0673828125
0 0.1123046875 0.763671875 0.044921875 0.0625
0 0.41357421875 0.73876953125 0.0791015625 0.0732421875
0 0.490234375 0.68505859375 0.052734375 0.0556640625
0 0.56396484375 0.7783203125 0.1728515625 0.078125
0 0.63525390625 0.83837890625 0.0576171875 0.0595703125
0 0.7275390625 0.82373046875 0.09765625 0.0810546875
