0 0.04296875 0.9658203125 0.0859375 0.068359375
0 0.10205078125 0.84716796875 0.0830078125 0.0810546875
0 0.1904296875 0.822265625 0.078125 0.068359375
0 0.16357421875 0.74609375 0.0771484375 0.0625
0 0.02880859375 0.142578125 0.0576171875 0.095703125
0 0.11572265625 0.03369140625 0.0771484375 0.0654296875
0 0.07763671875 0.3955078125 0.0888671875 0.0859375
0 0.2138671875 0.41455078125 0.064453125 0.0693359375
0 0.24365234375 0.29931640625 0.1044921875 0.0693359375
0 0.33642578125 0.36669921875 0.0712890625 0.1103515625
0 0.4091796875 0.337890625 0.087890625 0.091796875
0 0.4404296875 0.36181640625 0.08203125 0.0537109375
0 0.3828125 0.0517578125 0.076171875 0.091796875
0 0.4365234375 0.14892578125 0.080078125 0.1259765625
0 0.53515625 0.189453125 0.056640625 0.080078125
0 0.6103515625 0.25927734375 0.080078125 0.1044921875
0 0.697265625 0.20166015625 0.095703125 0.0771484375
0 0.74560546875 0.2421875 0.1201171875 0.107421875
0 0.84033203125 0.20556640625 0.0791015625 0.0947265625
0 0.7802734375 0.09228515625 0.18359375 0.0888671875
0 0.5078125 0.46923828125 0.068359375 0.0693359375
0 0.64599609375 0.470703125 0.0869140625 0.07421875
0 0.7412109375 0.47216796875 0.08984375 0.0810546875
0 0.79052734375 0.3662109375 0.0849609375 0.068359375
0 0.984375 0.28515625 0.03125 0.08203125
0 0.95068359375 0.4658203125 0.0947265625 0.068359375
0 0.40966796875 0.61181640625 0.1337890625 0.0556640625
0 0.42529296875 0.5556640625 0.0771484375 0.052734375
0 0.4765625 0.67626953125 0.0859375 0.0771484375
0 0.06298828125 0.630859375 0.0947265625 0.119140625
0 0.10693359375 0.568359375 0.0771484375 0.091796875
0 0.18798828125 0.58154296875 0.1162109375 0.1337890625
0 0.6533203125 0.73486328125 0.09375 0.0693359375
0 0.736328125 0.73388671875 0.091796875 0.0595703125
0 0.5869140625 0.82177734375 0.0859375 0.0693359375
0 0.6748046875 0.861328125 0.1328125 0.064453125
0 0.63330078125 0.90771484375 0.1083984375 0.0732421875
0 0.84521484375 0.84423828125 0.0771484375 0.0771484375
0 0.91845703125 0.728515625 0.0712890625 0.07421875
0 0.9326171875 0.650390625 0.125 0.0859375
0 0.23046875 0.91748046875 0.091796875 0.0693359375
0 0.32861328125 0.96875 0.0771484375 0.0625
0 0.435546875 0.98046875 0.126953125 0.0390625
0 0.8505859375 0.93310546875 0.07421875 0.0908203125
0 0.982421875 0.10498046875 0.03515625 0.0810546875
0 0.953125 0.04345703125 0.09375 0.0576171875
0 0.6201171875 0.1318359375 0.076171875 0.07421875
0 0.7109375 0.89453125 0.080078125 0.060546875
0 0.89453125 0.22705078125 0.07421875 0.0869140625
0 0.0380859375 0.5732421875 0.0703125 0.076171875
0 0.0234375 0.466796875 0.046875 0.064453125
0 0.5966796875 0.05224609375 0.08984375 0.0791015625
0 0.88330078125 0.146484375 0.1064453125 0.07421875
0 0.8974609375 0.01904296875 0.095703125 0.0380859375
