0 0.0107421875 0.90625 0.021484375 0.142578125
0 0.04150390625 0.88525390625 0.0712890625 0.1220703125
0 0.0166015625 0.2158203125 0.033203125 0.1328125
0 0.3271484375 0.01806640625 0.07421875 0.0361328125
0 0.2451171875 0.04296875 0.068359375 0.06640625
0 0.35986328125 0.15869140625 0.1025390625 0.1201171875
0 0.28173828125 0.14794921875 0.0556640625 0.0517578125
0 0.22119140625 0.2080078125 0.0771484375 0.115234375
0 0.548828125 0.2626953125 0.08203125 0.09765625
0 0.302734375 0.46630859375 0.07421875 0.1103515625
0 0.24853515625 0.591796875 0.0732421875 0.078125
0 0.03759765625 0.53955078125 0.0751953125 0.1259765625
0 0.091796875 0.51220703125 0.041015625 0.0693359375
0 0.48388671875 0.5673828125 0.0927734375 0.1953125
0 0.42236328125 0.75390625 0.0478515625 0.115234375
0 0.439453125 0.673828125 0.044921875 0.107421875
0 0.65234375 0.84521484375 0.107421875 0.0888671875
0 0.12158203125 0.96435546875 0.0771484375 0.0673828125
0 0.36181640625 0.9658203125 0.0771484375 0.068359375
0 0.623046875 0.96875 0.068359375 0.0625
0 0.8046875 0.880859375 0.060546875 0.091796875
0 0.794921875 0.76611328125 0.1171875 0.1416015625
0 0.689453125 0.60791015625 0.09375 0.1240234375
0 0.837890625 0.54443359375 0.080078125 0.0654296875
0 0.90576171875 0.6455078125 0.0556640625 0.068359375
0 0.93408203125 0.7890625 0.0869140625 0.140625
0 0.94873046875 0.97216796875 0.0576171875 0.0556640625
0 0.57568359375 0.43896484375 0.0478515625 0.1005859375
0 0.6416015625 0.44921875 0.078125 0.126953125
0 0.74365234375 0.45849609375 0.0927734375 0.1279296875
0 0.9814453125 0.37255859375 0.037109375 0.0595703125
0 0.9287109375 0.12353515625 0.07421875 0.0654296875
0 0.8828125 0.01953125 0.125 0.0390625
0 0.85205078125 0.0634765625 0.0615234375 0.083984375
0 0.576171875 0.3427734375 0.056640625 0.060546875
