0 0.2978515625 0.4833984375 0.16015625 0.09765625
0 0.52099609375 0.06787109375 0.0947265625 0.1044921875
0 0.32666015625 0.71484375 0.2548828125 0.2109375
0 0.23583984375 0.076171875 0.1220703125 0.15234375
0 0.9423828125 0.03369140625 0.115234375 0.0673828125
0 0.39404296875 0.1083984375 0.1435546875 0.216796875
0 0.70556640625 0.2568359375 0.4072265625 0.1953125
0 0.5771484375 0.4736328125 0.146484375 0.35546875
0 0.6884765625 0.46728515625 0.197265625 0.1025390625
0 0.61328125 0.37548828125 0.072265625 0.0771484375
0 0.8232421875 0.95068359375 0.1171875 0.0927734375
0 0.3720703125 0.94482421875 0.119140625 0.1103515625
0 0.42626953125 0.0341796875 0.0927734375 0.068359375
0 0.6748046875 0.96240234375 0.083984375 0.0751953125
