0 0.56591796875 0.8544921875 0.0830078125 0.07421875
0 0.77880859375 0.07470703125 0.0751953125 0.0751953125
0 0.787109375 0.24462890625 0.080078125 0.0556640625
0 0.9599609375 0.0234375 0.080078125 0.046875
0 0.67041015625 0.095703125 0.1123046875 0.078125
0 0.822265625 0.20947265625 0.080078125 0.0595703125
0 0.73046875 0.79833984375 0.08984375 0.0810546875
0 0.58203125 0.89599609375 0.10546875 0.0673828125
0 0.40234375 0.97265625 0.099609375 0.0546875
0 0.5732421875 0.9609375 0.09375 0.078125
0 0.78271484375 0.921875 0.0576171875 0.0859375
