0 0.08447265625 0.0341796875 0.1064453125 0.068359375
0 0.01708984375 0.1328125 0.0341796875 0.107421875
0 0.21630859375 0.29150390625 0.1337890625 0.0908203125
0 0.19921875 0.392578125 0.16015625 0.087890625
0 0.04638671875 0.28759765625 0.0927734375 0.0634765625
0 0.4326171875 0.12255859375 0.15625 0.2353515625
0 0.60009765625 0.18359375 0.1494140625 0.11328125
0 0.7177734375 0.0693359375 0.201171875 0.103515625
0 0.9619140625 0.13330078125 0.076171875 0.1611328125
0 0.93310546875 0.6220703125 0.0771484375 0.150390625
0 0.828125 0.55908203125 0.076171875 0.0751953125
0 0.75927734375 0.5771484375 0.1201171875 0.185546875
0 0.580078125 0.552734375 0.095703125 0.16796875
0 0.57080078125 0.63720703125 0.0732421875 0.1083984375
0 0.45751953125 0.587890625 0.0849609375 0.099609375
0 0.51806640625 0.70849609375 0.0810546875 0.0986328125
0 0.72705078125 0.75830078125 0.1103515625 0.1181640625
0 0.7978515625 0.76123046875 0.07421875 0.0556640625
0 0.46484375 0.826171875 0.1015625 0.06640625
0 0.75830078125 0.92724609375 0.1943359375 0.1279296875
0 0.31103515625 0.86083984375 0.0966796875 0.0791015625
0 0.1708984375 0.95849609375 0.24609375 0.0830078125
0 0.22412109375 0.96533203125 0.2216796875 0.0693359375
0 0.14111328125 0.85791015625 0.1728515625 0.1005859375
0 0.0322265625 0.77734375 0.046875 0.12109375
0 0.6064453125 0.41552734375 0.09375 0.2021484375
0 0.408203125 0.408203125 0.255859375 0.1953125
0 0.86669921875 0.2373046875 0.0654296875 0.060546875
0 0.6494140625 0.91357421875 0.0703125 0.1201171875
0 0.9521484375 0.4765625 0.0390625 0.06640625
0 0.97900390625 0.45556640625 0.0419921875 0.0419921875
