0 0.2763671875 0.13427734375 0.087890625 0.0849609375
0 0.19677734375 0.18212890625 0.0830078125 0.0693359375
0 0.423828125 0.18212890625 0.12890625 0.0966796875
0 0.5224609375 0.0966796875 0.146484375 0.08203125
0 0.80810546875 0.12255859375 0.1025390625 0.1005859375
0 0.69091796875 0.263671875 0.0830078125 0.0859375
0 0.52880859375 0.24365234375 0.0634765625 0.0654296875
0 0.4697265625 0.3935546875 0.072265625 0.076171875
0 0.4375 0.482421875 0.09375 0.103515625
0 0.55078125 0.48095703125 0.09765625 0.0751953125
0 0.47900390625 0.57763671875 0.0908203125 0.0712890625
0 0.68701171875 0.6669921875 0.1162109375 0.130859375
0 0.81103515625 0.720703125 0.0810546875 0.095703125
0 0.9208984375 0.470703125 0.080078125 0.083984375
0 0.82373046875 0.40234375 0.0673828125 0.1171875
0 0.853515625 0.36572265625 0.0546875 0.0947265625
0 0.93603515625 0.3544921875 0.0888671875 0.09765625
0 0.982421875 0.18994140625 0.03515625 0.0810546875
0 0.9453125 0.03515625 0.0859375 0.0703125
0 0.28125 0.60546875 0.1328125 0.150390625
0 0.16650390625 0.5205078125 0.1064453125 0.087890625
0 0.0302734375 0.5322265625 0.060546875 0.06640625
0 0.0283203125 0.40087890625 0.056640625 0.0888671875
0 0.13232421875 0.76806640625 0.1181640625 0.1357421875
0 0.2158203125 0.990234375 0.08203125 0.01953125
0 0.42138671875 0.86474609375 0.0986328125 0.0810546875
0 0.640625 0.81982421875 0.08984375 0.0830078125
0 0.70068359375 0.93115234375 0.0751953125 0.0712890625
0 0.87841796875 0.9052734375 0.0615234375 0.095703125
0 0.9794921875 0.88623046875 0.041015625 0.0615234375
0 0.92431640625 0.98828125 0.0693359375 0.0234375
0 0.2021484375 0.03515625 0.11328125 0.041015625
0 0.451171875 0.77587890625 0.107421875 0.0830078125
0 0.7294921875 0.609375 0.109375 0.05078125
