0 0.85986328125 0.61083984375 0.0869140625 0.0673828125
0 0.78076171875 0.27978515625 0.0615234375 0.0849609375
0 0.5029296875 0.3603515625 0.08203125 0.091796875
0 0.3603515625 0.14892578125 0.0703125 0.0849609375
0 0.92333984375 0.0595703125 0.0478515625 0.09375
0 0.89501953125 0.4267578125 0.0654296875 0.09765625
0 0.42822265625 0.4384765625 0.0732421875 0.146484375
0 0.29833984375 0.18701171875 0.0478515625 0.0810546875
0 0.078125 0.90625 0.072265625 0.072265625
0 0.07275390625 0.54296875 0.0986328125 0.068359375
0 0.77294921875 0.19482421875 0.0830078125 0.0888671875
0 0.9658203125 0.70166015625 0.068359375 0.0712890625
0 0.5703125 0.16162109375 0.125 0.0517578125
0 0.44287109375 0.25830078125 0.0810546875 0.0673828125
0 0.68212890625 0.2109375 0.0751953125 0.056640625
0 0.64208984375 0.3544921875 0.0556640625 0.06640625
0 0.75732421875 0.40576171875 0.0693359375 0.0654296875
0 0.1845703125 0.91943359375 0.06640625 0.0556640625
0 0.98291015625 0.515625 0.0341796875 0.080078125
0 0.59912109375 0.2236328125 0.0439453125 0.080078125
0 0.49755859375 0.2568359375 0.0751953125 0.05859375
0 0.8701171875 0.67529296875 0.072265625 0.0537109375
0 0.76416015625 0.76171875 0.1025390625 0.076171875
0 0.10498046875 0.10302734375 0.1005859375 0.0947265625
0 0.0341796875 0.21923828125 0.068359375 0.0771484375
0 0.0859375 0.8154296875 0.103515625 0.06640625
0 0.19873046875 0.41796875 0.0966796875 0.0546875
0 0.1376953125 0.4306640625 0.087890625 0.072265625
0 0.0302734375 0.6611328125 0.060546875 0.076171875
0 0.2421875 0.7744140625 0.07421875 0.05859375
0 0.2646484375 0.49755859375 0.0546875 0.0849609375
0 0.86572265625 0.18359375 0.0810546875 0.087890625
0 0.21484375 0.52880859375 0.07421875 0.0478515625
0 0.7822265625 0.46533203125 0.078125 0.0869140625
0 0.4091796875 0.833984375 0.103515625 0.056640625
0 0.69140625 0.0634765625 0.0859375 0.03125
0 0.61669921875 0.59814453125 0.0615234375 0.0634765625
0 0.88232421875 0.28759765625 0.0556640625 0.0634765625
0 0.55419921875 0.30908203125 0.0634765625 0.0400390625
0 0.21826171875 0.072265625 0.0849609375 0.048828125
0 0.7646484375 0.49267578125 0.072265625 0.0458984375
0 0.48291015625 0.13134765625 0.0595703125 0.0537109375
0 0.2060546875 0.3046875 0.078125 0.044921875
0 0.6884765625 0.17919921875 0.05859375 0.0517578125
0 0.94140625 0.93212890625 0.041015625 0.0576171875
0 0.92529296875 0.84130859375 0.0380859375 0.0830078125
0 0.462890625 0.1484375 0.0546875 0.046875
0 0.134765625 0.17529296875 0.083984375 0.0830078125
0 0.7587890625 0.4853515625 0.068359375 0.119140625
0 0.19970703125 0.72509765625 0.0732421875 0.0771484375
0 0.0908203125 0.208984375 0.076171875 0.095703125
0 0.06787109375 0.85888671875 0.0654296875 0.0458984375
0 0.09326171875 0.34423828125 0.0771484375 0.0361328125
0 0.40087890625 0.931640625 0.0830078125 0.03515625
0 0.12890625 0.52783203125 0.0859375 0.0517578125
0 0.18603515625 0.826171875 0.0927734375 0.05078125
0 0.224609375 0.97509765625 0.078125 0.0400390625
0 0.08203125 0.16748046875 0.109375 0.0693359375
0 0.57763671875 0.44140625 0.0654296875 0.09375
0 0.24072265625 0.0166015625 0.0419921875 0.033203125
0 0.89306640625 0.9873046875 0.0400390625 0.025390625
0 0.98388671875 0.96875 0.0322265625 0.02734375
0 0.38330078125 0.55322265625 0.0478515625 0.0810546875
0 0.06640625 0.77587890625 0.083984375 0.0576171875
0 0.2939453125 0.4697265625 0.05859375 0.041015625
0 0.326171875 0.92431640625 0.06640625 0.0537109375
0 0.64599609375 0.52880859375 0.0634765625 0.0576171875
0 0.93017578125 0.59765625 0.0673828125 0.044921875
0 0.40087890625 0.52685546875 0.0712890625 0.0576171875
0 0.02880859375 0.11181640625 0.0556640625 0.0478515625
0 0.025390625 0.81640625 0.048828125 0.046875
0 0.8388671875 0.25048828125 0.041015625 0.0361328125
0 0.2666015625 0.2470703125 0.021484375 0.05078125
0 0.7021484375 0.6708984375 0.044921875 0.046875
0 0.298828125 0.97705078125 0.08203125 0.0322265625
0 0.841796875 0.01513671875 0.033203125 0.0302734375
0 0.59130859375 0.0146484375 0.0322265625 0.029296875
0 0.4365234375 0.97509765625 0.05859375 0.0380859375
0 0.4365234375 0.81396484375 0.083984375 0.0673828125
0 0.26904296875 0.88720703125 0.0693359375 0.0556640625
0 0.75830078125 0.01025390625 0.0537109375 0.0185546875
0 0.94091796875 0.916015625 0.0400390625 0.0625
0 0.4765625 0.84912109375 0.080078125 0.0693359375
0 0.19189453125 0.28955078125 0.0400390625 0.0322265625
