0 0.45556640625 0.3369140625 0.1669921875 0.08984375
0 0.9306640625 0.11328125 0.125 0.091796875
0 0.5322265625 0.48291015625 0.10546875 0.1025390625
0 0.5205078125 0.23046875 0.080078125 0.072265625
0 0.8310546875 0.041015625 0.1171875 0.08203125
0 0.3779296875 0.62890625 0.099609375 0.099609375
0 0.2470703125 0.3896484375 0.17578125 0.1796875
0 0.2119140625 0.20703125 0.099609375 0.154296875
0 0.76708984375 0.8681640625 0.0849609375 0.107421875
0 0.134765625 0.46826171875 0.14453125 0.0771484375
0 0.68701171875 0.21533203125 0.0849609375 0.1025390625
0 0.4208984375 0.1396484375 0.09765625 0.099609375
0 0.91552734375 0.470703125 0.0673828125 0.0625
0 0.30322265625 0.5419921875 0.0771484375 0.087890625
0 0.94189453125 0.24169921875 0.0751953125 0.0947265625
0 0.982421875 0.2607421875 0.03515625 0.158203125
0 0.5185546875 0.0419921875 0.072265625 0.060546875
0 0.94189453125 0.5986328125 0.1103515625 0.142578125
0 0.7919921875 0.6318359375 0.115234375 0.125
0 0.0771484375 0.19189453125 0.095703125 0.0693359375
0 0.48193359375 0.57861328125 0.0693359375 0.0673828125
0 0.15234375 0.0947265625 0.08984375 0.08984375
0 0.830078125 0.8056640625 0.142578125 0.08984375
0 0.716796875 0.6171875 0.08984375 0.080078125
0 0.11181640625 0.6005859375 0.0849609375 0.09765625
0 0.6083984375 0.1533203125 0.072265625 0.068359375
0 0.744140625 0.771484375 0.0703125 0.0625
0 0.9697265625 0.81005859375 0.060546875 0.1220703125
0 0.76708984375 0.4609375 0.0849609375 0.078125
0 0.67822265625 0.11328125 0.1376953125 0.11328125
0 0.90234375 0.78466796875 0.0703125 0.0830078125
0 0.34619140625 0.20458984375 0.1025390625 0.1298828125
0 0.52197265625 0.90625 0.1044921875 0.1875
0 0.18212890625 0.53564453125 0.1044921875 0.0576171875
0 0.62939453125 0.2421875 0.0654296875 0.10546875
0 0.60791015625 0.37158203125 0.1376953125 0.0849609375
0 0.31103515625 0.1162109375 0.1376953125 0.142578125
0 0.17919921875 0.7744140625 0.2099609375 0.115234375
0 0.93701171875 0.92578125 0.0654296875 0.091796875
0 0.05078125 0.40478515625 0.09765625 0.0947265625
0 0.13818359375 0.92822265625 0.2724609375 0.1025390625
0 0.4609375 0.26708984375 0.0625 0.0595703125
0 0.80810546875 0.9501953125 0.1279296875 0.099609375
0 0.6533203125 0.32421875 0.16796875 0.07421875
0 0.22314453125 0.01171875 0.1044921875 0.0234375
0 0.09814453125 0.74462890625 0.0673828125 0.1103515625
0 0.0986328125 0.1171875 0.072265625 0.060546875
0 0.1748046875 0.6748046875 0.169921875 0.08984375
0 0.01953125 0.2119140625 0.03515625 0.115234375
0 0.02197265625 0.65087890625 0.0400390625 0.0673828125
0 0.130859375 0.81591796875 0.13671875 0.0771484375
0 0.2158203125 0.8056640625 0.107421875 0.09765625
0 0.42431640625 0.97119140625 0.0595703125 0.0576171875
0 0.353515625 0.97216796875 0.0625 0.0556640625
0 0.49072265625 0.783203125 0.0927734375 0.107421875
0 0.57666015625 0.5517578125 0.0751953125 0.044921875
0 0.79443359375 0.4921875 0.1005859375 0.064453125
0 0.4580078125 0.607421875 0.1328125 0.080078125
0 0.751953125 0.91455078125 0.0546875 0.0751953125
0 0.7294921875 0.134765625 0.080078125 0.099609375
0 0.56201171875 0.13818359375 0.0556640625 0.0732421875
0 0.22607421875 0.30810546875 0.0673828125 0.0576171875
0 0.134765625 0.9736328125 0.080078125 0.052734375
