0 0.84814453125 0.05859375 0.1005859375 0.1171875
0 0.22802734375 0.72607421875 0.0888671875 0.1884765625
0 0.65673828125 0.05810546875 0.1142578125 0.1025390625
0 0.86083984375 0.66015625 0.0947265625 0.095703125
0 0.96484375 0.67236328125 0.0703125 0.0966796875
0 0.97265625 0.23291015625 0.052734375 0.0673828125
0 0.4345703125 0.8857421875 0.115234375 0.087890625
0 0.73388671875 0.07861328125 0.0869140625 0.0966796875
0 0.32568359375 0.68359375 0.0576171875 0.0625
0 0.8447265625 0.56884765625 0.08984375 0.0771484375
0 0.13818359375 0.13525390625 0.1201171875 0.1142578125
0 0.814453125 0.390625 0.109375 0.072265625
0 0.22705078125 0.244140625 0.1298828125 0.08984375
0 0.82080078125 0.30810546875 0.1220703125 0.1025390625
0 0.20654296875 0.353515625 0.1513671875 0.09375
0 0.2041015625 0.18212890625 0.08984375 0.1103515625
0 0.1376953125 0.96533203125 0.09765625 0.0693359375
0 0.88525390625 0.36181640625 0.0810546875 0.0712890625
0 0.9033203125 0.95556640625 0.087890625 0.0830078125
0 0.369140625 0.9609375 0.060546875 0.07421875
0 0.14111328125 0.3818359375 0.1923828125 0.150390625
0 0.28369140625 0.28466796875 0.0830078125 0.0771484375
0 0.029296875 0.6884765625 0.0546875 0.162109375
0 0.02587890625 0.435546875 0.0478515625 0.09765625
0 0.5146484375 0.908203125 0.0625 0.0625
0 0.07373046875 0.703125 0.0810546875 0.087890625
0 0.12060546875 0.06787109375 0.1064453125 0.0654296875
0 0.2255859375 0.96337890625 0.099609375 0.0732421875
0 0.7431640625 0.15966796875 0.076171875 0.0673828125
