0 0.80224609375 0.85205078125 0.0947265625 0.0849609375
0 0.63818359375 0.72607421875 0.1123046875 0.0927734375
0 0.98583984375 0.51318359375 0.0283203125 0.0869140625
0 0.79443359375 0.71337890625 0.0849609375 0.1123046875
0 0.61572265625 0.50048828125 0.0771484375 0.0771484375
0 0.7392578125 0.1533203125 0.080078125 0.072265625
0 0.98095703125 0.1904296875 0.0380859375 0.072265625
0 0.1083984375 0.76220703125 0.0625 0.1298828125
0 0.80810546875 0.5966796875 0.1123046875 0.134765625
0 0.978515625 0.28076171875 0.04296875 0.0673828125
0 0.9169921875 0.35107421875 0.0703125 0.0771484375
0 0.76904296875 0.4267578125 0.0869140625 0.08203125
0 0.75048828125 0.35107421875 0.0771484375 0.0673828125
0 0.8857421875 0.2734375 0.091796875 0.08203125
0 0.97607421875 0.3857421875 0.0478515625 0.056640625
0 0.02880859375 0.15478515625 0.0576171875 0.1240234375
0 0.015625 0.74853515625 0.03125 0.0888671875
