0 0.30078125 0.90625 0.076171875 0.109375
0 0.42724609375 0.943359375 0.0595703125 0.0859375
0 0.9423828125 0.859375 0.07421875 0.0625
0 0.77587890625 0.9541015625 0.0673828125 0.080078125
0 0.71826171875 0.9775390625 0.0537109375 0.044921875
0 0.6826171875 0.96240234375 0.0546875 0.0478515625
0 0.60400390625 0.837890625 0.0791015625 0.07421875
0 0.71142578125 0.7666015625 0.0712890625 0.080078125
0 0.771484375 0.78564453125 0.068359375 0.0771484375
0 0.84130859375 0.7392578125 0.0654296875 0.06640625
0 0.40380859375 0.75732421875 0.0712890625 0.0693359375
0 0.3310546875 0.68701171875 0.099609375 0.0595703125
0 0.751953125 0.603515625 0.0625 0.068359375
0 0.60400390625 0.6015625 0.0634765625 0.0625
0 0.65234375 0.634765625 0.08984375 0.078125
0 0.595703125 0.6640625 0.044921875 0.078125
0 0.71875 0.53857421875 0.056640625 0.0791015625
0 0.36181640625 0.5791015625 0.1513671875 0.07421875
0 0.544921875 0.49462890625 0.06640625 0.1181640625
0 0.6142578125 0.4736328125 0.072265625 0.07421875
0 0.3837890625 0.46826171875 0.0703125 0.0595703125
0 0.82666015625 0.5 0.0732421875 0.087890625
0 0.84619140625 0.57080078125 0.0595703125 0.0576171875
0 0.919921875 0.548828125 0.068359375 0.060546875
0 0.87744140625 0.505859375 0.0556640625 0.0703125
0 0.75 0.3701171875 0.07421875 0.0859375
0 0.9599609375 0.328125 0.064453125 0.171875
0 0.96923828125 0.21142578125 0.0615234375 0.0751953125
0 0.80810546875 0.1943359375 0.0634765625 0.060546875
0 0.86083984375 0.1630859375 0.0615234375 0.07421875
0 0.96923828125 0.07861328125 0.0615234375 0.0830078125
0 0.625 0.193359375 0.07421875 0.068359375
0 0.5703125 0.15234375 0.056640625 0.06640625
0 0.578125 0.0517578125 0.07421875 0.06640625
0 0.498046875 0.0458984375 0.048828125 0.064453125
0 0.3701171875 0.03369140625 0.068359375 0.0673828125
0 0.3056640625 0.11328125 0.09765625 0.091796875
0 0.26611328125 0.0458984375 0.1240234375 0.091796875
0 0.30517578125 0.0205078125 0.0712890625 0.041015625
0 0.1142578125 0.17333984375 0.08984375 0.1064453125
0 0.09033203125 0.08740234375 0.0771484375 0.0888671875
0 0.2958984375 0.32080078125 0.07421875 0.0771484375
0 0.1884765625 0.47705078125 0.0859375 0.0810546875
0 0.14111328125 0.4443359375 0.0595703125 0.056640625
0 0.43994140625 0.40283203125 0.0556640625 0.0751953125
0 0.48828125 0.37890625 0.06640625 0.103515625
0 0.0400390625 0.734375 0.080078125 0.068359375
0 0.1220703125 0.72265625 0.064453125 0.091796875
0 0.46826171875 0.84423828125 0.0771484375 0.0771484375
0 0.6455078125 0.4248046875 0.046875 0.04296875
0 0.38916015625 0.8369140625 0.0400390625 0.03125
