0 0.66552734375 0.3232421875 0.1220703125 0.123046875
0 0.63818359375 0.19091796875 0.1123046875 0.1181640625
0 0.50244140625 0.470703125 0.0947265625 0.09375
0 0.67333984375 0.50341796875 0.1123046875 0.1123046875
0 0.7568359375 0.52587890625 0.115234375 0.1181640625
0 0.6494140625 0.8486328125 0.125 0.107421875
0 0.7939453125 0.310546875 0.05859375 0.05078125
0 0.73193359375 0.1220703125 0.1005859375 0.10546875
0 0.97265625 0.93603515625 0.0546875 0.0810546875
0 0.40087890625 0.92333984375 0.0771484375 0.0830078125
0 0.1123046875 0.72314453125 0.099609375 0.0869140625
0 0.14697265625 0.86865234375 0.1201171875 0.1025390625
0 0.44091796875 0.11572265625 0.0830078125 0.0869140625
0 0.716796875 0.9306640625 0.099609375 0.091796875
0 0.0390625 0.57177734375 0.076171875 0.0947265625
0 0.79443359375 0.84716796875 0.1142578125 0.0791015625
0 0.42431640625 0.6533203125 0.1044921875 0.087890625
0 0.55712890625 0.28466796875 0.1103515625 0.0849609375
0 0.294921875 0.65478515625 0.12890625 0.0947265625
0 0.48193359375 0.96875 0.0849609375 0.060546875
0 0.58056640625 0.95654296875 0.1044921875 0.0869140625
0 0.60302734375 0.55419921875 0.0927734375 0.0498046875
