0 0.39111328125 0.36962890625 0.1376953125 0.0751953125
0 0.36572265625 0.453125 0.0927734375 0.072265625
0 0.33935546875 0.18701171875 0.1044921875 0.0908203125
0 0.15576171875 0.44287109375 0.0869140625 0.0673828125
0 0.53955078125 0.13232421875 0.0947265625 0.0751953125
0 0.57080078125 0.0693359375 0.0869140625 0.10546875
0 0.130859375 0.20361328125 0.09765625 0.0673828125
0 0.4892578125 0.48828125 0.08984375 0.09765625
0 0.10693359375 0.29052734375 0.1142578125 0.0771484375
0 0.51953125 0.29296875 0.0859375 0.09765625
0 0.734375 0.42578125 0.080078125 0.1015625
0 0.75439453125 0.1669921875 0.0751953125 0.08984375
0 0.5869140625 0.421875 0.109375 0.14453125
0 0.4296875 0.6083984375 0.142578125 0.080078125
0 0.876953125 0.40966796875 0.099609375 0.0693359375
0 0.2529296875 0.181640625 0.09765625 0.080078125
0 0.33984375 0.55224609375 0.08984375 0.0751953125
0 0.74853515625 0.30859375 0.0927734375 0.107421875
0 0.73828125 0.2392578125 0.1171875 0.08984375
0 0.9580078125 0.40673828125 0.083984375 0.1044921875
0 0.251953125 0.48828125 0.150390625 0.078125
0 0.66552734375 0.03857421875 0.0927734375 0.0771484375
0 0.037109375 0.57373046875 0.07421875 0.0771484375
0 0.13330078125 0.345703125 0.0927734375 0.052734375
0 0.2197265625 0.53857421875 0.150390625 0.0478515625
0 0.08935546875 0.16552734375 0.0751953125 0.0771484375
0 0.95849609375 0.3134765625 0.0830078125 0.095703125
