0 0.16796875 0.046875 0.07421875 0.09375
0 0.04296875 0.39794921875 0.0859375 0.1416015625
0 0.09375 0.47900390625 0.076171875 0.1689453125
0 0.04443359375 0.61083984375 0.0595703125 0.1005859375
0 0.08251953125 0.67333984375 0.0693359375 0.1474609375
0 0.12451171875 0.79052734375 0.0849609375 0.1865234375
0 0.02783203125 0.7763671875 0.0556640625 0.115234375
0 0.2841796875 0.77880859375 0.111328125 0.0810546875
0 0.39453125 0.580078125 0.17578125 0.177734375
0 0.50634765625 0.68798828125 0.1142578125 0.0673828125
0 0.62060546875 0.5947265625 0.0966796875 0.08984375
0 0.666015625 0.791015625 0.10546875 0.09765625
0 0.63134765625 0.904296875 0.1552734375 0.125
0 0.36279296875 0.966796875 0.0888671875 0.06640625
0 0.73974609375 0.44482421875 0.1689453125 0.0517578125
0 0.6259765625 0.361328125 0.17578125 0.126953125
0 0.9111328125 0.2607421875 0.142578125 0.0859375
0 0.431640625 0.15966796875 0.1015625 0.0791015625
0 0.8251953125 0.63525390625 0.09375 0.1787109375
0 0.95751953125 0.5986328125 0.0849609375 0.1171875
0 0.0478515625 0.54443359375 0.095703125 0.1396484375
0 0.96630859375 0.81689453125 0.0673828125 0.1357421875
0 0.9765625 0.9462890625 0.046875 0.107421875
0 0.92333984375 0.37353515625 0.0537109375 0.0498046875
0 0.98046875 0.21630859375 0.0390625 0.0556640625
