0 0.5302734375 0.109375 0.115234375 0.126953125
0 0.33984375 0.443359375 0.125 0.1328125
0 0.94482421875 0.22119140625 0.0849609375 0.1650390625
0 0.9765625 0.498046875 0.046875 0.1328125
0 0.17919921875 0.09228515625 0.1142578125 0.1552734375
0 0.31640625 0.89306640625 0.08203125 0.0751953125
0 0.08251953125 0.04296875 0.1044921875 0.076171875
0 0.40966796875 0.07421875 0.0810546875 0.099609375
0 0.35302734375 0.544921875 0.0771484375 0.07421875
0 0.43115234375 0.806640625 0.0634765625 0.046875
