0 0.6982421875 0.740234375 0.1171875 0.052734375
0 0.95751953125 0.53955078125 0.0712890625 0.1083984375
0 0.89208984375 0.36181640625 0.0751953125 0.1044921875
0 0.84765625 0.056640625 0.09765625 0.09765625
0 0.94970703125 0.75830078125 0.0654296875 0.0869140625
0 0.880859375 0.19921875 0.0546875 0.064453125
0 0.76220703125 0.60595703125 0.0654296875 0.1064453125
0 0.86083984375 0.97216796875 0.0966796875 0.0556640625
0 0.9765625 0.69775390625 0.046875 0.0595703125
0 0.79296875 0.39697265625 0.068359375 0.0849609375
0 0.7392578125 0.8701171875 0.0546875 0.078125
0 0.9208984375 0.869140625 0.1171875 0.080078125
0 0.8125 0.25048828125 0.06640625 0.0595703125
0 0.76708984375 0.33935546875 0.0537109375 0.0693359375
0 0.91845703125 0.92626953125 0.0458984375 0.0439453125
0 0.5791015625 0.85986328125 0.1015625 0.0419921875
0 0.884765625 0.296875 0.0703125 0.0546875
0 0.927734375 0.65576171875 0.046875 0.0537109375
0 0.8857421875 0.76220703125 0.078125 0.0654296875
0 0.6826171875 0.94775390625 0.1171875 0.0849609375
