0 0.3427734375 0.55517578125 0.08203125 0.0732421875
0 0.41650390625 0.646484375 0.0869140625 0.076171875
0 0.09521484375 0.97314453125 0.0947265625 0.0478515625
0 0.8818359375 0.349609375 0.166015625 0.19921875
0 0.35009765625 0.73291015625 0.0576171875 0.0791015625
0 0.3056640625 0.734375 0.0703125 0.09375
0 0.0634765625 0.10888671875 0.126953125 0.0673828125
0 0.91162109375 0.6318359375 0.0791015625 0.080078125
0 0.9619140625 0.439453125 0.07421875 0.13671875
0 0.72900390625 0.134765625 0.1826171875 0.158203125
0 0.349609375 0.96826171875 0.068359375 0.0595703125
0 0.361328125 0.87744140625 0.072265625 0.0712890625
0 0.30224609375 0.82666015625 0.1318359375 0.0634765625
0 0.54345703125 0.57275390625 0.1201171875 0.0986328125
0 0.56298828125 0.61962890625 0.1318359375 0.0673828125
0 0.4111328125 0.71435546875 0.052734375 0.0537109375
0 0.45263671875 0.72509765625 0.0478515625 0.0537109375
0 0.40966796875 0.79150390625 0.0556640625 0.0595703125
0 0.5478515625 0.681640625 0.099609375 0.052734375
0 0.69775390625 0.7998046875 0.1689453125 0.05859375
0 0.53515625 0.826171875 0.060546875 0.07421875
0 0.42578125 0.8505859375 0.0390625 0.044921875
0 0.482421875 0.83740234375 0.083984375 0.0732421875
0 0.48583984375 0.921875 0.0849609375 0.06640625
0 0.6640625 0.859375 0.130859375 0.05859375
0 0.6005859375 0.98095703125 0.099609375 0.0341796875
0 0.6953125 0.9619140625 0.109375 0.06640625
0 0.74462890625 0.873046875 0.1103515625 0.080078125
0 0.748046875 0.90185546875 0.154296875 0.0849609375
0 0.57080078125 0.89013671875 0.0576171875 0.0791015625
