0 0.05078125 0.708984375 0.1015625 0.146484375
0 0.1552734375 0.57177734375 0.080078125 0.0830078125
0 0.03173828125 0.18994140625 0.0634765625 0.0810546875
0 0.21875 0.23876953125 0.076171875 0.1064453125
0 0.31689453125 0.09375 0.0693359375 0.076171875
0 0.5830078125 0.06884765625 0.1484375 0.0888671875
0 0.44677734375 0.10595703125 0.0830078125 0.0712890625
0 0.65673828125 0.19775390625 0.0771484375 0.0693359375
0 0.8349609375 0.25341796875 0.0703125 0.1044921875
0 0.5791015625 0.40234375 0.11328125 0.0859375
0 0.43896484375 0.595703125 0.0908203125 0.087890625
0 0.57568359375 0.6025390625 0.1025390625 0.078125
0 0.6640625 0.4599609375 0.1015625 0.15234375
0 0.76953125 0.44482421875 0.078125 0.0751953125
0 0.8408203125 0.53955078125 0.109375 0.0888671875
0 0.01904296875 0.88623046875 0.0380859375 0.0615234375
0 0.0849609375 0.9169921875 0.09375 0.166015625
0 0.265625 0.92822265625 0.08203125 0.1298828125
0 0.2978515625 0.9892578125 0.091796875 0.021484375
0 0.46435546875 0.978515625 0.0791015625 0.04296875
0 0.17431640625 0.763671875 0.0849609375 0.08984375
0 0.25048828125 0.68310546875 0.0673828125 0.0791015625
0 0.44921875 0.77294921875 0.087890625 0.0849609375
0 0.75927734375 0.7666015625 0.0654296875 0.083984375
0 0.86572265625 0.8330078125 0.0869140625 0.10546875
0 0.86865234375 0.95556640625 0.0927734375 0.0888671875
0 0.6015625 0.9384765625 0.119140625 0.123046875
0 0.5419921875 0.95556640625 0.107421875 0.0888671875
0 0.9951171875 0.9912109375 0.009765625 0.017578125
0 0.92724609375 0.02783203125 0.1103515625 0.0556640625
0 0.77197265625 0.09619140625 0.0830078125 0.0654296875
0 0.71240234375 0.03076171875 0.0869140625 0.0498046875
0 0.2236328125 0.02685546875 0.11328125 0.0537109375
0 0.203125 0.8759765625 0.125 0.134765625
0 0.95263671875 0.96630859375 0.0458984375 0.0673828125
