0 0.40185546875 0.8681640625 0.0947265625 0.09765625
0 0.4970703125 0.373046875 0.119140625 0.107421875
0 0.58349609375 0.193359375 0.1025390625 0.08203125
0 0.28369140625 0.6708984375 0.0849609375 0.09765625
0 0.265625 0.06005859375 0.1171875 0.1201171875
0 0.92431640625 0.03125 0.1298828125 0.0625
0 0.41064453125 0.22314453125 0.0771484375 0.0830078125
0 0.4833984375 0.58740234375 0.087890625 0.0849609375
0 0.44921875 0.693359375 0.134765625 0.107421875
0 0.41455078125 0.59326171875 0.0908203125 0.0830078125
0 0.76708984375 0.8984375 0.1357421875 0.107421875
0 0.47705078125 0.126953125 0.0849609375 0.07421875
0 0.79052734375 0.61572265625 0.0673828125 0.0732421875
0 0.2998046875 0.22802734375 0.080078125 0.1279296875
0 0.64453125 0.65478515625 0.0703125 0.0654296875
0 0.9697265625 0.515625 0.0546875 0.09765625
0 0.71337890625 0.65966796875 0.0869140625 0.0849609375
0 0.9404296875 0.3720703125 0.107421875 0.095703125
0 0.76708984375 0.51806640625 0.0498046875 0.0458984375
0 0.98193359375 0.7685546875 0.0341796875 0.087890625
0 0.27587890625 0.56884765625 0.0908203125 0.0693359375
