0 0.044921875 0.05322265625 0.08984375 0.0673828125
0 0.1455078125 0.06591796875 0.064453125 0.0302734375
0 0.16455078125 0.11669921875 0.1103515625 0.0712890625
0 0.33740234375 0.08251953125 0.1376953125 0.0791015625
0 0.32666015625 0.17041015625 0.1298828125 0.0732421875
0 0.123046875 0.251953125 0.107421875 0.083984375
0 0.47412109375 0.29833984375 0.0986328125 0.1025390625
0 0.1533203125 0.37109375 0.123046875 0.052734375
0 0.0537109375 0.375 0.107421875 0.05859375
0 0.3359375 0.45556640625 0.09765625 0.1572265625
0 0.45654296875 0.5263671875 0.0712890625 0.048828125
0 0.47509765625 0.47900390625 0.0576171875 0.0634765625
0 0.74169921875 0.53173828125 0.1201171875 0.0947265625
0 0.62451171875 0.42578125 0.1494140625 0.109375
0 0.62890625 0.30859375 0.06640625 0.126953125
0 0.82568359375 0.26025390625 0.0732421875 0.0712890625
0 0.73193359375 0.1513671875 0.0595703125 0.10546875
0 0.68017578125 0.177734375 0.0869140625 0.166015625
0 0.8115234375 0.02490234375 0.1015625 0.0498046875
0 0.740234375 0.076171875 0.083984375 0.0625
0 0.5703125 0.55810546875 0.09765625 0.0869140625
0 0.51708984375 0.57568359375 0.0673828125 0.0927734375
0 0.65625 0.69140625 0.12109375 0.076171875
0 0.87646484375 0.56298828125 0.0654296875 0.2431640625
0 0.896484375 0.7421875 0.091796875 0.05078125
0 0.84033203125 0.73779296875 0.0498046875 0.0615234375
0 0.80810546875 0.89990234375 0.0869140625 0.1494140625
0 0.5205078125 0.69189453125 0.099609375 0.0830078125
0 0.43603515625 0.71435546875 0.0634765625 0.0517578125
0 0.34619140625 0.84765625 0.0908203125 0.259765625
0 0.56005859375 0.95751953125 0.0634765625 0.0849609375
0 0.4736328125 0.8896484375 0.08984375 0.220703125
0 0.21923828125 0.9208984375 0.1455078125 0.158203125
0 0.04052734375 0.9365234375 0.0654296875 0.126953125
0 0.16015625 0.65576171875 0.0703125 0.0673828125
0 0.04296875 0.62158203125 0.0859375 0.1044921875
