0 0.96484375 0.2431640625 0.0546875 0.076171875
0 0.89208984375 0.212890625 0.0751953125 0.060546875
0 0.90576171875 0.29638671875 0.0537109375 0.0849609375
0 0.83984375 0.259765625 0.0625 0.083984375
0 0.66259765625 0.25244140625 0.0615234375 0.0732421875
0 0.64306640625 0.30615234375 0.0615234375 0.0751953125
0 0.62353515625 0.22021484375 0.0419921875 0.0849609375
0 0.513671875 0.2734375 0.095703125 0.07421875
0 0.52490234375 0.3115234375 0.0419921875 0.056640625
0 0.40478515625 0.31787109375 0.0576171875 0.0986328125
0 0.380859375 0.40185546875 0.0546875 0.0732421875
0 0.31787109375 0.373046875 0.0732421875 0.076171875
0 0.18212890625 0.3642578125 0.0888671875 0.060546875
0 0.26416015625 0.44384765625 0.1044921875 0.0576171875
0 0.4443359375 0.412109375 0.08203125 0.060546875
0 0.4775390625 0.37451171875 0.064453125 0.0615234375
0 0.55859375 0.4267578125 0.1171875 0.05078125
0 0.7021484375 0.45361328125 0.103515625 0.0693359375
0 0.76806640625 0.4580078125 0.0458984375 0.041015625
0 0.8330078125 0.48779296875 0.076171875 0.0615234375
0 0.80419921875 0.38671875 0.0595703125 0.064453125
0 0.02734375 0.224609375 0.0546875 0.08203125
0 0.01953125 0.421875 0.0390625 0.041015625
0 0.1689453125 0.5693359375 0.078125 0.072265625
0 0.10498046875 0.54150390625 0.0576171875 0.0888671875
0 0.08154296875 0.5791015625 0.0498046875 0.05859375
0 0.13134765625 0.673828125 0.0712890625 0.05859375
0 0.169921875 0.65673828125 0.068359375 0.0517578125
0 0.2958984375 0.70556640625 0.072265625 0.0498046875
0 0.1025390625 0.71240234375 0.1640625 0.0478515625
0 0.052734375 0.76416015625 0.103515625 0.0693359375
0 0.1669921875 0.78759765625 0.146484375 0.0654296875
0 0.1787109375 0.88427734375 0.109375 0.0537109375
0 0.35693359375 0.85791015625 0.0654296875 0.0595703125
0 0.39501953125 0.8212890625 0.0537109375 0.044921875
0 0.41357421875 0.7880859375 0.1357421875 0.056640625
0 0.3056640625 0.77197265625 0.1015625 0.0439453125
0 0.29150390625 0.8115234375 0.0947265625 0.048828125
0 0.5498046875 0.7177734375 0.080078125 0.07421875
0 0.5615234375 0.6796875 0.05859375 0.046875
0 0.51513671875 0.62548828125 0.0615234375 0.0458984375
0 0.44140625 0.6142578125 0.06640625 0.048828125
0 0.49267578125 0.5517578125 0.0595703125 0.046875
0 0.51953125 0.50732421875 0.08203125 0.0498046875
0 0.7294921875 0.63671875 0.115234375 0.076171875
0 0.67724609375 0.685546875 0.0732421875 0.064453125
0 0.6396484375 0.7158203125 0.0703125 0.083984375
0 0.59521484375 0.78369140625 0.0732421875 0.0869140625
0 0.69287109375 0.7998046875 0.0869140625 0.0625
0 0.705078125 0.8427734375 0.076171875 0.03125
0 0.63720703125 0.8857421875 0.0693359375 0.04296875
0 0.419921875 0.90380859375 0.064453125 0.0478515625
0 0.92578125 0.65869140625 0.0625 0.0771484375
0 0.8955078125 0.7783203125 0.0546875 0.056640625
0 0.9833984375 0.80908203125 0.033203125 0.0732421875
0 0.99072265625 0.86328125 0.0185546875 0.044921875
0 0.91259765625 0.82666015625 0.0380859375 0.0498046875
0 0.95361328125 0.8837890625 0.0712890625 0.05078125
0 0.86572265625 0.833984375 0.0751953125 0.0625
0 0.77197265625 0.82421875 0.0771484375 0.044921875
0 0.77490234375 0.76513671875 0.0556640625 0.0478515625
0 0.20263671875 0.025390625 0.0986328125 0.05078125
0 0.306640625 0.0234375 0.07421875 0.046875
0 0.970703125 0.07666015625 0.05859375 0.0693359375
0 0.0537109375 0.01953125 0.0703125 0.0390625
0 0.81201171875 0.986328125 0.0712890625 0.02734375
0 0.8037109375 0.9580078125 0.087890625 0.041015625
0 0.3388671875 0.59619140625 0.064453125 0.0595703125
0 0.14501953125 0.8251953125 0.0537109375 0.04296875
0 0.49853515625 0.3525390625 0.0556640625 0.046875
0 0.52294921875 0.3994140625 0.0380859375 0.0546875
0 0.5498046875 0.3984375 0.037109375 0.03515625
0 0.58447265625 0.45751953125 0.0517578125 0.0361328125
0 0.96484375 0.857421875 0.0390625 0.044921875
0 0.9365234375 0.837890625 0.03515625 0.05078125
0 0.95458984375 0.7900390625 0.0322265625 0.037109375
