0 0.537109375 0.88330078125 0.115234375 0.0966796875
0 0.287109375 0.63330078125 0.109375 0.0732421875
0 0.54833984375 0.54541015625 0.0830078125 0.1025390625
0 0.96728515625 0.5244140625 0.0654296875 0.095703125
0 0.14453125 0.55712890625 0.0703125 0.1142578125
0 0.55859375 0.12060546875 0.107421875 0.0869140625
0 0.35595703125 0.3095703125 0.0771484375 0.109375
0 0.787109375 0.37744140625 0.060546875 0.0849609375
0 0.7158203125 0.38916015625 0.078125 0.0751953125
0 0.447265625 0.2734375 0.080078125 0.09765625
0 0.4892578125 0.7646484375 0.08984375 0.1953125
0 0.314453125 0.38671875 0.099609375 0.080078125
0 0.70361328125 0.74462890625 0.1025390625 0.1552734375
0 0.23486328125 0.94775390625 0.0615234375 0.1025390625
0 0.3779296875 0.86328125 0.0625 0.1015625
0 0.62060546875 0.39111328125 0.0771484375 0.1376953125
0 0.546875 0.2861328125 0.064453125 0.177734375
0 0.72705078125 0.16943359375 0.1357421875 0.1552734375
0 0.67724609375 0.24462890625 0.0947265625 0.1005859375
0 0.14599609375 0.81201171875 0.1025390625 0.1708984375
0 0.8046875 0.13720703125 0.115234375 0.0654296875
0 0.87939453125 0.80322265625 0.1474609375 0.1220703125
0 0.11083984375 0.3017578125 0.0517578125 0.0546875
0 0.13818359375 0.1220703125 0.0830078125 0.115234375
0 0.83935546875 0.72705078125 0.0947265625 0.1455078125
0 0.61083984375 0.9443359375 0.0673828125 0.10546875
0 0.6357421875 0.689453125 0.068359375 0.060546875
0 0.04345703125 0.884765625 0.0830078125 0.115234375
0 0.53076171875 0.60546875 0.0673828125 0.052734375
0 0.70361328125 0.94677734375 0.0673828125 0.0947265625
0 0.73974609375 0.32568359375 0.0498046875 0.0478515625
0 0.0517578125 0.22802734375 0.099609375 0.0771484375
0 0.02685546875 0.64501953125 0.0537109375 0.0498046875
0 0.08984375 0.17822265625 0.0703125 0.0576171875
0 0.033203125 0.3408203125 0.0625 0.0625
0 0.60693359375 0.28955078125 0.0498046875 0.0595703125
0 0.10791015625 0.96484375 0.0576171875 0.0703125
0 0.44580078125 0.97607421875 0.0517578125 0.0478515625
0 0.56640625 0.98046875 0.060546875 0.0390625
0 0.63330078125 0.36328125 0.0517578125 0.052734375
0 0.8818359375 0.1357421875 0.064453125 0.09765625
