0 0.75244140625 0.09033203125 0.0888671875 0.0810546875
0 0.662109375 0.056640625 0.078125 0.11328125
0 0.091796875 0.2314453125 0.1015625 0.072265625
0 0.3515625 0.68798828125 0.09375 0.0595703125
0 0.38427734375 0.56201171875 0.0869140625 0.0712890625
0 0.84326171875 0.68798828125 0.0693359375 0.1162109375
0 0.13916015625 0.12646484375 0.1025390625 0.1083984375
0 0.3837890625 0.49365234375 0.107421875 0.1083984375
0 0.892578125 0.7314453125 0.083984375 0.072265625
0 0.71728515625 0.19482421875 0.1201171875 0.0810546875
0 0.35546875 0.740234375 0.06640625 0.095703125
0 0.64501953125 0.5595703125 0.1337890625 0.087890625
0 0.60693359375 0.091796875 0.0966796875 0.080078125
0 0.8232421875 0.89306640625 0.146484375 0.1494140625
0 0.95849609375 0.517578125 0.0830078125 0.08203125
0 0.0673828125 0.9365234375 0.115234375 0.126953125
0 0.4482421875 0.0625 0.15234375 0.09765625
0 0.59912109375 0.7705078125 0.1142578125 0.107421875
0 0.63671875 0.25048828125 0.15625 0.1591796875
0 0.470703125 0.765625 0.166015625 0.169921875
0 0.6826171875 0.98681640625 0.1015625 0.0263671875
0 0.3349609375 0.17236328125 0.16015625 0.0634765625
0 0.9736328125 0.16650390625 0.052734375 0.0771484375
0 0.85888671875 0.17626953125 0.1201171875 0.0712890625
0 0.02685546875 0.9814453125 0.0537109375 0.037109375
0 0.16015625 0.9775390625 0.0546875 0.044921875
0 0.3251953125 0.66064453125 0.05078125 0.0673828125
0 0.75146484375 0.52490234375 0.0966796875 0.0654296875
0 0.81982421875 0.60302734375 0.0927734375 0.0712890625
0 0.84375 0.54638671875 0.0703125 0.0654296875
0 0.82275390625 0.49560546875 0.0693359375 0.0673828125
0 0.95166015625 0.4443359375 0.0615234375 0.083984375
0 0.25146484375 0.509765625 0.1005859375 0.07421875
0 0.1630859375 0.5283203125 0.083984375 0.0859375
0 0.10400390625 0.50634765625 0.0986328125 0.0791015625
0 0.060546875 0.52587890625 0.064453125 0.1357421875
0 0.03564453125 0.54296875 0.0712890625 0.056640625
0 0.2333984375 0.357421875 0.1015625 0.0703125
0 0.2236328125 0.19580078125 0.064453125 0.0791015625
0 0.8544921875 0.27294921875 0.072265625 0.0732421875
0 0.83642578125 0.2861328125 0.1240234375 0.1015625
0 0.85302734375 0.23681640625 0.1513671875 0.0966796875
0 0.6533203125 0.119140625 0.16796875 0.056640625
0 0.859375 0.07421875 0.138671875 0.123046875
0 0.8544921875 0.1015625 0.103515625 0.05078125
0 0.86181640625 0.0244140625 0.0947265625 0.044921875
