0 0.32958984375 0.7783203125 0.1298828125 0.09765625
0 0.576171875 0.193359375 0.09765625 0.091796875
0 0.3642578125 0.23681640625 0.08984375 0.0751953125
0 0.15673828125 0.951171875 0.1103515625 0.09765625
0 0.2509765625 0.5771484375 0.1171875 0.08984375
0 0.08056640625 0.7705078125 0.0673828125 0.072265625
0 0.64794921875 0.85986328125 0.1025390625 0.0751953125
0 0.572265625 0.6845703125 0.099609375 0.080078125
0 0.7060546875 0.2568359375 0.1171875 0.14453125
0 0.61328125 0.76953125 0.15234375 0.080078125
0 0.03466796875 0.4833984375 0.0693359375 0.09765625
0 0.9033203125 0.55078125 0.126953125 0.08203125
0 0.0185546875 0.29443359375 0.037109375 0.1357421875
0 0.52294921875 0.5234375 0.1025390625 0.123046875
0 0.96484375 0.8896484375 0.0703125 0.044921875
0 0.23095703125 0.21728515625 0.0771484375 0.0751953125
0 0.39208984375 0.9306640625 0.1103515625 0.087890625
0 0.77783203125 0.765625 0.1474609375 0.087890625
0 0.71728515625 0.03955078125 0.1845703125 0.0751953125
0 0.63330078125 0.45849609375 0.0927734375 0.1220703125
0 0.12060546875 0.1923828125 0.0927734375 0.08984375
0 0.630859375 0.6220703125 0.107421875 0.064453125
0 0.46337890625 0.09228515625 0.0732421875 0.0849609375
0 0.42041015625 0.42333984375 0.1123046875 0.0673828125
0 0.04443359375 0.41357421875 0.0751953125 0.0673828125
0 0.7470703125 0.10595703125 0.189453125 0.0830078125
0 0.5244140625 0.9921875 0.08984375 0.015625
0 0.541015625 0.95849609375 0.09765625 0.0830078125
0 0.19580078125 0.76318359375 0.0673828125 0.0673828125
0 0.0732421875 0.91845703125 0.072265625 0.0673828125
0 0.33056640625 0.453125 0.0771484375 0.0625
0 0.189453125 0.3095703125 0.064453125 0.0703125
0 0.6943359375 0.54833984375 0.064453125 0.0673828125
0 0.25830078125 0.90576171875 0.0869140625 0.0966796875
0 0.03857421875 0.1396484375 0.0771484375 0.10546875
0 0.40087890625 0.05078125 0.0869140625 0.078125
0 0.06787109375 0.634765625 0.0576171875 0.0546875
0 0.685546875 0.36572265625 0.08203125 0.0830078125
0 0.162109375 0.0869140625 0.064453125 0.064453125
0 0.1357421875 0.55615234375 0.056640625 0.1025390625
0 0.95703125 0.470703125 0.080078125 0.078125
0 0.7607421875 0.36865234375 0.087890625 0.0673828125
0 0.25537109375 0.4306640625 0.0576171875 0.052734375
0 0.3544921875 0.0283203125 0.140625 0.052734375
0 0.10693359375 0.015625 0.1044921875 0.02734375
0 0.4609375 0.56689453125 0.052734375 0.0595703125
0 0.974609375 0.1484375 0.05078125 0.072265625
0 0.96240234375 0.20458984375 0.0751953125 0.0498046875
0 0.974609375 0.34423828125 0.05078125 0.0498046875
0 0.978515625 0.6044921875 0.04296875 0.044921875
0 0.9609375 0.70849609375 0.078125 0.0576171875
0 0.75244140625 0.67333984375 0.0849609375 0.0576171875
