0 0.06787109375 0.9326171875 0.0673828125 0.064453125
0 0.16064453125 0.87255859375 0.0615234375 0.0791015625
0 0.68701171875 0.982421875 0.0556640625 0.03515625
0 0.6767578125 0.91015625 0.068359375 0.068359375
0 0.9365234375 0.89697265625 0.091796875 0.0673828125
0 0.94482421875 0.98291015625 0.0537109375 0.0341796875
0 0.79541015625 0.8505859375 0.0576171875 0.056640625
0 0.97998046875 0.79541015625 0.0400390625 0.0693359375
0 0.96484375 0.72607421875 0.0703125 0.0478515625
0 0.8720703125 0.796875 0.080078125 0.123046875
0 0.8251953125 0.76025390625 0.0546875 0.0634765625
0 0.85693359375 0.70654296875 0.0634765625 0.0654296875
0 0.8037109375 0.70849609375 0.056640625 0.0654296875
0 0.638671875 0.75927734375 0.078125 0.0712890625
0 0.60205078125 0.67822265625 0.0986328125 0.0810546875
0 0.4892578125 0.87646484375 0.1015625 0.0869140625
0 0.40869140625 0.78173828125 0.0673828125 0.0869140625
0 0.60888671875 0.58984375 0.0927734375 0.087890625
0 0.5546875 0.515625 0.06640625 0.068359375
0 0.26904296875 0.56689453125 0.0693359375 0.0654296875
0 0.474609375 0.46240234375 0.087890625 0.0927734375
0 0.51416015625 0.41552734375 0.0634765625 0.0693359375
0 0.47216796875 0.37255859375 0.0712890625 0.0595703125
0 0.337890625 0.39111328125 0.078125 0.0576171875
0 0.7587890625 0.439453125 0.0859375 0.09765625
0 0.6083984375 0.33984375 0.068359375 0.06640625
0 0.64794921875 0.30908203125 0.0654296875 0.0576171875
0 0.85498046875 0.40673828125 0.0537109375 0.0810546875
0 0.8984375 0.361328125 0.068359375 0.09765625
0 0.96435546875 0.3388671875 0.0712890625 0.083984375
0 0.7890625 0.2548828125 0.06640625 0.072265625
0 0.8505859375 0.20703125 0.07421875 0.087890625
0 0.80078125 0.17431640625 0.060546875 0.1005859375
0 0.58251953125 0.1923828125 0.0751953125 0.0546875
0 0.546875 0.1416015625 0.080078125 0.072265625
0 0.6044921875 0.0712890625 0.083984375 0.078125
0 0.29345703125 0.23779296875 0.0888671875 0.0966796875
0 0.34716796875 0.14404296875 0.0888671875 0.0712890625
0 0.16064453125 0.13037109375 0.0634765625 0.0693359375
0 0.30712890625 0.03515625 0.0654296875 0.068359375
0 0.1953125 0.3154296875 0.05859375 0.080078125
0 0.15283203125 0.3037109375 0.0537109375 0.0859375
0 0.11279296875 0.25634765625 0.0556640625 0.0595703125
0 0.04052734375 0.28369140625 0.0576171875 0.0595703125
0 0.0283203125 0.43798828125 0.056640625 0.0615234375
0 0.04638671875 0.49169921875 0.0810546875 0.0478515625
0 0.10400390625 0.53857421875 0.0751953125 0.0576171875
0 0.908203125 0.09423828125 0.06640625 0.0693359375
0 0.97607421875 0.07666015625 0.0478515625 0.1025390625
0 0.37744140625 0.9560546875 0.0791015625 0.07421875
0 0.26806640625 0.958984375 0.0634765625 0.056640625
0 0.177734375 0.94775390625 0.056640625 0.0615234375
0 0.2431640625 0.8359375 0.0859375 0.068359375
0 0.79736328125 0.08349609375 0.0595703125 0.0654296875
0 0.74267578125 0.56005859375 0.0595703125 0.0654296875
0 0.46875 0.01904296875 0.087890625 0.0361328125
0 0.32763671875 0.1015625 0.0771484375 0.076171875
0 0.68212890625 0.005859375 0.0419921875 0.01171875
0 0.81640625 0.0546875 0.083984375 0.052734375
0 0.7197265625 0.4150390625 0.064453125 0.060546875
0 0.63330078125 0.98779296875 0.0439453125 0.0244140625
0 0.25048828125 0.98876953125 0.0498046875 0.0224609375
0 0.1025390625 0.31396484375 0.056640625 0.0634765625
0 0.98681640625 0.01416015625 0.0263671875 0.0283203125
