0 0.05322265625 0.560546875 0.0966796875 0.0703125
0 0.1357421875 0.4931640625 0.078125 0.076171875
0 0.1513671875 0.60693359375 0.068359375 0.0576171875
0 0.09814453125 0.70166015625 0.0986328125 0.0712890625
0 0.13232421875 0.765625 0.0712890625 0.056640625
0 0.1689453125 0.72021484375 0.044921875 0.0498046875
0 0.2265625 0.6669921875 0.1015625 0.103515625
0 0.1328125 0.6552734375 0.07421875 0.05078125
0 0.3251953125 0.5185546875 0.083984375 0.068359375
0 0.3681640625 0.453125 0.091796875 0.0703125
0 0.5 0.62548828125 0.068359375 0.0654296875
0 0.49267578125 0.69189453125 0.0888671875 0.0693359375
0 0.30712890625 0.8154296875 0.0654296875 0.09375
0 0.37646484375 0.81494140625 0.0673828125 0.1064453125
0 0.4248046875 0.8876953125 0.078125 0.080078125
0 0.27294921875 0.89208984375 0.0654296875 0.0654296875
0 0.28271484375 0.9736328125 0.0654296875 0.052734375
0 0.1689453125 0.97314453125 0.068359375 0.0537109375
0 0.7021484375 0.96337890625 0.126953125 0.0732421875
0 0.87451171875 0.9814453125 0.0634765625 0.03515625
0 0.57666015625 0.90283203125 0.0908203125 0.0439453125
0 0.87353515625 0.73828125 0.0712890625 0.087890625
0 0.9453125 0.81396484375 0.048828125 0.0732421875
0 0.96533203125 0.759765625 0.0693359375 0.068359375
0 0.9267578125 0.69677734375 0.091796875 0.0654296875
0 0.94140625 0.64404296875 0.072265625 0.0595703125
0 0.892578125 0.91064453125 0.0703125 0.0595703125
0 0.84033203125 0.55712890625 0.0712890625 0.0712890625
0 0.900390625 0.58349609375 0.05859375 0.0634765625
0 0.7900390625 0.47021484375 0.072265625 0.0810546875
0 0.95654296875 0.45166015625 0.0654296875 0.0595703125
0 0.78662109375 0.34375 0.0771484375 0.080078125
0 0.74462890625 0.22802734375 0.0615234375 0.0595703125
0 0.5966796875 0.2705078125 0.0703125 0.064453125
0 0.59375 0.21630859375 0.07421875 0.0693359375
0 0.4677734375 0.2353515625 0.076171875 0.056640625
0 0.53125 0.275390625 0.056640625 0.056640625
0 0.498046875 0.162109375 0.072265625 0.068359375
0 0.40673828125 0.1865234375 0.1005859375 0.083984375
0 0.0380859375 0.296875 0.076171875 0.0859375
0 0.03369140625 0.3876953125 0.0595703125 0.072265625
0 0.130859375 0.19873046875 0.078125 0.0888671875
0 0.1689453125 0.12158203125 0.109375 0.0830078125
0 0.2861328125 0.0908203125 0.08203125 0.068359375
0 0.2119140625 0.0185546875 0.091796875 0.037109375
0 0.31689453125 0.0166015625 0.0771484375 0.033203125
0 0.419921875 0.0615234375 0.060546875 0.056640625
0 0.53857421875 0.07861328125 0.0771484375 0.0771484375
0 0.62109375 0.01806640625 0.0703125 0.0361328125
0 0.6416015625 0.06591796875 0.068359375 0.0654296875
0 0.71044921875 0.04052734375 0.0712890625 0.0654296875
0 0.81005859375 0.041015625 0.0771484375 0.068359375
0 0.86572265625 0.14697265625 0.0654296875 0.0810546875
0 0.93017578125 0.15087890625 0.0771484375 0.0654296875
0 0.97607421875 0.220703125 0.0478515625 0.078125
0 0.64208984375 0.7353515625 0.0595703125 0.05859375
0 0.07275390625 0.19677734375 0.0712890625 0.1025390625
0 0.93408203125 0.96044921875 0.0634765625 0.0712890625
0 0.576171875 0.8798828125 0.095703125 0.041015625
0 0.02880859375 0.54833984375 0.0537109375 0.0830078125
