0 0.0361328125 0.05029296875 0.0625 0.0712890625
0 0.0859375 0.0732421875 0.07421875 0.0546875
0 0.13623046875 0.0546875 0.0458984375 0.07421875
0 0.96923828125 0.2822265625 0.0576171875 0.080078125
0 0.3125 0.03857421875 0.046875 0.0751953125
0 0.10888671875 0.1484375 0.0986328125 0.037109375
0 0.1171875 0.18896484375 0.076171875 0.0693359375
0 0.0576171875 0.17724609375 0.107421875 0.0830078125
0 0.32666015625 0.20751953125 0.0595703125 0.0439453125
0 0.265625 0.28759765625 0.078125 0.0302734375
0 0.33984375 0.1064453125 0.099609375 0.052734375
0 0.56201171875 0.0830078125 0.0986328125 0.064453125
0 0.595703125 0.12646484375 0.05859375 0.0302734375
0 0.52978515625 0.2041015625 0.0595703125 0.0234375
0 0.5869140625 0.24609375 0.072265625 0.041015625
0 0.48046875 0.25732421875 0.1015625 0.0478515625
0 0.82275390625 0.10546875 0.0810546875 0.0625
0 0.7939453125 0.029296875 0.07421875 0.05859375
0 0.90478515625 0.03173828125 0.0439453125 0.0634765625
0 0.94482421875 0.09375 0.0517578125 0.080078125
0 0.93798828125 0.10302734375 0.0712890625 0.0380859375
0 0.916015625 0.18505859375 0.048828125 0.0361328125
0 0.7939453125 0.283203125 0.05078125 0.044921875
0 0.84033203125 0.40478515625 0.0458984375 0.0380859375
0 0.51220703125 0.55517578125 0.0615234375 0.0654296875
0 0.3720703125 0.552734375 0.09375 0.0546875
0 0.39013671875 0.61376953125 0.0576171875 0.0517578125
0 0.2841796875 0.64208984375 0.087890625 0.0419921875
0 0.27685546875 0.666015625 0.1142578125 0.0390625
0 0.02685546875 0.580078125 0.0537109375 0.041015625
0 0.03076171875 0.61181640625 0.0576171875 0.0634765625
0 0.099609375 0.72998046875 0.068359375 0.0185546875
0 0.1201171875 0.8271484375 0.11328125 0.05078125
0 0.2587890625 0.767578125 0.0625 0.02734375
0 0.34228515625 0.787109375 0.0791015625 0.064453125
0 0.5068359375 0.6630859375 0.083984375 0.033203125
0 0.51025390625 0.71240234375 0.0791015625 0.0263671875
0 0.5390625 0.74658203125 0.08203125 0.0263671875
0 0.50537109375 0.78173828125 0.1025390625 0.0439453125
0 0.62548828125 0.7763671875 0.1025390625 0.046875
0 0.654296875 0.6533203125 0.0703125 0.041015625
0 0.7587890625 0.6494140625 0.06640625 0.0546875
0 0.88134765625 0.57470703125 0.0478515625 0.0634765625
0 0.90966796875 0.6328125 0.0556640625 0.08203125
0 0.8779296875 0.65576171875 0.0546875 0.0361328125
0 0.9248046875 0.7109375 0.0859375 0.044921875
0 0.98291015625 0.68505859375 0.0341796875 0.0419921875
0 0.77685546875 0.73486328125 0.0361328125 0.0380859375
0 0.81103515625 0.765625 0.0380859375 0.048828125
0 0.90966796875 0.86865234375 0.0615234375 0.0439453125
0 0.9443359375 0.919921875 0.080078125 0.044921875
0 0.91845703125 0.11865234375 0.0654296875 0.0478515625
0 0.06298828125 0.3037109375 0.0908203125 0.044921875
