0 0.0283203125 0.572265625 0.056640625 0.052734375
0 0.12255859375 0.7255859375 0.1572265625 0.080078125
0 0.3076171875 0.64208984375 0.119140625 0.0712890625
0 0.19970703125 0.5302734375 0.0595703125 0.076171875
0 0.1591796875 0.63720703125 0.076171875 0.0830078125
0 0.064453125 0.482421875 0.10546875 0.087890625
0 0.0634765625 0.5361328125 0.078125 0.04296875
0 0.14306640625 0.45361328125 0.1142578125 0.0849609375
0 0.05419921875 0.9755859375 0.0869140625 0.048828125
0 0.24755859375 0.88427734375 0.0517578125 0.0634765625
0 0.30908203125 0.8857421875 0.1103515625 0.064453125
0 0.37451171875 0.9716796875 0.0751953125 0.056640625
0 0.50341796875 0.9677734375 0.0654296875 0.0625
0 0.37255859375 0.54248046875 0.0576171875 0.0615234375
0 0.32373046875 0.43896484375 0.0869140625 0.0634765625
0 0.40966796875 0.4677734375 0.0830078125 0.0546875
0 0.4619140625 0.4130859375 0.09765625 0.05859375
0 0.58740234375 0.5625 0.0732421875 0.091796875
0 0.5888671875 0.6376953125 0.060546875 0.1171875
0 0.65234375 0.50732421875 0.123046875 0.0654296875
0 0.54345703125 0.365234375 0.0966796875 0.0546875
0 0.541015625 0.23779296875 0.0703125 0.1142578125
0 0.05224609375 0.3515625 0.1044921875 0.0546875
0 0.158203125 0.30224609375 0.08984375 0.0576171875
0 0.27392578125 0.34765625 0.1103515625 0.068359375
0 0.23486328125 0.23486328125 0.0986328125 0.0712890625
0 0.0791015625 0.18408203125 0.083984375 0.0615234375
0 0.07666015625 0.2724609375 0.0654296875 0.0625
0 0.35595703125 0.2109375 0.0693359375 0.060546875
0 0.349609375 0.14208984375 0.06640625 0.0517578125
0 0.41259765625 0.1533203125 0.0693359375 0.0546875
0 0.52490234375 0.03271484375 0.0966796875 0.0654296875
0 0.61962890625 0.10400390625 0.0654296875 0.0751953125
0 0.80224609375 0.04931640625 0.0947265625 0.0693359375
0 0.029296875 0.072265625 0.05859375 0.072265625
0 0.33544921875 0.029296875 0.1103515625 0.05078125
0 0.97509765625 0.37158203125 0.0498046875 0.0712890625
0 0.25244140625 0.091796875 0.1083984375 0.134765625
0 0.96142578125 0.6064453125 0.0771484375 0.06640625
0 0.8251953125 0.13037109375 0.072265625 0.0537109375
0 0.88330078125 0.16064453125 0.0654296875 0.0517578125
0 0.779296875 0.2265625 0.076171875 0.076171875
0 0.7685546875 0.31689453125 0.11328125 0.1005859375
0 0.70751953125 0.35107421875 0.0712890625 0.0732421875
0 0.93115234375 0.3173828125 0.0654296875 0.1171875
0 0.7705078125 0.4228515625 0.083984375 0.044921875
0 0.796875 0.46044921875 0.166015625 0.0908203125
0 0.84716796875 0.5341796875 0.1572265625 0.0625
0 0.9521484375 0.52587890625 0.09375 0.0771484375
0 0.9599609375 0.46435546875 0.080078125 0.0478515625
0 0.865234375 0.62255859375 0.080078125 0.0693359375
0 0.9140625 0.68701171875 0.0859375 0.0458984375
0 0.81396484375 0.7568359375 0.0654296875 0.0546875
0 0.9169921875 0.76416015625 0.0703125 0.0498046875
0 0.62548828125 0.794921875 0.1044921875 0.064453125
0 0.70166015625 0.8642578125 0.0634765625 0.056640625
0 0.6943359375 0.9306640625 0.0625 0.052734375
0 0.65625 0.96826171875 0.103515625 0.0634765625
0 0.88427734375 0.80908203125 0.0673828125 0.0419921875
0 0.41259765625 0.59228515625 0.0537109375 0.0595703125
0 0.03076171875 0.140625 0.0517578125 0.048828125
0 0.3623046875 0.6748046875 0.060546875 0.048828125
0 0.18310546875 0.259765625 0.0537109375 0.044921875
0 0.71875 0.908203125 0.0546875 0.029296875
