0 0.6484375 0.1904296875 0.06640625 0.083984375
0 0.54833984375 0.25146484375 0.0556640625 0.0654296875
0 0.4755859375 0.21044921875 0.060546875 0.0947265625
0 0.287109375 0.10888671875 0.087890625 0.0751953125
0 0.2509765625 0.02294921875 0.0703125 0.0458984375
0 0.04345703125 0.13427734375 0.0654296875 0.1103515625
0 0.1005859375 0.1650390625 0.076171875 0.076171875
0 0.14599609375 0.265625 0.0869140625 0.052734375
0 0.09716796875 0.2958984375 0.0517578125 0.0546875
0 0.26416015625 0.25390625 0.0615234375 0.0703125
0 0.2412109375 0.33203125 0.072265625 0.05859375
0 0.029296875 0.40478515625 0.05859375 0.0439453125
0 0.0380859375 0.55908203125 0.068359375 0.1416015625
0 0.10498046875 0.6005859375 0.0654296875 0.1171875
0 0.2294921875 0.59130859375 0.12890625 0.1298828125
0 0.306640625 0.58837890625 0.11328125 0.0986328125
0 0.400390625 0.6005859375 0.083984375 0.080078125
0 0.1826171875 0.76171875 0.072265625 0.11328125
0 0.48388671875 0.7373046875 0.0732421875 0.09375
0 0.49853515625 0.580078125 0.0693359375 0.111328125
0 0.56884765625 0.54248046875 0.0947265625 0.1064453125
0 0.3681640625 0.46875 0.1015625 0.056640625
0 0.4814453125 0.45361328125 0.07421875 0.0673828125
0 0.64208984375 0.32958984375 0.1103515625 0.0478515625
0 0.69921875 0.41650390625 0.080078125 0.0615234375
0 0.87255859375 0.314453125 0.0810546875 0.068359375
0 0.8134765625 0.1474609375 0.072265625 0.052734375
0 0.1845703125 0.0302734375 0.08203125 0.060546875
0 0.39599609375 0.79931640625 0.1279296875 0.0576171875
0 0.22900390625 0.86962890625 0.0673828125 0.0458984375
0 0.25048828125 0.94091796875 0.0732421875 0.1181640625
0 0.33935546875 0.94189453125 0.0673828125 0.1162109375
0 0.7392578125 0.8173828125 0.0625 0.05859375
0 0.5927734375 0.90234375 0.0859375 0.13671875
0 0.4755859375 0.93896484375 0.078125 0.0556640625
0 0.48681640625 0.83837890625 0.0615234375 0.0791015625
0 0.4384765625 0.86181640625 0.05078125 0.0439453125
0 0.87353515625 0.7021484375 0.0712890625 0.08984375
0 0.70458984375 0.6513671875 0.1494140625 0.126953125
0 0.81298828125 0.861328125 0.0869140625 0.087890625
0 0.80859375 0.91455078125 0.10546875 0.0771484375
0 0.966796875 0.7939453125 0.06640625 0.11328125
0 0.9716796875 0.92578125 0.056640625 0.09765625
0 0.9794921875 0.6494140625 0.041015625 0.08203125
0 0.96728515625 0.7021484375 0.0654296875 0.060546875
0 0.69384765625 0.53125 0.0693359375 0.0546875
0 0.83740234375 0.4580078125 0.0693359375 0.0625
0 0.9375 0.42919921875 0.060546875 0.0732421875
