0 0.1240234375 0.81298828125 0.087890625 0.0869140625
0 0.31787109375 0.43212890625 0.0615234375 0.0810546875
0 0.21337890625 0.091796875 0.0576171875 0.095703125
0 0.54833984375 0.51025390625 0.0654296875 0.0966796875
0 0.8173828125 0.4638671875 0.0625 0.076171875
0 0.16064453125 0.3076171875 0.0556640625 0.08203125
0 0.4130859375 0.33154296875 0.05859375 0.1064453125
0 0.4794921875 0.10888671875 0.06640625 0.0751953125
0 0.11328125 0.0390625 0.091796875 0.078125
0 0.67236328125 0.041015625 0.0732421875 0.080078125
0 0.931640625 0.751953125 0.037109375 0.076171875
0 0.7412109375 0.28466796875 0.0703125 0.0751953125
0 0.6962890625 0.74462890625 0.119140625 0.1279296875
0 0.0703125 0.52197265625 0.056640625 0.0751953125
0 0.54052734375 0.82373046875 0.0654296875 0.1044921875
0 0.08837890625 0.67041015625 0.0888671875 0.1064453125
0 0.53955078125 0.697265625 0.0751953125 0.10546875
0 0.23095703125 0.720703125 0.1044921875 0.130859375
0 0.7705078125 0.27099609375 0.05859375 0.0732421875
0 0.64404296875 0.23193359375 0.0498046875 0.0654296875
0 0.38232421875 0.0654296875 0.1220703125 0.072265625
0 0.02587890625 0.408203125 0.0517578125 0.044921875
0 0.76025390625 0.04736328125 0.0361328125 0.0927734375
0 0.048828125 0.89208984375 0.09375 0.0439453125
0 0.9228515625 0.52734375 0.03515625 0.1015625
0 0.46044921875 0.23193359375 0.1142578125 0.0615234375
0 0.03955078125 0.22265625 0.0634765625 0.0703125
0 0.89111328125 0.86669921875 0.0478515625 0.0654296875
0 0.9375 0.0751953125 0.05078125 0.126953125
0 0.296875 0.8779296875 0.095703125 0.037109375
0 0.8115234375 0.97705078125 0.03515625 0.0458984375
0 0.66943359375 0.1337890625 0.1103515625 0.076171875
0 0.1484375 0.02294921875 0.044921875 0.0458984375
0 0.18310546875 0.3955078125 0.0537109375 0.1328125
0 0.771484375 0.36669921875 0.064453125 0.0517578125
0 0.92529296875 0.44921875 0.0419921875 0.095703125
0 0.8525390625 0.724609375 0.05078125 0.03515625
0 0.69970703125 0.4609375 0.0537109375 0.04296875
0 0.54833984375 0.74609375 0.0361328125 0.080078125
0 0.19873046875 0.20361328125 0.1083984375 0.1123046875
0 0.09814453125 0.18115234375 0.0244140625 0.0615234375
0 0.0166015625 0.70556640625 0.033203125 0.0458984375
0 0.7880859375 0.607421875 0.052734375 0.052734375
0 0.005859375 0.05078125 0.01171875 0.052734375
0 0.1181640625 0.90234375 0.05078125 0.06640625
0 0.39453125 0.537109375 0.08203125 0.064453125
0 0.2578125 0.2373046875 0.07421875 0.080078125
0 0.00927734375 0.56005859375 0.0185546875 0.0498046875
0 0.44140625 0.84130859375 0.052734375 0.0439453125
0 0.25244140625 0.390625 0.0537109375 0.08984375
0 0.0654296875 0.701171875 0.044921875 0.046875
0 0.67919921875 0.9560546875 0.0361328125 0.046875
0 0.6904296875 0.1875 0.091796875 0.048828125
0 0.0361328125 0.77783203125 0.044921875 0.0458984375
0 0.96044921875 0.72607421875 0.0595703125 0.1005859375
0 0.50341796875 0.25537109375 0.0537109375 0.0537109375
0 0.67724609375 0.56396484375 0.0595703125 0.0458984375
0 0.251953125 0.6845703125 0.046875 0.05078125
0 0.94189453125 0.02392578125 0.0283203125 0.0478515625
0 0.43896484375 0.78759765625 0.0498046875 0.0458984375
0 0.97509765625 0.73291015625 0.0478515625 0.0517578125
0 0.89697265625 0.28564453125 0.0888671875 0.0478515625
0 0.7890625 0.03125 0.046875 0.0625
0 0.787109375 0.89404296875 0.099609375 0.0498046875
0 0.95703125 0.25634765625 0.05078125 0.0673828125
0 0.4140625 0.154296875 0.06640625 0.044921875
0 0.4306640625 0.1962890625 0.046875 0.078125
0 0.98828125 0.84521484375 0.0234375 0.0517578125
0 0.36376953125 0.013671875 0.0361328125 0.02734375
0 0.98486328125 0.20849609375 0.0302734375 0.0478515625
0 0.66455078125 0.83984375 0.0693359375 0.033203125
0 0.88232421875 0.21533203125 0.0810546875 0.0537109375
0 0.90478515625 0.44140625 0.0498046875 0.0546875
0 0.876953125 0.03173828125 0.056640625 0.0517578125
0 0.98583984375 0.05419921875 0.0283203125 0.1083984375
0 0.4853515625 0.79443359375 0.064453125 0.0732421875
0 0.6044921875 0.83984375 0.11328125 0.04296875
0 0.873046875 0.25537109375 0.044921875 0.0498046875
