0 0.18701171875 0.130859375 0.1103515625 0.0625
0 0.2744140625 0.2353515625 0.09375 0.06640625
0 0.361328125 0.2744140625 0.080078125 0.08203125
0 0.39111328125 0.07666015625 0.0751953125 0.0849609375
0 0.56494140625 0.10302734375 0.0810546875 0.0732421875
0 0.74560546875 0.138671875 0.0947265625 0.14453125
0 0.9072265625 0.05224609375 0.056640625 0.0576171875
0 0.79541015625 0.27685546875 0.0830078125 0.0771484375
0 0.82080078125 0.19677734375 0.0654296875 0.0732421875
0 0.599609375 0.15380859375 0.068359375 0.0556640625
0 0.705078125 0.35546875 0.1640625 0.125
0 0.9345703125 0.42578125 0.10546875 0.123046875
0 0.91796875 0.28125 0.1015625 0.095703125
0 0.53857421875 0.3955078125 0.0849609375 0.083984375
0 0.3544921875 0.50830078125 0.126953125 0.1376953125
0 0.3837890625 0.36474609375 0.087890625 0.0751953125
0 0.25146484375 0.7646484375 0.1103515625 0.125
0 0.04052734375 0.6494140625 0.0751953125 0.10546875
0 0.0791015625 0.7646484375 0.123046875 0.119140625
0 0.650390625 0.7119140625 0.16015625 0.109375
0 0.45361328125 0.88037109375 0.1162109375 0.0751953125
0 0.2646484375 0.9658203125 0.09765625 0.068359375
0 0.083984375 0.8935546875 0.16796875 0.068359375
0 0.076171875 0.98291015625 0.10546875 0.0341796875
0 0.7490234375 0.93408203125 0.109375 0.0634765625
0 0.86279296875 0.826171875 0.0947265625 0.072265625
0 0.9453125 0.75927734375 0.109375 0.1376953125
0 0.94873046875 0.64453125 0.1025390625 0.142578125
0 0.76123046875 0.974609375 0.1044921875 0.05078125
0 0.95263671875 0.1171875 0.0947265625 0.126953125
0 0.61083984375 0.8115234375 0.0732421875 0.0859375
0 0.18603515625 0.33984375 0.0693359375 0.0546875
0 0.083984375 0.2431640625 0.072265625 0.09375
0 0.0205078125 0.337890625 0.041015625 0.04296875
0 0.099609375 0.04052734375 0.091796875 0.0810546875
0 0.4072265625 0.14501953125 0.13671875 0.0966796875
0 0.56884765625 0.26220703125 0.0908203125 0.0791015625
0 0.1416015625 0.2265625 0.087890625 0.064453125
0 0.787109375 0.4208984375 0.130859375 0.087890625
