0 0.04736328125 0.7216796875 0.0947265625 0.07421875
0 0.09716796875 0.9345703125 0.0927734375 0.087890625
0 0.1640625 0.94677734375 0.068359375 0.1064453125
0 0.20068359375 0.71142578125 0.1533203125 0.0791015625
0 0.28125 0.638671875 0.130859375 0.095703125
0 0.0126953125 0.51318359375 0.025390625 0.1533203125
0 0.04638671875 0.470703125 0.0634765625 0.109375
0 0.10693359375 0.43310546875 0.0517578125 0.0712890625
0 0.0126953125 0.01708984375 0.025390625 0.0341796875
0 0.06201171875 0.02490234375 0.0888671875 0.0498046875
0 0.10107421875 0.22265625 0.0810546875 0.080078125
0 0.1748046875 0.3291015625 0.087890625 0.126953125
0 0.2587890625 0.35302734375 0.068359375 0.0830078125
0 0.20703125 0.45703125 0.115234375 0.08984375
0 0.27490234375 0.46435546875 0.0634765625 0.0830078125
0 0.341796875 0.4794921875 0.080078125 0.05859375
0 0.40966796875 0.56982421875 0.0810546875 0.0869140625
0 0.45947265625 0.59912109375 0.0693359375 0.0654296875
0 0.51025390625 0.744140625 0.0634765625 0.09765625
0 0.5341796875 0.85400390625 0.0859375 0.1005859375
0 0.5498046875 0.9375 0.1015625 0.06640625
0 0.376953125 0.96630859375 0.119140625 0.0673828125
0 0.6591796875 0.76708984375 0.11328125 0.1240234375
0 0.79052734375 0.9716796875 0.0771484375 0.056640625
0 0.14306640625 0.916015625 0.0537109375 0.07421875
0 0.97216796875 0.90673828125 0.0556640625 0.0576171875
0 0.95166015625 0.861328125 0.0966796875 0.05859375
0 0.98681640625 0.73828125 0.0263671875 0.12109375
0 0.82373046875 0.7255859375 0.0673828125 0.0625
0 0.73876953125 0.59228515625 0.0771484375 0.0712890625
0 0.7607421875 0.6650390625 0.087890625 0.05078125
0 0.873046875 0.61572265625 0.111328125 0.0869140625
0 0.94287109375 0.50732421875 0.0869140625 0.1142578125
0 0.6435546875 0.38037109375 0.07421875 0.1162109375
0 0.814453125 0.423828125 0.16796875 0.119140625
0 0.64501953125 0.45166015625 0.0888671875 0.0419921875
0 0.7431640625 0.314453125 0.0859375 0.0859375
0 0.5625 0.26025390625 0.076171875 0.0595703125
0 0.9296875 0.23828125 0.1015625 0.07421875
0 0.96826171875 0.173828125 0.0634765625 0.080078125
0 0.9580078125 0.09912109375 0.083984375 0.0693359375
0 0.7998046875 0.080078125 0.16796875 0.0703125
0 0.81494140625 0.02587890625 0.1357421875 0.0517578125
0 0.4775390625 0.03662109375 0.1015625 0.0732421875
0 0.01806640625 0.11181640625 0.0361328125 0.0478515625
0 0.10498046875 0.68359375 0.0537109375 0.056640625
0 0.763671875 0.26953125 0.0546875 0.052734375
0 0.953125 0.2275390625 0.09375 0.123046875
