0 0.39453125 0.3017578125 0.0859375 0.080078125
0 0.30810546875 0.48681640625 0.0927734375 0.1044921875
0 0.59814453125 0.15234375 0.1025390625 0.080078125
0 0.63916015625 0.02099609375 0.1201171875 0.0419921875
0 0.83203125 0.658203125 0.14453125 0.087890625
0 0.1220703125 0.93359375 0.17578125 0.107421875
0 0.43603515625 0.11328125 0.0771484375 0.078125
0 0.49560546875 0.81103515625 0.0869140625 0.1025390625
0 0.7021484375 0.2861328125 0.125 0.072265625
0 0.42822265625 0.685546875 0.1025390625 0.087890625
0 0.65673828125 0.3544921875 0.0751953125 0.095703125
0 0.68212890625 0.7021484375 0.0654296875 0.080078125
0 0.77734375 0.0556640625 0.0703125 0.0625
0 0.7783203125 0.34814453125 0.142578125 0.0771484375
0 0.23193359375 0.09228515625 0.1396484375 0.0751953125
0 0.6494140625 0.56591796875 0.080078125 0.0927734375
0 0.2548828125 0.78369140625 0.169921875 0.1474609375
0 0.2998046875 0.603515625 0.099609375 0.072265625
0 0.73095703125 0.5009765625 0.0830078125 0.09765625
0 0.5283203125 0.4169921875 0.107421875 0.060546875
0 0.6416015625 0.818359375 0.125 0.126953125
0 0.42919921875 0.4521484375 0.1298828125 0.0703125
0 0.48583984375 0.515625 0.0576171875 0.046875
0 0.53564453125 0.47216796875 0.0673828125 0.0849609375
0 0.62158203125 0.916015625 0.0849609375 0.08203125
0 0.328125 0.8095703125 0.126953125 0.150390625
0 0.55224609375 0.8603515625 0.0595703125 0.107421875
0 0.70703125 0.0517578125 0.0546875 0.0546875
0 0.7607421875 0.55078125 0.126953125 0.052734375
0 0.2705078125 0.80712890625 0.162109375 0.1201171875
0 0.4248046875 0.96923828125 0.0625 0.0615234375
0 0.83740234375 0.9384765625 0.0849609375 0.123046875
0 0.48876953125 0.9599609375 0.0556640625 0.076171875
0 0.64892578125 0.9609375 0.0595703125 0.078125
0 0.49853515625 0.34130859375 0.0693359375 0.0908203125
