0 0.45068359375 0.81591796875 0.2021484375 0.1142578125
0 0.4794921875 0.94384765625 0.154296875 0.1123046875
0 0.50048828125 0.98974609375 0.1416015625 0.0205078125
0 0.73876953125 0.8134765625 0.1474609375 0.08984375
0 0.8056640625 0.61865234375 0.1484375 0.0869140625
0 0.00927734375 0.244140625 0.0185546875 0.125
0 0.201171875 0.22607421875 0.119140625 0.1064453125
0 0.74365234375 0.25537109375 0.2626953125 0.0888671875
0 0.4453125 0.14697265625 0.130859375 0.1025390625
0 0.435546875 0.529296875 0.220703125 0.11328125
0 0.15185546875 0.31689453125 0.1005859375 0.0830078125
0 0.2158203125 0.478515625 0.203125 0.2109375
0 0.14208984375 0.95947265625 0.1123046875 0.0810546875
0 0.17822265625 0.04638671875 0.1025390625 0.0615234375
0 0.13232421875 0.06201171875 0.0654296875 0.1005859375
0 0.1708984375 0.1396484375 0.056640625 0.05078125
0 0.0078125 0.79150390625 0.015625 0.0517578125
0 0.15283203125 0.87451171875 0.1162109375 0.0654296875
0 0.06005859375 0.9794921875 0.0615234375 0.041015625
0 0.71630859375 0.982421875 0.0693359375 0.03515625
0 0.8369140625 0.95263671875 0.0859375 0.0947265625
0 0.3798828125 0.650390625 0.1171875 0.0546875
0 0.14599609375 0.56298828125 0.0576171875 0.1005859375
0 0.94873046875 0.95849609375 0.1025390625 0.0771484375
0 0.9296875 0.74853515625 0.1328125 0.1083984375
0 0.9052734375 0.630859375 0.072265625 0.068359375
0 0.72021484375 0.50732421875 0.0849609375 0.1142578125
0 0.8046875 0.43603515625 0.0625 0.1201171875
0 0.87353515625 0.43701171875 0.0771484375 0.0595703125
0 0.94970703125 0.48193359375 0.1005859375 0.0732421875
0 0.55126953125 0.3291015625 0.1005859375 0.083984375
0 0.50048828125 0.4267578125 0.1474609375 0.06640625
0 0.53857421875 0.17578125 0.0712890625 0.046875
0 0.93896484375 0.02880859375 0.0947265625 0.0576171875
0 0.94775390625 0.06689453125 0.0849609375 0.0576171875
0 0.78662109375 0.048828125 0.1201171875 0.083984375
0 0.65478515625 0.04345703125 0.0654296875 0.0869140625
0 0.587890625 0.041015625 0.0703125 0.08203125
