0 0.7041015625 0.8154296875 0.08984375 0.09375
0 0.9169921875 0.91552734375 0.072265625 0.0615234375
0 0.73095703125 0.134765625 0.0849609375 0.076171875
0 0.59765625 0.12255859375 0.068359375 0.1083984375
0 0.408203125 0.40576171875 0.099609375 0.0498046875
0 0.32958984375 0.20556640625 0.1083984375 0.0791015625
0 0.7978515625 0.90283203125 0.09375 0.0673828125
0 0.28857421875 0.4521484375 0.0849609375 0.0625
0 0.25439453125 0.48681640625 0.0986328125 0.0458984375
0 0.0439453125 0.79736328125 0.087890625 0.0595703125
0 0.1455078125 0.517578125 0.083984375 0.046875
0 0.58349609375 0.85107421875 0.0908203125 0.0400390625
0 0.119140625 0.8671875 0.107421875 0.046875
0 0.55419921875 0.03173828125 0.0908203125 0.0556640625
0 0.0634765625 0.4052734375 0.1015625 0.10546875
0 0.58740234375 0.46826171875 0.1083984375 0.0673828125
0 0.62353515625 0.22216796875 0.0908203125 0.0400390625
0 0.86328125 0.62646484375 0.087890625 0.0439453125
0 0.232421875 0.51416015625 0.091796875 0.0556640625
0 0.91552734375 0.158203125 0.0771484375 0.044921875
0 0.15087890625 0.1904296875 0.1455078125 0.064453125
0 0.76171875 0.54248046875 0.060546875 0.0830078125
0 0.65673828125 0.095703125 0.0693359375 0.05078125
0 0.439453125 0.201171875 0.08203125 0.04296875
0 0.03662109375 0.63037109375 0.0732421875 0.0400390625
0 0.80078125 0.81591796875 0.107421875 0.0419921875
0 0.33740234375 0.806640625 0.0966796875 0.044921875
0 0.7919921875 0.65966796875 0.103515625 0.0556640625
0 0.646484375 0.130859375 0.080078125 0.10546875
0 0.0810546875 0.6015625 0.134765625 0.037109375
0 0.5947265625 0.58984375 0.060546875 0.04296875
0 0.14599609375 0.47607421875 0.0615234375 0.0419921875
0 0.9921875 0.3232421875 0.015625 0.05078125
0 0.0693359375 0.71142578125 0.08984375 0.0615234375
0 0.59423828125 0.96240234375 0.1259765625 0.0361328125
0 0.22314453125 0.55078125 0.0693359375 0.041015625
0 0.29150390625 0.96142578125 0.1513671875 0.0537109375
0 0.677734375 0.123046875 0.08203125 0.072265625
0 0.40966796875 0.57421875 0.1025390625 0.02734375
0 0.43994140625 0.85888671875 0.1103515625 0.0380859375
0 0.568359375 0.3408203125 0.12890625 0.0546875
0 0.90185546875 0.56103515625 0.1220703125 0.0498046875
0 0.11083984375 0.669921875 0.1494140625 0.0390625
0 0.03466796875 0.85107421875 0.0673828125 0.0283203125
0 0.86376953125 0.955078125 0.1064453125 0.033203125
0 0.7275390625 0.916015625 0.06640625 0.03515625
0 0.9326171875 0.990234375 0.06640625 0.01953125
0 0.822265625 0.3974609375 0.052734375 0.03125
0 0.1904296875 0.8427734375 0.158203125 0.064453125
0 0.07275390625 0.06005859375 0.1455078125 0.0439453125
0 0.82177734375 0.509765625 0.0732421875 0.033203125
0 0.11962890625 0.01318359375 0.1435546875 0.0244140625
0 0.107421875 0.1630859375 0.080078125 0.0625
0 0.22265625 0.81005859375 0.09765625 0.0419921875
0 0.40771484375 0.5888671875 0.1044921875 0.0234375
0 0.03759765625 0.5224609375 0.0732421875 0.04296875
0 0.2314453125 0.52880859375 0.07421875 0.0498046875
0 0.3232421875 0.8369140625 0.115234375 0.046875
0 0.822265625 0.5400390625 0.064453125 0.052734375
0 0.18603515625 0.72021484375 0.1435546875 0.0595703125
0 0.4130859375 0.87548828125 0.087890625 0.0322265625
