0 0.66357421875 0.5732421875 0.0634765625 0.076171875
0 0.8857421875 0.68359375 0.0703125 0.080078125
0 0.10400390625 0.64306640625 0.0732421875 0.0654296875
0 0.51806640625 0.25244140625 0.0537109375 0.1083984375
0 0.92724609375 0.666015625 0.0556640625 0.07421875
0 0.29638671875 0.15478515625 0.0791015625 0.1181640625
0 0.19677734375 0.07275390625 0.0673828125 0.0908203125
0 0.013671875 0.7294921875 0.02734375 0.044921875
0 0.009765625 0.6474609375 0.01953125 0.056640625
0 0.4912109375 0.466796875 0.06640625 0.103515625
0 0.64453125 0.2109375 0.0546875 0.083984375
0 0.50927734375 0.5390625 0.0439453125 0.083984375
0 0.6748046875 0.2763671875 0.078125 0.078125
0 0.15673828125 0.39453125 0.0849609375 0.080078125
0 0.21337890625 0.36962890625 0.1025390625 0.0654296875
0 0.57958984375 0.5361328125 0.0751953125 0.068359375
0 0.81591796875 0.5400390625 0.0908203125 0.0390625
0 0.98193359375 0.19189453125 0.0361328125 0.0908203125
0 0.931640625 0.52734375 0.056640625 0.1171875
0 0.1376953125 0.43017578125 0.076171875 0.0771484375
0 0.478515625 0.6923828125 0.080078125 0.076171875
0 0.20556640625 0.142578125 0.0498046875 0.0703125
0 0.0869140625 0.72412109375 0.0703125 0.0458984375
0 0.30322265625 0.5224609375 0.0830078125 0.0546875
0 0.6767578125 0.3388671875 0.052734375 0.0625
0 0.8876953125 0.05615234375 0.0234375 0.0927734375
0 0.30908203125 0.876953125 0.0869140625 0.056640625
0 0.95556640625 0.92626953125 0.0419921875 0.1142578125
0 0.7880859375 0.62744140625 0.060546875 0.0849609375
0 0.271484375 0.546875 0.05859375 0.0703125
0 0.68359375 0.72216796875 0.080078125 0.0693359375
0 0.1259765625 0.78466796875 0.07421875 0.0341796875
0 0.21337890625 0.86669921875 0.0361328125 0.0791015625
0 0.205078125 0.98974609375 0.080078125 0.0205078125
0 0.1240234375 0.16015625 0.091796875 0.064453125
0 0.251953125 0.625 0.041015625 0.080078125
0 0.93798828125 0.57763671875 0.0478515625 0.0810546875
0 0.1630859375 0.4814453125 0.05078125 0.033203125
0 0.11767578125 0.87060546875 0.0595703125 0.0400390625
0 0.3330078125 0.6982421875 0.087890625 0.03515625
0 0.65185546875 0.79833984375 0.0908203125 0.0478515625
0 0.0458984375 0.326171875 0.080078125 0.037109375
0 0.009765625 0.2080078125 0.01953125 0.0390625
0 0.45361328125 0.5419921875 0.0615234375 0.037109375
0 0.01318359375 0.56396484375 0.0263671875 0.0595703125
0 0.98779296875 0.28857421875 0.0244140625 0.0908203125
0 0.51708984375 0.7578125 0.0908203125 0.0546875
0 0.02783203125 0.80908203125 0.0556640625 0.0244140625
0 0.14013671875 0.5322265625 0.0712890625 0.025390625
0 0.50830078125 0.89599609375 0.0712890625 0.0302734375
0 0.68994140625 0.0380859375 0.0263671875 0.06640625
0 0.2822265625 0.8310546875 0.064453125 0.033203125
0 0.6923828125 0.8349609375 0.060546875 0.052734375
0 0.8095703125 0.4208984375 0.046875 0.05859375
0 0.16796875 0.22509765625 0.076171875 0.0556640625
0 0.783203125 0.8681640625 0.048828125 0.078125
0 0.54833984375 0.2255859375 0.0517578125 0.048828125
0 0.193359375 0.26904296875 0.060546875 0.0400390625
0 0.62548828125 0.654296875 0.0634765625 0.08203125
0 0.52880859375 0.93994140625 0.0458984375 0.0595703125
0 0.76025390625 0.49755859375 0.0439453125 0.0380859375
0 0.14404296875 0.02490234375 0.0498046875 0.0478515625
0 0.439453125 0.14013671875 0.06640625 0.0498046875
0 0.107421875 0.19287109375 0.060546875 0.0380859375
0 0.5595703125 0.7109375 0.04296875 0.060546875
0 0.7734375 0.91748046875 0.07421875 0.0283203125
0 0.17919921875 0.0205078125 0.0478515625 0.041015625
0 0.6123046875 0.9892578125 0.041015625 0.021484375
0 0.51025390625 0.01025390625 0.0341796875 0.0205078125
0 0.501953125 0.98193359375 0.05078125 0.0361328125
