0 0.77978515625 0.78466796875 0.0654296875 0.1240234375
0 0.73388671875 0.8837890625 0.0615234375 0.05078125
0 0.84228515625 0.904296875 0.0732421875 0.052734375
0 0.58251953125 0.70166015625 0.0869140625 0.0634765625
0 0.59033203125 0.77587890625 0.0673828125 0.0693359375
0 0.65869140625 0.87744140625 0.0615234375 0.0634765625
0 0.51416015625 0.791015625 0.0595703125 0.072265625
0 0.365234375 0.9013671875 0.076171875 0.064453125
0 0.24609375 0.95947265625 0.08203125 0.0810546875
0 0.16357421875 0.912109375 0.0595703125 0.064453125
0 0.287109375 0.7646484375 0.095703125 0.091796875
0 0.27734375 0.66357421875 0.115234375 0.0791015625
0 0.486328125 0.56689453125 0.076171875 0.0888671875
0 0.6123046875 0.54736328125 0.087890625 0.1103515625
0 0.83349609375 0.6005859375 0.0791015625 0.099609375
0 0.82568359375 0.44580078125 0.0537109375 0.0556640625
0 0.92578125 0.4599609375 0.0546875 0.103515625
0 0.96826171875 0.49951171875 0.0537109375 0.0888671875
0 0.98291015625 0.42822265625 0.0341796875 0.0888671875
0 0.80908203125 0.244140625 0.0693359375 0.08203125
0 0.9814453125 0.29052734375 0.037109375 0.0615234375
0 0.96728515625 0.1494140625 0.0654296875 0.06640625
0 0.83203125 0.0927734375 0.05859375 0.060546875
0 0.86669921875 0.12939453125 0.0419921875 0.0615234375
0 0.9375 0.0830078125 0.078125 0.064453125
0 0.93603515625 0.02001953125 0.0830078125 0.0400390625
0 0.5478515625 0.2568359375 0.0625 0.068359375
0 0.47216796875 0.291015625 0.0634765625 0.072265625
0 0.44384765625 0.4404296875 0.0771484375 0.080078125
0 0.60888671875 0.42333984375 0.0712890625 0.0576171875
0 0.2333984375 0.474609375 0.072265625 0.080078125
0 0.1337890625 0.57861328125 0.072265625 0.0732421875
0 0.07958984375 0.49755859375 0.0947265625 0.0849609375
0 0.07421875 0.2421875 0.07421875 0.056640625
0 0.17041015625 0.21630859375 0.0732421875 0.0673828125
0 0.23486328125 0.22216796875 0.0458984375 0.0576171875
0 0.27392578125 0.2763671875 0.0791015625 0.09375
0 0.25830078125 0.36474609375 0.0673828125 0.0869140625
0 0.11328125 0.3349609375 0.064453125 0.056640625
0 0.3154296875 0.15576171875 0.091796875 0.0888671875
0 0.3720703125 0.0361328125 0.130859375 0.072265625
0 0.60107421875 0.06494140625 0.0693359375 0.0947265625
0 0.7275390625 0.1455078125 0.0546875 0.080078125
0 0.916015625 0.72216796875 0.06640625 0.0576171875
0 0.73681640625 0.9765625 0.0654296875 0.046875
0 0.109375 0.8828125 0.064453125 0.048828125
0 0.1435546875 0.6552734375 0.115234375 0.0625
0 0.18310546875 0.70263671875 0.0908203125 0.0615234375
