0 0.39013671875 0.5888671875 0.1123046875 0.107421875
0 0.55419921875 0.35791015625 0.1474609375 0.1025390625
0 0.6962890625 0.22802734375 0.126953125 0.1025390625
0 0.86083984375 0.65966796875 0.1201171875 0.0849609375
0 0.6708984375 0.900390625 0.1171875 0.09765625
0 0.28466796875 0.0322265625 0.1044921875 0.064453125
0 0.53515625 0.8486328125 0.107421875 0.109375
0 0.080078125 0.0615234375 0.154296875 0.099609375
0 0.68359375 0.4443359375 0.142578125 0.10546875
0 0.50537109375 0.02734375 0.1474609375 0.0546875
0 0.3115234375 0.47021484375 0.091796875 0.1220703125
0 0.4482421875 0.712890625 0.072265625 0.0625
0 0.58935546875 0.57470703125 0.1044921875 0.0654296875
0 0.93212890625 0.236328125 0.1357421875 0.107421875
0 0.94140625 0.93896484375 0.109375 0.1181640625
0 0.47314453125 0.52197265625 0.0830078125 0.0556640625
0 0.44921875 0.1904296875 0.080078125 0.080078125
