0 0.06494140625 0.57421875 0.1103515625 0.103515625
0 0.01806640625 0.2412109375 0.0361328125 0.095703125
0 0.02490234375 0.20458984375 0.0498046875 0.0751953125
0 0.29150390625 0.23046875 0.0634765625 0.064453125
0 0.1884765625 0.34912109375 0.07421875 0.0693359375
0 0.29345703125 0.4052734375 0.1083984375 0.087890625
0 0.41357421875 0.31298828125 0.0810546875 0.0888671875
0 0.416015625 0.212890625 0.0703125 0.09765625
0 0.56201171875 0.1650390625 0.1318359375 0.080078125
0 0.5927734375 0.248046875 0.083984375 0.0625
0 0.5517578125 0.36328125 0.078125 0.072265625
0 0.6240234375 0.4736328125 0.072265625 0.078125
0 0.701171875 0.4541015625 0.09765625 0.19140625
0 0.7744140625 0.06298828125 0.08203125 0.1083984375
0 0.39453125 0.06298828125 0.068359375 0.0830078125
0 0.20849609375 0.14208984375 0.0830078125 0.0498046875
0 0.1650390625 0.07958984375 0.0625 0.0419921875
0 0.029296875 0.78466796875 0.05859375 0.1025390625
0 0.05517578125 0.72119140625 0.1103515625 0.1025390625
0 0.1865234375 0.63037109375 0.099609375 0.0908203125
0 0.2265625 0.7099609375 0.11328125 0.080078125
0 0.2998046875 0.5986328125 0.125 0.080078125
0 0.33740234375 0.76318359375 0.1220703125 0.1005859375
0 0.94580078125 0.49609375 0.0751953125 0.1484375
0 0.9716796875 0.23974609375 0.056640625 0.0947265625
0 0.2421875 0.06201171875 0.064453125 0.0771484375
0 0.81787109375 0.74755859375 0.1103515625 0.1044921875
0 0.71142578125 0.6484375 0.0849609375 0.072265625
0 0.6630859375 0.7607421875 0.091796875 0.0625
0 0.5908203125 0.81640625 0.162109375 0.1015625
0 0.45263671875 0.94287109375 0.1083984375 0.0810546875
0 0.3916015625 0.83837890625 0.0546875 0.0966796875
0 0.17431640625 0.86767578125 0.0849609375 0.0888671875
0 0.16552734375 0.9833984375 0.0673828125 0.033203125
0 0.04833984375 0.96142578125 0.0966796875 0.0771484375
0 0.2568359375 0.9755859375 0.064453125 0.048828125
0 0.75341796875 0.9140625 0.0830078125 0.064453125
0 0.7548828125 0.97021484375 0.0859375 0.0595703125
0 0.580078125 0.978515625 0.09765625 0.04296875
0 0.07763671875 0.05908203125 0.1044921875 0.0927734375
0 0.97607421875 0.61279296875 0.0478515625 0.0888671875
0 0.66552734375 0.9931640625 0.0673828125 0.013671875
