0 0.1083984375 0.68603515625 0.142578125 0.1806640625
0 0.20361328125 0.45361328125 0.1005859375 0.0712890625
0 0.3408203125 0.521484375 0.080078125 0.095703125
0 0.044921875 0.09521484375 0.08984375 0.1220703125
0 0.0390625 0.02685546875 0.078125 0.0537109375
0 0.16845703125 0.06298828125 0.1044921875 0.0751953125
0 0.27587890625 0.18505859375 0.1376953125 0.0576171875
0 0.42236328125 0.07470703125 0.0810546875 0.0927734375
0 0.59814453125 0.255859375 0.1064453125 0.125
0 0.60791015625 0.05126953125 0.0986328125 0.1025390625
0 0.69140625 0.03173828125 0.126953125 0.0634765625
0 0.7041015625 0.14599609375 0.107421875 0.0947265625
0 0.515625 0.119140625 0.052734375 0.052734375
0 0.5615234375 0.1650390625 0.068359375 0.048828125
0 0.74853515625 0.25537109375 0.0712890625 0.0751953125
0 0.638671875 0.42236328125 0.091796875 0.0654296875
0 0.39013671875 0.4443359375 0.0732421875 0.0546875
0 0.84521484375 0.32275390625 0.0986328125 0.0810546875
0 0.85107421875 0.24853515625 0.0927734375 0.0771484375
0 0.9228515625 0.2294921875 0.06640625 0.119140625
0 0.96533203125 0.28466796875 0.0693359375 0.0732421875
0 0.9091796875 0.49658203125 0.111328125 0.1142578125
0 0.79833984375 0.46533203125 0.1318359375 0.1513671875
0 0.50537109375 0.71337890625 0.0810546875 0.1357421875
0 0.9150390625 0.787109375 0.123046875 0.11328125
0 0.8720703125 0.64892578125 0.1171875 0.0908203125
0 0.9462890625 0.705078125 0.107421875 0.115234375
0 0.68798828125 0.95166015625 0.1669921875 0.0966796875
0 0.8447265625 0.92041015625 0.06640625 0.1318359375
0 0.94580078125 0.8857421875 0.1083984375 0.197265625
0 0.9716796875 0.017578125 0.056640625 0.03515625
0 0.5068359375 0.845703125 0.072265625 0.072265625
0 0.55419921875 0.6708984375 0.0888671875 0.11328125
0 0.88330078125 0.72412109375 0.0654296875 0.0615234375
0 0.87353515625 0.59912109375 0.0966796875 0.0732421875
0 0.80224609375 0.52392578125 0.0654296875 0.1064453125
0 0.73974609375 0.84716796875 0.0869140625 0.0498046875
0 0.744140625 0.51953125 0.060546875 0.095703125
