0 0.060546875 0.13916015625 0.05859375 0.0908203125
0 0.32275390625 0.24169921875 0.0732421875 0.0947265625
0 0.154296875 0.47265625 0.0859375 0.095703125
0 0.7587890625 0.5458984375 0.083984375 0.11328125
0 0.6748046875 0.31689453125 0.0703125 0.0849609375
0 0.6337890625 0.79931640625 0.0625 0.0830078125
0 0.00927734375 0.57080078125 0.0185546875 0.0712890625
0 0.23974609375 0.05517578125 0.0849609375 0.0654296875
0 0.09814453125 0.79638671875 0.0693359375 0.0732421875
0 0.96826171875 0.04638671875 0.0498046875 0.0908203125
0 0.64404296875 0.533203125 0.0869140625 0.0625
0 0.6474609375 0.03515625 0.060546875 0.0703125
0 0.52099609375 0.3681640625 0.0556640625 0.14453125
0 0.1748046875 0.66796875 0.0625 0.060546875
0 0.8916015625 0.11083984375 0.05859375 0.1220703125
0 0.5400390625 0.5322265625 0.056640625 0.0859375
0 0.8154296875 0.4736328125 0.060546875 0.0859375
0 0.5810546875 0.298828125 0.044921875 0.078125
0 0.04833984375 0.53125 0.0673828125 0.0625
0 0.25390625 0.501953125 0.072265625 0.09375
0 0.013671875 0.11767578125 0.02734375 0.0654296875
0 0.25634765625 0.16015625 0.0380859375 0.078125
0 0.3779296875 0.6142578125 0.037109375 0.080078125
0 0.47265625 0.49755859375 0.05078125 0.0634765625
0 0.0810546875 0.36962890625 0.0546875 0.0712890625
0 0.74462890625 0.83154296875 0.0537109375 0.0712890625
0 0.92578125 0.23974609375 0.025390625 0.0986328125
0 0.1728515625 0.8310546875 0.02734375 0.091796875
0 0.14404296875 0.037109375 0.0419921875 0.072265625
0 0.36572265625 0.84521484375 0.0576171875 0.0693359375
0 0.91943359375 0.59130859375 0.0341796875 0.0830078125
0 0.70166015625 0.458984375 0.0380859375 0.078125
0 0.50927734375 0.2783203125 0.0576171875 0.080078125
0 0.82421875 0.970703125 0.03515625 0.0546875
0 0.0146484375 0.14892578125 0.029296875 0.0751953125
0 0.640625 0.2021484375 0.05078125 0.072265625
0 0.2978515625 0.47802734375 0.126953125 0.0927734375
0 0.61376953125 0.822265625 0.0361328125 0.072265625
0 0.60498046875 0.8984375 0.0400390625 0.134765625
0 0.08740234375 0.87060546875 0.0615234375 0.0576171875
0 0.8662109375 0.0546875 0.044921875 0.08984375
0 0.4296875 0.1435546875 0.041015625 0.078125
0 0.41943359375 0.1435546875 0.0400390625 0.080078125
0 0.73095703125 0.77392578125 0.0517578125 0.0849609375
0 0.94677734375 0.86669921875 0.0283203125 0.0869140625
0 0.7451171875 0.96728515625 0.033203125 0.0537109375
0 0.58349609375 0.72412109375 0.0537109375 0.0458984375
0 0.22705078125 0.61328125 0.0517578125 0.0546875
0 0.60009765625 0.1630859375 0.0439453125 0.0625
0 0.017578125 0.08642578125 0.03515625 0.0615234375
0 0.46923828125 0.9501953125 0.0517578125 0.044921875
0 0.5595703125 0.90625 0.060546875 0.03515625
0 0.974609375 0.92138671875 0.041015625 0.0810546875
0 0.73193359375 0.19580078125 0.0439453125 0.0654296875
0 0.6162109375 0.41943359375 0.025390625 0.0771484375
0 0.81396484375 0.52734375 0.0263671875 0.09375
0 0.88232421875 0.595703125 0.0419921875 0.05859375
0 0.85107421875 0.53466796875 0.0517578125 0.0654296875
0 0.27734375 0.869140625 0.03125 0.072265625
0 0.93505859375 0.94580078125 0.0302734375 0.0478515625
0 0.3046875 0.49072265625 0.068359375 0.1181640625
0 0.38330078125 0.17138671875 0.0751953125 0.0673828125
0 0.3251953125 0.86962890625 0.046875 0.0517578125
0 0.1904296875 0.9404296875 0.076171875 0.044921875
0 0.01513671875 0.88232421875 0.0302734375 0.0478515625
0 0.576171875 0.79736328125 0.025390625 0.0654296875
0 0.73486328125 0.62841796875 0.0576171875 0.0439453125
0 0.8037109375 0.5556640625 0.029296875 0.052734375
0 0.33154296875 0.4833984375 0.0595703125 0.087890625
0 0.6201171875 0.48046875 0.046875 0.076171875
0 0.2861328125 0.87109375 0.03125 0.076171875
0 0.84765625 0.07421875 0.04296875 0.060546875
0 0.76513671875 0.3154296875 0.0537109375 0.02734375
0 0.4560546875 0.931640625 0.087890625 0.078125
0 0.3447265625 0.98876953125 0.04296875 0.0224609375
0 0.99365234375 0.53271484375 0.0126953125 0.0771484375
