0 0.05029296875 0.76220703125 0.0849609375 0.0927734375
0 0.20458984375 0.62939453125 0.1201171875 0.1201171875
0 0.1796875 0.5458984375 0.06640625 0.072265625
0 0.107421875 0.373046875 0.05078125 0.052734375
0 0.09228515625 0.2685546875 0.0888671875 0.103515625
0 0.2041015625 0.25146484375 0.13671875 0.0908203125
0 0.26416015625 0.171875 0.0517578125 0.0703125
0 0.22607421875 0.41064453125 0.1923828125 0.0966796875
0 0.20166015625 0.4755859375 0.0927734375 0.056640625
0 0.23193359375 0.771484375 0.0693359375 0.091796875
0 0.12255859375 0.9404296875 0.0732421875 0.07421875
0 0.19091796875 0.9501953125 0.0576171875 0.05859375
0 0.4296875 0.9677734375 0.078125 0.064453125
0 0.51220703125 0.94287109375 0.1357421875 0.1142578125
0 0.29052734375 0.89306640625 0.0732421875 0.1044921875
0 0.32373046875 0.7607421875 0.1044921875 0.0625
0 0.38330078125 0.64501953125 0.0869140625 0.1044921875
0 0.58447265625 0.77978515625 0.1787109375 0.1572265625
0 0.44384765625 0.77685546875 0.0869140625 0.1201171875
0 0.47265625 0.8583984375 0.0546875 0.08984375
0 0.54150390625 0.8720703125 0.0595703125 0.064453125
0 0.34033203125 0.302734375 0.1259765625 0.06640625
0 0.5908203125 0.19921875 0.240234375 0.140625
0 0.669921875 0.24658203125 0.10546875 0.1025390625
0 0.85400390625 0.509765625 0.0654296875 0.0625
0 0.9150390625 0.63916015625 0.119140625 0.0849609375
0 0.77099609375 0.82177734375 0.0908203125 0.0498046875
0 0.74462890625 0.8818359375 0.0986328125 0.0546875
0 0.9013671875 0.81396484375 0.044921875 0.0693359375
0 0.96728515625 0.82373046875 0.0654296875 0.1259765625
0 0.86572265625 0.98583984375 0.1142578125 0.0283203125
0 0.97265625 0.98779296875 0.0546875 0.0244140625
