0 0.04345703125 0.98388671875 0.0869140625 0.0322265625
0 0.06640625 0.5009765625 0.099609375 0.138671875
0 0.07373046875 0.3603515625 0.0595703125 0.064453125
0 0.3193359375 0.47119140625 0.087890625 0.0771484375
0 0.439453125 0.28076171875 0.060546875 0.0771484375
0 0.36669921875 0.21826171875 0.0712890625 0.1181640625
0 0.4443359375 0.21435546875 0.111328125 0.0751953125
0 0.404296875 0.0751953125 0.083984375 0.150390625
0 0.31494140625 0.02587890625 0.1337890625 0.0517578125
0 0.77294921875 0.07275390625 0.0673828125 0.1455078125
0 0.849609375 0.05615234375 0.080078125 0.1123046875
0 0.86767578125 0.15380859375 0.0595703125 0.0654296875
0 0.9638671875 0.4287109375 0.072265625 0.095703125
0 0.927734375 0.53564453125 0.048828125 0.1123046875
0 0.83349609375 0.548828125 0.0537109375 0.080078125
0 0.3056640625 0.86376953125 0.072265625 0.0947265625
0 0.27490234375 0.9375 0.0810546875 0.125
0 0.4521484375 0.87841796875 0.08203125 0.1201171875
0 0.62451171875 0.0517578125 0.0576171875 0.099609375
0 0.35302734375 0.91015625 0.0517578125 0.115234375
0 0.8837890625 0.56689453125 0.08203125 0.0888671875
0 0.57666015625 0.0205078125 0.0771484375 0.0390625
0 0.423828125 0.865234375 0.111328125 0.076171875
