0 0.296875 0.19189453125 0.08203125 0.0576171875
0 0.23388671875 0.24755859375 0.0771484375 0.0576171875
0 0.10498046875 0.13916015625 0.0732421875 0.0712890625
0 0.171875 0.06298828125 0.11328125 0.0810546875
0 0.43896484375 0.31689453125 0.0751953125 0.0615234375
0 0.5400390625 0.32666015625 0.076171875 0.0693359375
0 0.5439453125 0.25927734375 0.080078125 0.0693359375
0 0.50732421875 0.08447265625 0.0498046875 0.0849609375
0 0.57080078125 0.13037109375 0.0810546875 0.0849609375
0 0.74462890625 0.1533203125 0.0986328125 0.080078125
0 0.7666015625 0.03271484375 0.09765625 0.0654296875
0 0.951171875 0.1572265625 0.091796875 0.099609375
0 0.9267578125 0.26123046875 0.099609375 0.0888671875
0 0.85791015625 0.2099609375 0.0791015625 0.0703125
0 0.9892578125 0.43017578125 0.021484375 0.0771484375
0 0.85791015625 0.34716796875 0.0673828125 0.0771484375
0 0.75537109375 0.2802734375 0.0888671875 0.080078125
0 0.63720703125 0.58935546875 0.0869140625 0.0712890625
0 0.5888671875 0.6396484375 0.11328125 0.083984375
0 0.39306640625 0.50537109375 0.0947265625 0.0732421875
0 0.30908203125 0.50146484375 0.0654296875 0.0693359375
0 0.45849609375 0.49560546875 0.0556640625 0.0849609375
0 0.17333984375 0.49267578125 0.0830078125 0.0986328125
0 0.19970703125 0.38427734375 0.1083984375 0.0849609375
0 0.1025390625 0.37744140625 0.11328125 0.0712890625
0 0.0791015625 0.5927734375 0.10546875 0.08203125
0 0.3349609375 0.6533203125 0.109375 0.087890625
0 0.861328125 0.521484375 0.111328125 0.07421875
0 0.8935546875 0.62548828125 0.080078125 0.1162109375
0 0.978515625 0.69580078125 0.04296875 0.1083984375
0 0.90771484375 0.78271484375 0.0712890625 0.0751953125
0 0.845703125 0.734375 0.091796875 0.083984375
0 0.69970703125 0.77587890625 0.1005859375 0.0751953125
0 0.39111328125 0.82470703125 0.0673828125 0.0498046875
0 0.1015625 0.927734375 0.119140625 0.125
0 0.65234375 0.96923828125 0.09765625 0.0615234375
0 0.77783203125 0.96337890625 0.0751953125 0.0732421875
0 0.9111328125 0.9189453125 0.05859375 0.080078125
0 0.9912109375 0.93310546875 0.017578125 0.0556640625
0 0.650390625 0.31005859375 0.06640625 0.0712890625
0 0.98046875 0.33642578125 0.0390625 0.0615234375
0 0.0302734375 0.140625 0.060546875 0.08203125
0 0.037109375 0.27392578125 0.07421875 0.0400390625
0 0.4580078125 0.03955078125 0.052734375 0.0791015625
0 0.9677734375 0.7841796875 0.064453125 0.060546875
