0 0.67919921875 0.02685546875 0.1474609375 0.0537109375
0 0.7548828125 0.09814453125 0.11328125 0.0595703125
0 0.97314453125 0.08984375 0.0537109375 0.0625
0 0.96533203125 0.14501953125 0.0693359375 0.0732421875
0 0.85693359375 0.20458984375 0.1142578125 0.0576171875
0 0.65380859375 0.1767578125 0.0830078125 0.064453125
0 0.4189453125 0.1220703125 0.1640625 0.06640625
0 0.1982421875 0.140625 0.103515625 0.052734375
0 0.169921875 0.080078125 0.119140625 0.0546875
0 0.21728515625 0.04052734375 0.1357421875 0.0615234375
0 0.0419921875 0.06982421875 0.083984375 0.0498046875
0 0.03369140625 0.318359375 0.0673828125 0.0546875
0 0.11962890625 0.37548828125 0.1142578125 0.0830078125
0 0.345703125 0.42529296875 0.125 0.0537109375
0 0.3466796875 0.26220703125 0.130859375 0.0732421875
0 0.2822265625 0.4423828125 0.115234375 0.0625
0 0.48974609375 0.39306640625 0.1201171875 0.0810546875
0 0.7470703125 0.54296875 0.1484375 0.072265625
0 0.654296875 0.521484375 0.11328125 0.06640625
0 0.58544921875 0.4716796875 0.0830078125 0.06640625
0 0.529296875 0.51318359375 0.095703125 0.0712890625
0 0.42724609375 0.53173828125 0.1044921875 0.0751953125
0 0.20654296875 0.5419921875 0.1494140625 0.0703125
0 0.2490234375 0.6357421875 0.14453125 0.080078125
0 0.03857421875 0.58837890625 0.0771484375 0.0498046875
0 0.20458984375 0.759765625 0.1455078125 0.060546875
0 0.08740234375 0.82958984375 0.1083984375 0.0712890625
0 0.0771484375 0.90234375 0.154296875 0.05859375
0 0.04833984375 0.76708984375 0.0791015625 0.0537109375
0 0.45166015625 0.88720703125 0.1064453125 0.0478515625
0 0.6298828125 0.81689453125 0.064453125 0.0576171875
0 0.890625 0.56591796875 0.068359375 0.0517578125
0 0.92919921875 0.587890625 0.1064453125 0.041015625
0 0.9658203125 0.6005859375 0.068359375 0.06640625
0 0.921875 0.92822265625 0.1015625 0.0556640625
0 0.7802734375 0.9306640625 0.126953125 0.064453125
0 0.693359375 0.97021484375 0.126953125 0.0595703125
0 0.53662109375 0.97705078125 0.1103515625 0.0458984375
0 0.50439453125 0.9462890625 0.1083984375 0.0546875
0 0.27099609375 0.97802734375 0.1162109375 0.0439453125
0 0.46484375 0.052734375 0.072265625 0.0390625
0 0.56787109375 0.02392578125 0.0849609375 0.0302734375
0 0.3251953125 0.0341796875 0.083984375 0.03125
0 0.0859375 0.451171875 0.111328125 0.033203125
0 0.60791015625 0.83056640625 0.0732421875 0.0400390625
0 0.43603515625 0.9736328125 0.0849609375 0.044921875
0 0.05712890625 0.984375 0.0791015625 0.03125
0 0.3486328125 0.49462890625 0.072265625 0.0400390625
