0 0.248046875 0.3623046875 0.1328125 0.0703125
0 0.4169921875 0.0732421875 0.06640625 0.091796875
0 0.634765625 0.02734375 0.080078125 0.0546875
0 0.88232421875 0.58203125 0.0947265625 0.07421875
0 0.578125 0.69091796875 0.087890625 0.1376953125
0 0.5263671875 0.04052734375 0.06640625 0.0810546875
0 0.61328125 0.32470703125 0.09765625 0.1044921875
0 0.53466796875 0.4853515625 0.0849609375 0.0625
0 0.4921875 0.29052734375 0.1796875 0.1279296875
0 0.1708984375 0.16357421875 0.052734375 0.0576171875
0 0.0693359375 0.85595703125 0.099609375 0.1123046875
0 0.07177734375 0.32421875 0.1103515625 0.08984375
0 0.3759765625 0.57958984375 0.087890625 0.1455078125
0 0.61962890625 0.134765625 0.1494140625 0.16015625
0 0.75439453125 0.16845703125 0.1201171875 0.1220703125
0 0.35205078125 0.033203125 0.0673828125 0.06640625
0 0.1103515625 0.0185546875 0.142578125 0.037109375
0 0.51708984375 0.4296875 0.0693359375 0.0546875
0 0.80712890625 0.73828125 0.1357421875 0.087890625
0 0.095703125 0.4970703125 0.0625 0.07421875
0 0.6943359375 0.4482421875 0.0703125 0.126953125
0 0.30322265625 0.05224609375 0.0673828125 0.1044921875
0 0.876953125 0.48828125 0.060546875 0.068359375
0 0.2158203125 0.64208984375 0.078125 0.1357421875
0 0.6171875 0.9130859375 0.08984375 0.126953125
0 0.1796875 0.7998046875 0.150390625 0.1953125
0 0.2255859375 0.22216796875 0.0625 0.0498046875
0 0.162109375 0.07177734375 0.0546875 0.0751953125
0 0.95458984375 0.66943359375 0.0908203125 0.0595703125
0 0.30224609375 0.80322265625 0.0595703125 0.2216796875
0 0.5908203125 0.439453125 0.056640625 0.080078125
0 0.4130859375 0.94970703125 0.072265625 0.1005859375
0 0.08837890625 0.0966796875 0.0869140625 0.080078125
0 0.20849609375 0.51953125 0.1376953125 0.130859375
0 0.27490234375 0.76708984375 0.0849609375 0.0693359375
0 0.95849609375 0.28955078125 0.0830078125 0.1708984375
0 0.97998046875 0.9296875 0.0400390625 0.08984375
0 0.037109375 0.099609375 0.0703125 0.169921875
0 0.03076171875 0.6318359375 0.0576171875 0.10546875
0 0.7880859375 0.90087890625 0.072265625 0.1474609375
0 0.599609375 0.79345703125 0.08984375 0.0771484375
0 0.87109375 0.6572265625 0.072265625 0.21484375
0 0.8623046875 0.189453125 0.099609375 0.0703125
0 0.74560546875 0.44921875 0.0830078125 0.0546875
0 0.26416015625 0.537109375 0.1201171875 0.0703125
0 0.76953125 0.04345703125 0.099609375 0.0869140625
0 0.751953125 0.4033203125 0.0703125 0.09765625
0 0.69482421875 0.8154296875 0.2548828125 0.09765625
0 0.08447265625 0.974609375 0.0849609375 0.05078125
0 0.46923828125 0.11962890625 0.0947265625 0.0654296875
0 0.2216796875 0.9384765625 0.10546875 0.123046875
0 0.09326171875 0.18701171875 0.1083984375 0.0791015625
0 0.49951171875 0.33984375 0.0751953125 0.08984375
0 0.1259765625 0.58935546875 0.052734375 0.0849609375
0 0.18798828125 0.73193359375 0.0478515625 0.1044921875
0 0.35205078125 0.8095703125 0.0654296875 0.244140625
0 0.7392578125 0.974609375 0.08984375 0.05078125
0 0.60205078125 0.982421875 0.0908203125 0.03515625
0 0.55712890625 0.8271484375 0.0498046875 0.109375
0 0.65087890625 0.87451171875 0.0732421875 0.0751953125
