0 0.47705078125 0.3056640625 0.0791015625 0.107421875
0 0.3310546875 0.8662109375 0.072265625 0.0625
0 0.935546875 0.37744140625 0.103515625 0.0849609375
0 0.38623046875 0.529296875 0.0634765625 0.06640625
0 0.1357421875 0.94677734375 0.1171875 0.1005859375
0 0.30419921875 0.794921875 0.0615234375 0.08984375
0 0.5322265625 0.775390625 0.064453125 0.0625
0 0.77392578125 0.58349609375 0.1162109375 0.0615234375
0 0.115234375 0.212890625 0.142578125 0.076171875
0 0.27978515625 0.505859375 0.1103515625 0.107421875
0 0.33740234375 0.18701171875 0.1005859375 0.0693359375
0 0.4482421875 0.654296875 0.09765625 0.08984375
0 0.97265625 0.5068359375 0.0546875 0.060546875
0 0.74560546875 0.23828125 0.0732421875 0.083984375
0 0.43798828125 0.4306640625 0.0927734375 0.072265625
0 0.2080078125 0.87548828125 0.060546875 0.0634765625
0 0.72802734375 0.3486328125 0.0732421875 0.08203125
0 0.81884765625 0.46728515625 0.0654296875 0.0693359375
0 0.3974609375 0.27490234375 0.08984375 0.0751953125
0 0.34326171875 0.359375 0.1083984375 0.087890625
0 0.6982421875 0.060546875 0.0625 0.068359375
0 0.564453125 0.9365234375 0.099609375 0.05078125
0 0.1884765625 0.28857421875 0.052734375 0.0576171875
0 0.99609375 0.67822265625 0.0078125 0.0830078125
0 0.6044921875 0.880859375 0.064453125 0.056640625
0 0.5283203125 0.466796875 0.052734375 0.0546875
0 0.40234375 0.78466796875 0.125 0.0751953125
0 0.04345703125 0.060546875 0.0830078125 0.1171875
0 0.20166015625 0.0380859375 0.0400390625 0.072265625
0 0.103515625 0.1455078125 0.087890625 0.072265625
0 0.0283203125 0.2607421875 0.052734375 0.126953125
0 0.0703125 0.3359375 0.078125 0.099609375
0 0.1259765625 0.32666015625 0.0546875 0.0712890625
0 0.0341796875 0.66015625 0.068359375 0.06640625
