0 0.16357421875 0.0478515625 0.0478515625 0.095703125
0 0.05322265625 0.93798828125 0.0654296875 0.0634765625
0 0.0244140625 0.7841796875 0.048828125 0.060546875
0 0.7353515625 0.44287109375 0.052734375 0.0751953125
0 0.18603515625 0.39453125 0.0751953125 0.087890625
0 0.3974609375 0.64599609375 0.076171875 0.0634765625
0 0.20751953125 0.12890625 0.0849609375 0.080078125
0 0.5263671875 0.123046875 0.064453125 0.0703125
0 0.8115234375 0.40625 0.05859375 0.080078125
0 0.4521484375 0.79638671875 0.056640625 0.0732421875
0 0.90185546875 0.55517578125 0.0478515625 0.0693359375
0 0.26708984375 0.47802734375 0.0869140625 0.0751953125
0 0.24951171875 0.38330078125 0.0439453125 0.0849609375
0 0.9189453125 0.18359375 0.033203125 0.080078125
0 0.0458984375 0.16015625 0.087890625 0.107421875
0 0.4052734375 0.4609375 0.056640625 0.083984375
0 0.728515625 0.30712890625 0.060546875 0.1318359375
0 0.85986328125 0.201171875 0.0322265625 0.0625
0 0.2353515625 0.2021484375 0.046875 0.080078125
0 0.46435546875 0.02294921875 0.0380859375 0.0458984375
0 0.857421875 0.79052734375 0.052734375 0.0654296875
0 0.8408203125 0.59423828125 0.044921875 0.0712890625
0 0.34765625 0.466796875 0.10546875 0.0859375
0 0.98046875 0.8212890625 0.0390625 0.076171875
0 0.47314453125 0.2890625 0.0673828125 0.041015625
0 0.3583984375 0.3701171875 0.109375 0.052734375
0 0.01708984375 0.59228515625 0.0341796875 0.0908203125
0 0.837890625 0.91455078125 0.0546875 0.0810546875
0 0.9501953125 0.07763671875 0.044921875 0.0576171875
0 0.90478515625 0.82177734375 0.0341796875 0.0693359375
0 0.796875 0.59326171875 0.05859375 0.0517578125
0 0.94775390625 0.5009765625 0.0439453125 0.0703125
0 0.92626953125 0.27587890625 0.0537109375 0.0615234375
0 0.26220703125 0.9521484375 0.0615234375 0.03125
0 0.18212890625 0.97509765625 0.0888671875 0.0498046875
0 0.541015625 0.18505859375 0.0546875 0.0517578125
0 0.0224609375 0.69873046875 0.044921875 0.0224609375
0 0.11865234375 0.9833984375 0.0791015625 0.029296875
0 0.685546875 0.88232421875 0.126953125 0.0537109375
0 0.328125 0.3916015625 0.0625 0.09375
0 0.66943359375 0.96435546875 0.0458984375 0.0283203125
0 0.8828125 0.7734375 0.0546875 0.048828125
0 0.41650390625 0.8505859375 0.0400390625 0.05078125
0 0.9501953125 0.89306640625 0.052734375 0.0263671875
0 0.51171875 0.88720703125 0.10546875 0.0537109375
0 0.1494140625 0.162109375 0.09375 0.060546875
0 0.49365234375 0.375 0.0751953125 0.08984375
0 0.1279296875 0.64892578125 0.083984375 0.0556640625
0 0.9716796875 0.39892578125 0.037109375 0.0439453125
0 0.12109375 0.08984375 0.0546875 0.111328125
0 0.986328125 0.47265625 0.0234375 0.07421875
0 0.04345703125 0.64697265625 0.0869140625 0.0888671875
0 0.86181640625 0.31640625 0.0361328125 0.046875
0 0.517578125 0.416015625 0.052734375 0.048828125
0 0.71728515625 0.8564453125 0.0458984375 0.05859375
0 0.55810546875 0.5625 0.0791015625 0.0703125
0 0.64501953125 0.35693359375 0.0400390625 0.0478515625
0 0.923828125 0.94873046875 0.0703125 0.0615234375
0 0.51806640625 0.6796875 0.0478515625 0.0546875
0 0.35009765625 0.59619140625 0.0478515625 0.0458984375
0 0.5107421875 0.990234375 0.0390625 0.01953125
0 0.62744140625 0.98193359375 0.0400390625 0.0361328125
0 0.4736328125 0.2548828125 0.087890625 0.099609375
0 0.515625 0.27783203125 0.0390625 0.0517578125
0 0.91162109375 0.48681640625 0.0439453125 0.0654296875
0 0.541015625 0.8857421875 0.060546875 0.02734375
0 0.5908203125 0.53857421875 0.052734375 0.0498046875
0 0.6201171875 0.4951171875 0.068359375 0.05078125
0 0.64599609375 0.52880859375 0.0556640625 0.0556640625
