0 0.97412109375 0.4111328125 0.0517578125 0.0703125
0 0.0634765625 0.62060546875 0.126953125 0.0986328125
0 0.77880859375 0.05517578125 0.0712890625 0.1103515625
0 0.83642578125 0.90380859375 0.2138671875 0.0986328125
0 0.037109375 0.48095703125 0.07421875 0.0869140625
0 0.68603515625 0.61865234375 0.1103515625 0.0810546875
0 0.7529296875 0.74365234375 0.072265625 0.1123046875
0 0.8271484375 0.2509765625 0.134765625 0.107421875
0 0.48583984375 0.45947265625 0.1044921875 0.0849609375
0 0.28125 0.9833984375 0.0703125 0.033203125
0 0.8173828125 0.93212890625 0.072265625 0.0888671875
0 0.85302734375 0.6171875 0.1259765625 0.072265625
0 0.337890625 0.70703125 0.109375 0.146484375
0 0.44384765625 0.734375 0.1376953125 0.076171875
0 0.57275390625 0.34130859375 0.1455078125 0.1044921875
0 0.61865234375 0.8994140625 0.1552734375 0.12109375
0 0.0185546875 0.95458984375 0.037109375 0.0517578125
0 0.650390625 0.96826171875 0.060546875 0.0634765625
0 0.1044921875 0.57568359375 0.068359375 0.2763671875
0 0.3271484375 0.12744140625 0.11328125 0.1044921875
0 0.90283203125 0.8564453125 0.0908203125 0.107421875
0 0.47412109375 0.0302734375 0.1064453125 0.060546875
0 0.65869140625 0.51171875 0.0693359375 0.06640625
0 0.04833984375 0.2353515625 0.0810546875 0.09765625
0 0.2109375 0.2998046875 0.107421875 0.09375
0 0.580078125 0.51611328125 0.072265625 0.0693359375
0 0.70068359375 0.73681640625 0.0732421875 0.1162109375
0 0.6943359375 0.4208984375 0.091796875 0.072265625
0 0.6181640625 0.42822265625 0.115234375 0.0537109375
0 0.17822265625 0.67626953125 0.1435546875 0.0693359375
0 0.384765625 0.18017578125 0.099609375 0.0791015625
0 0.57763671875 0.4716796875 0.0615234375 0.06640625
0 0.13671875 0.41796875 0.076171875 0.068359375
0 0.228515625 0.49560546875 0.091796875 0.0888671875
0 0.87841796875 0.11083984375 0.0673828125 0.0439453125
