0 0.53759765625 0.80859375 0.0888671875 0.13671875
0 0.70068359375 0.857421875 0.0830078125 0.111328125
0 0.2958984375 0.8876953125 0.080078125 0.080078125
0 0.5986328125 0.974609375 0.138671875 0.05078125
0 0.43505859375 0.0419921875 0.0673828125 0.060546875
0 0.5185546875 0.13134765625 0.064453125 0.0478515625
0 0.55810546875 0.9140625 0.0595703125 0.060546875
0 0.33154296875 0.66455078125 0.1005859375 0.0712890625
0 0.02880859375 0.51220703125 0.0556640625 0.0693359375
0 0.234375 0.17431640625 0.123046875 0.1435546875
0 0.14990234375 0.18798828125 0.0673828125 0.0966796875
0 0.33447265625 0.71875 0.1083984375 0.064453125
0 0.951171875 0.84130859375 0.091796875 0.1005859375
0 0.02685546875 0.998046875 0.0537109375 0.00390625
0 0.46044921875 0.71728515625 0.0849609375 0.0791015625
0 0.17626953125 0.49755859375 0.0771484375 0.1181640625
0 0.8212890625 0.86669921875 0.087890625 0.0654296875
0 0.4375 0.9365234375 0.06640625 0.11328125
0 0.36572265625 0.90576171875 0.0537109375 0.0830078125
0 0.3349609375 0.95458984375 0.09765625 0.0908203125
0 0.359375 0.20849609375 0.10546875 0.1064453125
0 0.34130859375 0.265625 0.1181640625 0.056640625
0 0.35986328125 0.126953125 0.1123046875 0.095703125
0 0.232421875 0.10546875 0.091796875 0.0859375
