0 0.07177734375 0.05517578125 0.1435546875 0.0771484375
0 0.08056640625 0.02392578125 0.1494140625 0.0478515625
0 0.4375 0.05322265625 0.078125 0.1064453125
0 0.3271484375 0.11181640625 0.099609375 0.0712890625
0 0.3291015625 0.1962890625 0.083984375 0.123046875
0 0.5166015625 0.16943359375 0.091796875 0.0556640625
0 0.7275390625 0.1025390625 0.0703125 0.115234375
0 0.7978515625 0.0927734375 0.080078125 0.076171875
0 0.80224609375 0.17529296875 0.0791015625 0.0830078125
0 0.83935546875 0.0283203125 0.0830078125 0.056640625
0 0.18798828125 0.14794921875 0.0888671875 0.0556640625
0 0.0927734375 0.18017578125 0.123046875 0.0654296875
0 0.12841796875 0.3955078125 0.0869140625 0.201171875
0 0.166015625 0.52392578125 0.0703125 0.0478515625
0 0.70361328125 0.478515625 0.0576171875 0.095703125
0 0.9111328125 0.51220703125 0.0703125 0.0986328125
0 0.96337890625 0.49365234375 0.0517578125 0.0498046875
0 0.9873046875 0.6240234375 0.025390625 0.06640625
0 0.5341796875 0.44091796875 0.25390625 0.0791015625
0 0.28125 0.63037109375 0.0546875 0.0615234375
0 0.39501953125 0.662109375 0.0615234375 0.125
0 0.65673828125 0.60498046875 0.0966796875 0.0673828125
0 0.54638671875 0.56005859375 0.0595703125 0.0810546875
0 0.87841796875 0.744140625 0.0732421875 0.08984375
0 0.94580078125 0.697265625 0.0478515625 0.0859375
0 0.861328125 0.857421875 0.08203125 0.0625
0 0.8984375 0.9697265625 0.06640625 0.046875
0 0.68896484375 0.71435546875 0.1005859375 0.0888671875
0 0.7001953125 0.818359375 0.142578125 0.109375
0 0.283203125 0.7392578125 0.0859375 0.099609375
0 0.20849609375 0.66796875 0.0947265625 0.083984375
0 0.0771484375 0.650390625 0.08203125 0.060546875
0 0.078125 0.69580078125 0.125 0.0751953125
0 0.060546875 0.88623046875 0.09375 0.0615234375
0 0.03564453125 0.79345703125 0.0712890625 0.0888671875
0 0.486328125 0.93017578125 0.076171875 0.1396484375
0 0.30517578125 0.962890625 0.0712890625 0.064453125
0 0.21630859375 0.9677734375 0.0751953125 0.060546875
0 0.103515625 0.96435546875 0.083984375 0.0712890625
0 0.49853515625 0.70068359375 0.0576171875 0.0439453125
0 0.52099609375 0.74658203125 0.1181640625 0.0615234375
0 0.0556640625 0.53662109375 0.087890625 0.0673828125
0 0.76806640625 0.505859375 0.0751953125 0.11328125
0 0.40576171875 0.04296875 0.0654296875 0.0859375
