0 0.9013671875 0.31103515625 0.115234375 0.0751953125
0 0.85693359375 0.42041015625 0.1103515625 0.0673828125
0 0.15283203125 0.22802734375 0.0869140625 0.1005859375
0 0.02978515625 0.38818359375 0.0595703125 0.0869140625
0 0.0634765625 0.03466796875 0.087890625 0.0693359375
0 0.0283203125 0.27587890625 0.056640625 0.1025390625
0 0.1044921875 0.11328125 0.080078125 0.072265625
0 0.755859375 0.02490234375 0.072265625 0.0498046875
0 0.15185546875 0.068359375 0.1201171875 0.13671875
0 0.92529296875 0.544921875 0.0947265625 0.087890625
0 0.13330078125 0.47998046875 0.0869140625 0.0927734375
0 0.1943359375 0.03466796875 0.0546875 0.0654296875
0 0.0009765625 0.4111328125 0.001953125 0.072265625
0 0.689453125 0.78662109375 0.06640625 0.0712890625
0 0.96826171875 0.6630859375 0.0634765625 0.083984375
0 0.974609375 0.43896484375 0.05078125 0.0927734375
