0 0.505859375 0.16796875 0.10546875 0.05859375
0 0.548828125 0.08837890625 0.0703125 0.0908203125
0 0.611328125 0.0341796875 0.08984375 0.048828125
0 0.8359375 0.2099609375 0.072265625 0.091796875
0 0.7373046875 0.15283203125 0.072265625 0.0751953125
0 0.62890625 0.17138671875 0.068359375 0.0595703125
0 0.72705078125 0.2646484375 0.1123046875 0.076171875
0 0.95947265625 0.11474609375 0.0673828125 0.0556640625
0 0.95849609375 0.02685546875 0.0810546875 0.0537109375
0 0.4111328125 0.0927734375 0.06640625 0.046875
0 0.38232421875 0.15625 0.0712890625 0.056640625
0 0.22509765625 0.1171875 0.0810546875 0.05859375
0 0.05908203125 0.19384765625 0.0654296875 0.0517578125
0 0.12841796875 0.20068359375 0.0537109375 0.0673828125
0 0.1943359375 0.1884765625 0.0625 0.0625
0 0.25 0.21875 0.046875 0.04296875
0 0.29248046875 0.2939453125 0.0732421875 0.068359375
0 0.4052734375 0.36865234375 0.0546875 0.0791015625
0 0.5537109375 0.3798828125 0.087890625 0.087890625
0 0.64404296875 0.37744140625 0.0927734375 0.0693359375
0 0.8740234375 0.333984375 0.091796875 0.060546875
0 0.86669921875 0.41552734375 0.0830078125 0.0498046875
0 0.77490234375 0.56494140625 0.0849609375 0.0576171875
0 0.65478515625 0.630859375 0.0458984375 0.05078125
0 0.01611328125 0.26953125 0.0322265625 0.072265625
0 0.0888671875 0.29248046875 0.064453125 0.0478515625
0 0.126953125 0.375 0.06640625 0.06640625
0 0.11474609375 0.455078125 0.0673828125 0.068359375
0 0.2001953125 0.4248046875 0.05859375 0.064453125
0 0.298828125 0.39697265625 0.103515625 0.0576171875
0 0.32666015625 0.47314453125 0.0634765625 0.0576171875
0 0.09228515625 0.94287109375 0.0673828125 0.0576171875
0 0.22607421875 0.953125 0.0869140625 0.0625
0 0.232421875 0.88525390625 0.05078125 0.0380859375
0 0.20947265625 0.79443359375 0.0673828125 0.0517578125
0 0.25830078125 0.83447265625 0.0732421875 0.0478515625
0 0.37744140625 0.7451171875 0.0673828125 0.068359375
0 0.3583984375 0.6748046875 0.076171875 0.060546875
0 0.39697265625 0.9248046875 0.0751953125 0.048828125
0 0.685546875 0.94775390625 0.06640625 0.0576171875
0 0.74560546875 0.9814453125 0.0693359375 0.037109375
0 0.52392578125 0.767578125 0.0986328125 0.060546875
0 0.5185546875 0.68701171875 0.05859375 0.0537109375
0 0.60009765625 0.70361328125 0.0751953125 0.0654296875
0 0.7509765625 0.7177734375 0.09375 0.06640625
0 0.76318359375 0.6494140625 0.0810546875 0.044921875
0 0.814453125 0.80419921875 0.080078125 0.0595703125
0 0.9296875 0.8388671875 0.1015625 0.052734375
0 0.9609375 0.896484375 0.078125 0.046875
0 0.111328125 0.62255859375 0.083984375 0.0654296875
0 0.9794921875 0.771484375 0.041015625 0.046875
0 0.021484375 0.88720703125 0.04296875 0.0615234375
0 0.21337890625 0.4677734375 0.0615234375 0.044921875
0 0.419921875 0.42236328125 0.064453125 0.0498046875
0 0.3330078125 0.09375 0.048828125 0.044921875
