0 0.26806640625 0.3955078125 0.1337890625 0.07421875
0 0.59423828125 0.35546875 0.1181640625 0.138671875
0 0.708984375 0.84521484375 0.06640625 0.1201171875
0 0.95654296875 0.82861328125 0.0830078125 0.0751953125
0 0.15625 0.7509765625 0.123046875 0.099609375
0 0.078125 0.89013671875 0.1484375 0.1572265625
0 0.48193359375 0.3369140625 0.0888671875 0.06640625
0 0.90478515625 0.4658203125 0.1904296875 0.04296875
0 0.48486328125 0.4541015625 0.1435546875 0.056640625
0 0.95751953125 0.23779296875 0.0849609375 0.0341796875
0 0.05859375 0.55224609375 0.1171875 0.0673828125
0 0.38720703125 0.8623046875 0.1083984375 0.0390625
0 0.9482421875 0.85986328125 0.08203125 0.0791015625
0 0.38330078125 0.9326171875 0.1318359375 0.04296875
0 0.51220703125 0.33740234375 0.0908203125 0.0400390625
0 0.24462890625 0.486328125 0.1064453125 0.068359375
0 0.40576171875 0.3818359375 0.1162109375 0.134765625
0 0.0703125 0.4873046875 0.138671875 0.072265625
0 0.48193359375 0.53759765625 0.1123046875 0.0517578125
0 0.4443359375 0.38623046875 0.10546875 0.0341796875
0 0.74755859375 0.484375 0.1708984375 0.076171875
0 0.20703125 0.29052734375 0.125 0.0498046875
0 0.1376953125 0.33349609375 0.056640625 0.0849609375
0 0.2373046875 0.318359375 0.158203125 0.2265625
0 0.89453125 0.87890625 0.083984375 0.064453125
0 0.08251953125 0.4130859375 0.1650390625 0.048828125
0 0.15087890625 0.98486328125 0.0947265625 0.0302734375
0 0.1376953125 0.8671875 0.15234375 0.056640625
0 0.9638671875 0.95947265625 0.072265625 0.0576171875
0 0.13818359375 0.2890625 0.0849609375 0.052734375
0 0.35888671875 0.42041015625 0.1630859375 0.1123046875
0 0.501953125 0.2900390625 0.09375 0.0703125
0 0.630859375 0.4951171875 0.11328125 0.0703125
0 0.25146484375 0.26806640625 0.0869140625 0.1201171875
0 0.57275390625 0.38134765625 0.0927734375 0.0439453125
0 0.95263671875 0.41943359375 0.0927734375 0.0478515625
0 0.619140625 0.47265625 0.10546875 0.064453125
0 0.93408203125 0.4873046875 0.1123046875 0.037109375
0 0.0869140625 0.64501953125 0.173828125 0.0595703125
0 0.748046875 0.408203125 0.107421875 0.064453125
0 0.169921875 0.419921875 0.076171875 0.07421875
0 0.74609375 0.5390625 0.115234375 0.03515625
0 0.537109375 0.96923828125 0.0859375 0.0361328125
0 0.7568359375 0.5107421875 0.134765625 0.03515625
0 0.80078125 0.4345703125 0.146484375 0.033203125
0 0.54150390625 0.88330078125 0.0888671875 0.0419921875
0 0.43017578125 0.9775390625 0.0908203125 0.0390625
0 0.40380859375 0.90380859375 0.0869140625 0.0478515625
0 0.8154296875 0.88671875 0.10546875 0.068359375
0 0.82275390625 0.83154296875 0.1220703125 0.0556640625
0 0.900390625 0.9716796875 0.078125 0.056640625
0 0.93505859375 0.94091796875 0.0986328125 0.0673828125
0 0.14501953125 0.8974609375 0.1416015625 0.103515625
0 0.23095703125 0.9755859375 0.0712890625 0.041015625
0 0.05029296875 0.439453125 0.1005859375 0.033203125
0 0.02294921875 0.24755859375 0.0458984375 0.0439453125
0 0.03515625 0.18115234375 0.0703125 0.0380859375
0 0.07177734375 0.15625 0.1318359375 0.087890625
0 0.2587890625 0.140625 0.1171875 0.044921875
0 0.20166015625 0.07373046875 0.0810546875 0.0283203125
0 0.12548828125 0.1044921875 0.2275390625 0.046875
0 0.0302734375 0.068359375 0.060546875 0.041015625
0 0.1650390625 0.017578125 0.064453125 0.03515625
0 0.13232421875 0.0380859375 0.0263671875 0.056640625
0 0.37841796875 0.2138671875 0.1044921875 0.03515625
0 0.5029296875 0.19775390625 0.123046875 0.0517578125
0 0.4091796875 0.021484375 0.095703125 0.04296875
0 0.54638671875 0.048828125 0.0986328125 0.078125
0 0.45849609375 0.12939453125 0.1513671875 0.0654296875
0 0.4345703125 0.11083984375 0.095703125 0.0224609375
0 0.6220703125 0.12744140625 0.1171875 0.0712890625
0 0.853515625 0.123046875 0.130859375 0.0625
0 0.75341796875 0.1279296875 0.1123046875 0.056640625
0 0.70458984375 0.1328125 0.1064453125 0.04296875
0 0.65869140625 0.060546875 0.0849609375 0.078125
0 0.7060546875 0.06884765625 0.166015625 0.0869140625
0 0.7568359375 0.0654296875 0.076171875 0.07421875
0 0.68701171875 0.01171875 0.1083984375 0.0234375
0 0.8564453125 0.05078125 0.09765625 0.052734375
0 0.81787109375 0.01904296875 0.1025390625 0.0380859375
