0 0.02490234375 0.44677734375 0.0498046875 0.0849609375
0 0.0703125 0.3857421875 0.09765625 0.083984375
0 0.1875 0.4365234375 0.099609375 0.173828125
0 0.08349609375 0.564453125 0.0654296875 0.10546875
0 0.11474609375 0.63037109375 0.0693359375 0.1005859375
0 0.17138671875 0.57080078125 0.0712890625 0.0849609375
0 0.81494140625 0.19140625 0.0888671875 0.07421875
0 0.84716796875 0.4228515625 0.0888671875 0.0625
0 0.89111328125 0.51416015625 0.0693359375 0.0791015625
0 0.64306640625 0.37255859375 0.1181640625 0.0869140625
0 0.67431640625 0.6533203125 0.0947265625 0.115234375
0 0.62841796875 0.71875 0.1025390625 0.0625
0 0.548828125 0.63818359375 0.0859375 0.1357421875
0 0.73779296875 0.77490234375 0.0830078125 0.0615234375
0 0.74365234375 0.84619140625 0.0615234375 0.0830078125
0 0.90576171875 0.86328125 0.1064453125 0.068359375
0 0.6259765625 0.94287109375 0.11328125 0.0615234375
0 0.65771484375 0.8603515625 0.1162109375 0.1171875
0 0.54638671875 0.87353515625 0.1162109375 0.0830078125
0 0.4775390625 0.794921875 0.12890625 0.076171875
0 0.02734375 0.9599609375 0.0546875 0.072265625
0 0.126953125 0.9609375 0.076171875 0.078125
0 0.14111328125 0.8916015625 0.0791015625 0.056640625
0 0.20849609375 0.85888671875 0.0693359375 0.0634765625
0 0.0537109375 0.77880859375 0.056640625 0.0537109375
0 0.3876953125 0.501953125 0.080078125 0.0625
0 0.43017578125 0.47412109375 0.0810546875 0.1259765625
0 0.45166015625 0.37451171875 0.0830078125 0.0830078125
0 0.39990234375 0.37060546875 0.0537109375 0.0732421875
0 0.29638671875 0.24609375 0.0673828125 0.099609375
0 0.36669921875 0.20166015625 0.0908203125 0.0595703125
0 0.4931640625 0.16015625 0.1171875 0.111328125
0 0.6201171875 0.044921875 0.1328125 0.08984375
