0 0.048828125 0.75244140625 0.09765625 0.0634765625
0 0.123046875 0.03662109375 0.111328125 0.0732421875
0 0.03173828125 0.10986328125 0.0615234375 0.0849609375
0 0.14208984375 0.3447265625 0.0927734375 0.07421875
0 0.15478515625 0.6279296875 0.0712890625 0.109375
0 0.248046875 0.13720703125 0.10546875 0.0966796875
0 0.22509765625 0.16552734375 0.0576171875 0.0517578125
0 0.359375 0.0595703125 0.09375 0.10546875
0 0.61474609375 0.02294921875 0.0673828125 0.0458984375
0 0.58984375 0.1201171875 0.119140625 0.072265625
0 0.4736328125 0.21875 0.0625 0.0859375
0 0.29833984375 0.22900390625 0.1142578125 0.0654296875
0 0.26025390625 0.44580078125 0.0927734375 0.1044921875
0 0.40283203125 0.466796875 0.1044921875 0.123046875
0 0.681640625 0.421875 0.099609375 0.0859375
0 0.64892578125 0.2470703125 0.0927734375 0.072265625
0 0.98388671875 0.5751953125 0.0322265625 0.10546875
0 0.87109375 0.2783203125 0.08984375 0.07421875
0 0.48046875 0.59814453125 0.125 0.0888671875
0 0.4755859375 0.7958984375 0.1796875 0.271484375
0 0.32421875 0.91650390625 0.068359375 0.1669921875
0 0.6103515625 0.6015625 0.12109375 0.1015625
0 0.6884765625 0.72802734375 0.091796875 0.0849609375
0 0.80078125 0.8759765625 0.1328125 0.111328125
0 0.939453125 0.7275390625 0.12109375 0.13671875
0 0.72705078125 0.97802734375 0.0732421875 0.0439453125
0 0.84326171875 0.9765625 0.1201171875 0.046875
0 0.955078125 0.18896484375 0.08984375 0.0849609375
0 0.87109375 0.0517578125 0.134765625 0.08203125
0 0.80322265625 0.15185546875 0.0693359375 0.0869140625
