0 0.87841796875 0.07421875 0.0439453125 0.103515625
0 0.96240234375 0.20458984375 0.0400390625 0.0595703125
0 0.93408203125 0.5087890625 0.0810546875 0.111328125
0 0.81591796875 0.3251953125 0.0576171875 0.0625
0 0.83251953125 0.23046875 0.0810546875 0.109375
0 0.79296875 0.28271484375 0.0390625 0.0830078125
0 0.7578125 0.2421875 0.037109375 0.0703125
0 0.80029296875 0.1484375 0.0556640625 0.072265625
0 0.84033203125 0.14013671875 0.0556640625 0.0927734375
0 0.65283203125 0.29248046875 0.0654296875 0.0556640625
0 0.72119140625 0.3134765625 0.0634765625 0.037109375
0 0.77587890625 0.41162109375 0.0478515625 0.0556640625
0 0.32421875 0.3740234375 0.0859375 0.10546875
0 0.49755859375 0.2265625 0.0498046875 0.076171875
0 0.4384765625 0.16796875 0.0703125 0.064453125
0 0.54541015625 0.23388671875 0.0712890625 0.0615234375
0 0.5244140625 0.27783203125 0.05078125 0.0478515625
0 0.62451171875 0.37451171875 0.0869140625 0.0576171875
0 0.57421875 0.35986328125 0.060546875 0.0478515625
0 0.50537109375 0.40283203125 0.0634765625 0.0556640625
0 0.33251953125 0.44287109375 0.0693359375 0.0380859375
0 0.08203125 0.34423828125 0.12890625 0.0400390625
0 0.0703125 0.3046875 0.140625 0.046875
0 0.04833984375 0.1220703125 0.0478515625 0.046875
0 0.16064453125 0.02001953125 0.1025390625 0.0400390625
0 0.23974609375 0.5341796875 0.0810546875 0.076171875
0 0.20458984375 0.63818359375 0.0810546875 0.0458984375
0 0.2216796875 0.68212890625 0.056640625 0.0439453125
0 0.27490234375 0.6982421875 0.0615234375 0.048828125
0 0.2744140625 0.634765625 0.0703125 0.060546875
0 0.34521484375 0.52490234375 0.0556640625 0.0458984375
0 0.41650390625 0.5537109375 0.0439453125 0.0546875
0 0.4404296875 0.53564453125 0.06640625 0.0712890625
0 0.5615234375 0.5439453125 0.048828125 0.064453125
0 0.61328125 0.474609375 0.083984375 0.07421875
0 0.67529296875 0.501953125 0.0595703125 0.048828125
0 0.67236328125 0.54638671875 0.0556640625 0.0498046875
0 0.65771484375 0.60302734375 0.0751953125 0.0654296875
0 0.87255859375 0.59619140625 0.0439453125 0.0498046875
0 0.54052734375 0.60791015625 0.0869140625 0.0654296875
0 0.47900390625 0.63818359375 0.0751953125 0.0341796875
0 0.501953125 0.6474609375 0.05859375 0.052734375
0 0.41357421875 0.64697265625 0.0478515625 0.0537109375
0 0.4091796875 0.75537109375 0.091796875 0.0517578125
0 0.38525390625 0.81787109375 0.0654296875 0.0908203125
0 0.32470703125 0.7919921875 0.0517578125 0.05078125
0 0.28076171875 0.80419921875 0.0419921875 0.0478515625
0 0.23974609375 0.8115234375 0.0517578125 0.05078125
0 0.16259765625 0.93310546875 0.0615234375 0.0986328125
0 0.05029296875 0.84619140625 0.1005859375 0.0439453125
0 0.39453125 0.91552734375 0.091796875 0.0595703125
0 0.47021484375 0.88427734375 0.0732421875 0.0634765625
0 0.53173828125 0.8193359375 0.0693359375 0.0390625
0 0.4873046875 0.77099609375 0.0625 0.0458984375
0 0.5458984375 0.73291015625 0.05078125 0.0595703125
0 0.5224609375 0.69384765625 0.076171875 0.0478515625
0 0.58935546875 0.662109375 0.0830078125 0.060546875
0 0.75390625 0.74755859375 0.0625 0.0498046875
0 0.76611328125 0.8310546875 0.0927734375 0.0546875
0 0.81103515625 0.89453125 0.0634765625 0.083984375
0 0.94580078125 0.94287109375 0.0400390625 0.0986328125
0 0.9814453125 0.8955078125 0.037109375 0.09375
0 0.8349609375 0.703125 0.06640625 0.0546875
0 0.255859375 0.02587890625 0.03515625 0.0283203125
0 0.08251953125 0.63427734375 0.0439453125 0.0302734375
0 0.86572265625 0.3349609375 0.0400390625 0.029296875
0 0.84228515625 0.29345703125 0.0400390625 0.0498046875
0 0.66796875 0.27587890625 0.060546875 0.0595703125
0 0.6142578125 0.82275390625 0.064453125 0.0380859375
0 0.59814453125 0.830078125 0.0771484375 0.03125
0 0.60302734375 0.83544921875 0.0537109375 0.0751953125
0 0.58642578125 0.74609375 0.0517578125 0.052734375
0 0.65625 0.76318359375 0.03125 0.0361328125
0 0.46630859375 0.83935546875 0.0283203125 0.0361328125
