0 0.03125 0.044921875 0.0625 0.08984375
0 0.208984375 0.05712890625 0.087890625 0.0966796875
0 0.27392578125 0.1171875 0.0673828125 0.0859375
0 0.03125 0.263671875 0.0625 0.10546875
0 0.1103515625 0.40380859375 0.08203125 0.0947265625
0 0.134765625 0.3095703125 0.0625 0.076171875
0 0.2568359375 0.30078125 0.052734375 0.078125
0 0.05078125 0.59814453125 0.0859375 0.1005859375
0 0.26708984375 0.654296875 0.0654296875 0.103515625
0 0.27880859375 0.53955078125 0.0908203125 0.1220703125
0 0.314453125 0.509765625 0.06640625 0.095703125
0 0.02099609375 0.95654296875 0.0419921875 0.0869140625
0 0.1572265625 0.91064453125 0.0625 0.0615234375
0 0.1611328125 0.78369140625 0.076171875 0.0791015625
0 0.04638671875 0.8583984375 0.0869140625 0.080078125
0 0.41064453125 0.88525390625 0.1142578125 0.0751953125
0 0.3828125 0.95751953125 0.078125 0.0693359375
0 0.66259765625 0.88037109375 0.0791015625 0.0751953125
0 0.55029296875 0.84228515625 0.0927734375 0.0732421875
0 0.5126953125 0.744140625 0.095703125 0.0859375
0 0.75927734375 0.765625 0.0673828125 0.060546875
0 0.92919921875 0.8818359375 0.0771484375 0.103515625
0 0.7978515625 0.96435546875 0.078125 0.0712890625
0 0.4296875 0.498046875 0.078125 0.11328125
0 0.5703125 0.478515625 0.0859375 0.15234375
0 0.72119140625 0.53955078125 0.1044921875 0.1474609375
0 0.67919921875 0.349609375 0.0869140625 0.072265625
0 0.56689453125 0.3515625 0.0791015625 0.0703125
0 0.44189453125 0.33349609375 0.1044921875 0.1787109375
0 0.59375 0.1904296875 0.10546875 0.099609375
0 0.79296875 0.27587890625 0.1015625 0.0751953125
0 0.78857421875 0.14306640625 0.0615234375 0.0654296875
0 0.95263671875 0.1953125 0.0869140625 0.1171875
0 0.94921875 0.31884765625 0.0859375 0.0751953125
0 0.83984375 0.4404296875 0.080078125 0.07421875
0 0.95458984375 0.39501953125 0.0830078125 0.0693359375
0 0.98388671875 0.51025390625 0.0322265625 0.0849609375
