0 0.04638671875 0.41748046875 0.0693359375 0.0576171875
0 0.1015625 0.40625 0.05078125 0.083984375
0 0.1533203125 0.40234375 0.06640625 0.056640625
0 0.26220703125 0.263671875 0.0869140625 0.06640625
0 0.337890625 0.21630859375 0.087890625 0.0732421875
0 0.31005859375 0.39501953125 0.0673828125 0.0712890625
0 0.30712890625 0.44091796875 0.0966796875 0.0693359375
0 0.5498046875 0.34619140625 0.08203125 0.0673828125
0 0.6787109375 0.322265625 0.08203125 0.1328125
0 0.76708984375 0.36279296875 0.0537109375 0.0595703125
0 0.72216796875 0.416015625 0.0712890625 0.0625
0 0.76611328125 0.43017578125 0.0517578125 0.0654296875
0 0.61279296875 0.4365234375 0.0908203125 0.095703125
0 0.88720703125 0.22900390625 0.1357421875 0.0791015625
0 0.96435546875 0.55810546875 0.0634765625 0.1572265625
0 0.2978515625 0.724609375 0.16796875 0.119140625
0 0.3232421875 0.767578125 0.19140625 0.0703125
0 0.76416015625 0.7080078125 0.0791015625 0.076171875
0 0.90625 0.80908203125 0.09765625 0.0986328125
0 0.9736328125 0.802734375 0.052734375 0.060546875
0 0.71044921875 0.82080078125 0.0771484375 0.0595703125
0 0.48583984375 0.9091796875 0.0751953125 0.0625
0 0.3134765625 0.85498046875 0.068359375 0.0673828125
0 0.22705078125 0.96826171875 0.0673828125 0.0634765625
0 0.7529296875 0.9501953125 0.0859375 0.099609375
0 0.93701171875 0.9521484375 0.0830078125 0.095703125
0 0.82177734375 0.87353515625 0.0537109375 0.0537109375
0 0.07568359375 0.24267578125 0.0419921875 0.0419921875
