0 0.53125 0.125 0.126953125 0.078125
0 0.6064453125 0.205078125 0.11328125 0.091796875
0 0.90576171875 0.10009765625 0.1240234375 0.0927734375
0 0.93212890625 0.2890625 0.0888671875 0.083984375
0 0.93408203125 0.45361328125 0.0732421875 0.0673828125
0 0.814453125 0.751953125 0.109375 0.07421875
0 0.9580078125 0.7373046875 0.060546875 0.0546875
0 0.58056640625 0.841796875 0.0947265625 0.05859375
0 0.5634765625 0.71435546875 0.08984375 0.0732421875
0 0.73876953125 0.79541015625 0.0673828125 0.0673828125
0 0.8330078125 0.8583984375 0.078125 0.0625
0 0.89892578125 0.81005859375 0.0751953125 0.0595703125
0 0.37451171875 0.81494140625 0.0693359375 0.0693359375
0 0.47021484375 0.8740234375 0.0712890625 0.0703125
0 0.455078125 0.77392578125 0.07421875 0.0576171875
0 0.4443359375 0.7080078125 0.115234375 0.072265625
0 0.24365234375 0.697265625 0.0947265625 0.095703125
0 0.2978515625 0.58984375 0.095703125 0.091796875
0 0.17431640625 0.63525390625 0.0732421875 0.0791015625
0 0.2216796875 0.83056640625 0.0859375 0.0849609375
0 0.05615234375 0.83203125 0.0712890625 0.05859375
0 0.04638671875 0.50048828125 0.0927734375 0.1376953125
0 0.1748046875 0.4072265625 0.072265625 0.0625
0 0.318359375 0.40234375 0.08984375 0.0625
0 0.45947265625 0.40771484375 0.0888671875 0.0517578125
0 0.52734375 0.53369140625 0.0703125 0.0537109375
0 0.517578125 0.59375 0.08984375 0.06640625
0 0.6044921875 0.49560546875 0.083984375 0.1181640625
0 0.71826171875 0.40087890625 0.0634765625 0.0888671875
0 0.69873046875 0.30859375 0.0712890625 0.0625
0 0.296875 0.3125 0.068359375 0.072265625
0 0.21142578125 0.26416015625 0.1396484375 0.0693359375
0 0.1083984375 0.3203125 0.07421875 0.0859375
0 0.0380859375 0.291015625 0.076171875 0.05859375
0 0.15576171875 0.0927734375 0.0869140625 0.134765625
0 0.78466796875 0.03125 0.0439453125 0.060546875
0 0.23828125 0.07568359375 0.0625 0.0595703125
0 0.2802734375 0.86181640625 0.0390625 0.0419921875
0 0.8408203125 0.06884765625 0.0625 0.0595703125
0 0.06884765625 0.14111328125 0.0732421875 0.0908203125
0 0.79443359375 0.7060546875 0.0537109375 0.05078125
