0 0.02587890625 0.146484375 0.0517578125 0.091796875
0 0.05908203125 0.0517578125 0.0771484375 0.076171875
0 0.20458984375 0.07373046875 0.0810546875 0.0771484375
0 0.306640625 0.03125 0.064453125 0.0625
0 0.51123046875 0.0439453125 0.0576171875 0.076171875
0 0.58447265625 0.06494140625 0.0673828125 0.0849609375
0 0.9580078125 0.0322265625 0.083984375 0.0625
0 0.8974609375 0.07275390625 0.072265625 0.0517578125
0 0.9169921875 0.23681640625 0.076171875 0.0712890625
0 0.775390625 0.2939453125 0.0703125 0.05859375
0 0.61474609375 0.22412109375 0.0751953125 0.0615234375
0 0.5869140625 0.25048828125 0.064453125 0.0869140625
0 0.5009765625 0.24267578125 0.08203125 0.0693359375
0 0.41015625 0.26611328125 0.048828125 0.0888671875
0 0.50830078125 0.318359375 0.0419921875 0.0625
0 0.5498046875 0.35107421875 0.0546875 0.0732421875
0 0.67626953125 0.43994140625 0.0712890625 0.0830078125
0 0.806640625 0.3955078125 0.07421875 0.060546875
0 0.97119140625 0.455078125 0.0576171875 0.0625
0 0.84521484375 0.615234375 0.1123046875 0.091796875
0 0.6201171875 0.546875 0.07421875 0.064453125
0 0.52880859375 0.53173828125 0.0810546875 0.0439453125
0 0.65478515625 0.6630859375 0.0673828125 0.0859375
0 0.96142578125 0.7509765625 0.0771484375 0.07421875
0 0.8916015625 0.8330078125 0.060546875 0.060546875
0 0.66796875 0.83935546875 0.064453125 0.0595703125
0 0.54345703125 0.78515625 0.0634765625 0.0546875
0 0.5888671875 0.75830078125 0.0625 0.0419921875
0 0.49560546875 0.6728515625 0.0966796875 0.056640625
0 0.43798828125 0.71875 0.0732421875 0.05859375
0 0.40283203125 0.75390625 0.0673828125 0.05859375
0 0.35693359375 0.8330078125 0.0810546875 0.0703125
0 0.43212890625 0.83837890625 0.0673828125 0.0732421875
0 0.4521484375 0.9560546875 0.056640625 0.087890625
0 0.5869140625 0.97705078125 0.06640625 0.0458984375
0 0.8466796875 0.95458984375 0.072265625 0.0693359375
0 0.94775390625 0.94677734375 0.0888671875 0.0556640625
0 0.58251953125 0.9091796875 0.0771484375 0.05859375
0 0.2509765625 0.79638671875 0.0859375 0.0615234375
0 0.21826171875 0.87353515625 0.0732421875 0.0556640625
0 0.3388671875 0.95947265625 0.072265625 0.0576171875
0 0.13720703125 0.81201171875 0.0830078125 0.0537109375
0 0.126953125 0.75390625 0.080078125 0.068359375
0 0.11865234375 0.66162109375 0.0908203125 0.0712890625
0 0.1923828125 0.66357421875 0.072265625 0.0712890625
0 0.380859375 0.61279296875 0.060546875 0.0654296875
0 0.41455078125 0.5888671875 0.0732421875 0.064453125
0 0.26611328125 0.37646484375 0.0888671875 0.0732421875
0 0.25537109375 0.44921875 0.0673828125 0.0546875
0 0.435546875 0.34130859375 0.048828125 0.0634765625
0 0.4873046875 0.42041015625 0.0703125 0.0693359375
0 0.759765625 0.48486328125 0.083984375 0.0751953125
0 0.02685546875 0.544921875 0.0537109375 0.0546875
0 0.0751953125 0.44677734375 0.080078125 0.0927734375
0 0.11181640625 0.34912109375 0.0771484375 0.0654296875
0 0.07275390625 0.27880859375 0.0712890625 0.0712890625
0 0.1123046875 0.20751953125 0.05859375 0.0595703125
0 0.2236328125 0.22607421875 0.0625 0.0654296875
0 0.69384765625 0.52294921875 0.0712890625 0.0576171875
0 0.69677734375 0.3046875 0.0712890625 0.068359375
0 0.365234375 0.54833984375 0.052734375 0.0439453125
0 0.82275390625 0.333984375 0.0556640625 0.044921875
0 0.60302734375 0.84814453125 0.0634765625 0.0595703125
0 0.8857421875 0.5732421875 0.056640625 0.044921875
