0 0.1875 0.98095703125 0.078125 0.0380859375
0 0.6171875 0.96923828125 0.09765625 0.0615234375
0 0.69189453125 0.9130859375 0.0869140625 0.0625
0 0.4638671875 0.97607421875 0.056640625 0.0478515625
0 0.3916015625 0.97705078125 0.08203125 0.0458984375
0 0.919921875 0.9560546875 0.07421875 0.087890625
0 0.8818359375 0.884765625 0.078125 0.107421875
0 0.50048828125 0.8115234375 0.0830078125 0.15625
0 0.69970703125 0.7216796875 0.0595703125 0.068359375
0 0.3203125 0.74755859375 0.07421875 0.0615234375
0 0.97216796875 0.67431640625 0.0556640625 0.0771484375
0 0.859375 0.568359375 0.05859375 0.060546875
0 0.7060546875 0.513671875 0.099609375 0.0859375
0 0.64697265625 0.46484375 0.0712890625 0.064453125
0 0.82861328125 0.4560546875 0.0947265625 0.07421875
0 0.31298828125 0.47119140625 0.0751953125 0.0615234375
0 0.09814453125 0.58447265625 0.0634765625 0.0830078125
0 0.158203125 0.66943359375 0.1015625 0.0947265625
0 0.07373046875 0.64453125 0.0654296875 0.078125
0 0.0498046875 0.73779296875 0.099609375 0.0791015625
0 0.38818359375 0.52880859375 0.1005859375 0.0869140625
0 0.42041015625 0.57763671875 0.0595703125 0.0673828125
0 0.392578125 0.43701171875 0.087890625 0.1005859375
0 0.244140625 0.111328125 0.099609375 0.08984375
0 0.50830078125 0.080078125 0.0810546875 0.080078125
0 0.79248046875 0.1904296875 0.0771484375 0.056640625
0 0.8828125 0.3544921875 0.068359375 0.0859375
0 0.2265625 0.046875 0.09765625 0.07421875
0 0.9697265625 0.5078125 0.060546875 0.076171875
0 0.984375 0.58056640625 0.03125 0.0634765625
0 0.0927734375 0.02490234375 0.0859375 0.0498046875
0 0.189453125 0.02099609375 0.064453125 0.0419921875
0 0.28076171875 0.01611328125 0.0517578125 0.0322265625
0 0.31640625 0.4228515625 0.06640625 0.056640625
0 0.01123046875 0.52880859375 0.0224609375 0.0673828125
0 0.65966796875 0.0166015625 0.0458984375 0.033203125
0 0.82568359375 0.00537109375 0.0263671875 0.0107421875
0 0.98828125 0.42822265625 0.0234375 0.0302734375
0 0.73876953125 0.494140625 0.0498046875 0.044921875
0 0.8525390625 0.349609375 0.0546875 0.0703125
0 0.0625 0.9912109375 0.072265625 0.017578125
0 0.130859375 0.9814453125 0.029296875 0.033203125
0 0.7353515625 0.98779296875 0.05078125 0.0224609375
0 0.63037109375 0.8466796875 0.0302734375 0.041015625
0 0.69482421875 0.97119140625 0.0439453125 0.0537109375
0 0.53173828125 0.98828125 0.0634765625 0.0234375
0 0.45458984375 0.95361328125 0.0615234375 0.0615234375
0 0.43701171875 0.81201171875 0.0498046875 0.0556640625
0 0.96435546875 0.92236328125 0.0380859375 0.0478515625
0 0.37451171875 0.58544921875 0.0380859375 0.0478515625
