0 0.8720703125 0.4267578125 0.046875 0.0390625
0 0.88330078125 0.1826171875 0.1103515625 0.076171875
0 0.61572265625 0.0693359375 0.1865234375 0.111328125
0 0.81298828125 0.29052734375 0.0654296875 0.1982421875
0 0.17431640625 0.97021484375 0.1865234375 0.0595703125
0 0.0908203125 0.076171875 0.181640625 0.103515625
0 0.7197265625 0.03173828125 0.208984375 0.0634765625
0 0.3984375 0.22119140625 0.07421875 0.0966796875
0 0.92578125 0.697265625 0.1484375 0.1328125
0 0.8232421875 0.80517578125 0.091796875 0.0869140625
0 0.03076171875 0.466796875 0.0615234375 0.068359375
0 0.0634765625 0.28173828125 0.126953125 0.1083984375
0 0.0732421875 0.15478515625 0.146484375 0.1396484375
0 0.70947265625 0.25048828125 0.1689453125 0.1181640625
0 0.6064453125 0.16845703125 0.150390625 0.0810546875
0 0.61962890625 0.30029296875 0.1728515625 0.1240234375
0 0.73876953125 0.318359375 0.1669921875 0.072265625
0 0.94091796875 0.265625 0.0791015625 0.087890625
