0 0.97265625 0.6435546875 0.0546875 0.1171875
0 0.31201171875 0.39697265625 0.1044921875 0.1357421875
0 0.3330078125 0.1728515625 0.087890625 0.162109375
0 0.60791015625 0.51708984375 0.0966796875 0.1044921875
0 0.685546875 0.61962890625 0.08203125 0.1201171875
0 0.09814453125 0.24072265625 0.1943359375 0.1728515625
0 0.10302734375 0.50244140625 0.2060546875 0.1748046875
0 0.4072265625 0.5146484375 0.099609375 0.1953125
0 0.2021484375 0.69482421875 0.16015625 0.1748046875
0 0.85693359375 0.05078125 0.0751953125 0.09765625
0 0.1533203125 0.08203125 0.125 0.083984375
0 0.5009765625 0.93603515625 0.2421875 0.1279296875
0 0.1806640625 0.77392578125 0.13671875 0.1337890625
0 0.54345703125 0.86669921875 0.2880859375 0.0947265625
0 0.77978515625 0.88232421875 0.0849609375 0.0712890625
0 0.04833984375 0.9306640625 0.0869140625 0.087890625
0 0.21044921875 0.0380859375 0.0927734375 0.072265625
0 0.060546875 0.8134765625 0.119140625 0.142578125
0 0.6298828125 0.63232421875 0.0546875 0.0576171875
0 0.123046875 0.1943359375 0.05859375 0.111328125
0 0.041015625 0.3701171875 0.080078125 0.07421875
0 0.1865234375 0.12939453125 0.115234375 0.0810546875
0 0.19775390625 0.29248046875 0.0927734375 0.1162109375
