0 0.69091796875 0.02001953125 0.0888671875 0.0400390625
0 0.49853515625 0.099609375 0.0751953125 0.087890625
0 0.6181640625 0.1259765625 0.08984375 0.060546875
0 0.4580078125 0.224609375 0.0703125 0.076171875
0 0.56201171875 0.23681640625 0.1044921875 0.0830078125
0 0.82421875 0.20556640625 0.115234375 0.0751953125
0 0.9599609375 0.22216796875 0.0703125 0.0771484375
0 0.7626953125 0.38818359375 0.09765625 0.0927734375
0 0.9658203125 0.34326171875 0.068359375 0.1201171875
0 0.427734375 0.416015625 0.142578125 0.119140625
0 0.48388671875 0.494140625 0.0908203125 0.09375
0 0.6396484375 0.4130859375 0.0625 0.080078125
0 0.71240234375 0.48291015625 0.0869140625 0.0771484375
0 0.95263671875 0.5546875 0.0849609375 0.078125
0 0.72802734375 0.650390625 0.0791015625 0.087890625
0 0.81591796875 0.6484375 0.0830078125 0.068359375
0 0.951171875 0.63232421875 0.095703125 0.0693359375
0 0.9775390625 0.69873046875 0.044921875 0.0615234375
0 0.9716796875 0.76416015625 0.056640625 0.0634765625
0 0.51025390625 0.8095703125 0.0888671875 0.083984375
0 0.62353515625 0.8388671875 0.0927734375 0.16796875
0 0.38671875 0.927734375 0.08984375 0.08984375
0 0.4423828125 0.9755859375 0.078125 0.048828125
0 0.9169921875 0.916015625 0.087890625 0.109375
0 0.09228515625 0.9287109375 0.1279296875 0.08203125
0 0.2841796875 0.8369140625 0.080078125 0.0859375
0 0.1357421875 0.8134765625 0.109375 0.083984375
0 0.05908203125 0.8291015625 0.0576171875 0.07421875
0 0.17822265625 0.720703125 0.0986328125 0.07421875
0 0.2314453125 0.48046875 0.07421875 0.072265625
0 0.28662109375 0.513671875 0.0712890625 0.068359375
0 0.228515625 0.40234375 0.080078125 0.072265625
0 0.12109375 0.56005859375 0.0859375 0.0712890625
0 0.38671875 0.7109375 0.142578125 0.091796875
0 0.45166015625 0.6455078125 0.0830078125 0.080078125
0 0.27490234375 0.11181640625 0.0966796875 0.0947265625
0 0.15234375 0.234375 0.11328125 0.09375
0 0.13427734375 0.09765625 0.0927734375 0.078125
0 0.3173828125 0.033203125 0.064453125 0.06640625
0 0.08056640625 0.0380859375 0.1005859375 0.076171875
0 0.80126953125 0.70263671875 0.0947265625 0.0673828125
0 0.171875 0.59326171875 0.0859375 0.0771484375
0 0.01611328125 0.2685546875 0.0322265625 0.05859375
0 0.390625 0.6552734375 0.0625 0.052734375
0 0.88037109375 0.6552734375 0.0537109375 0.06640625
