0 0.626953125 0.22216796875 0.080078125 0.0849609375
0 0.36328125 0.08349609375 0.078125 0.1220703125
0 0.2119140625 0.07958984375 0.080078125 0.0908203125
0 0.68359375 0.42236328125 0.0859375 0.0830078125
0 0.7978515625 0.47314453125 0.142578125 0.0771484375
0 0.61181640625 0.78076171875 0.0751953125 0.0771484375
0 0.70166015625 0.97314453125 0.0849609375 0.0361328125
0 0.6943359375 0.60205078125 0.0703125 0.0556640625
0 0.73193359375 0.15966796875 0.1357421875 0.0751953125
0 0.84716796875 0.25830078125 0.1298828125 0.0771484375
0 0.79052734375 0.7919921875 0.1025390625 0.060546875
0 0.296875 0.2939453125 0.068359375 0.07421875
0 0.46484375 0.41357421875 0.0625 0.0673828125
0 0.533203125 0.21630859375 0.0625 0.0498046875
0 0.67236328125 0.7080078125 0.0654296875 0.0546875
0 0.623046875 0.56298828125 0.09765625 0.1025390625
0 0.62939453125 0.09326171875 0.1044921875 0.0927734375
0 0.4599609375 0.73046875 0.091796875 0.052734375
0 0.734375 0.6865234375 0.083984375 0.046875
0 0.83447265625 0.22119140625 0.1044921875 0.0576171875
0 0.8193359375 0.861328125 0.07421875 0.05859375
0 0.42578125 0.35302734375 0.072265625 0.0732421875
0 0.7431640625 0.89697265625 0.103515625 0.0322265625
0 0.533203125 0.34814453125 0.09765625 0.0673828125
0 0.474609375 0.30322265625 0.080078125 0.1025390625
0 0.74560546875 0.34326171875 0.1123046875 0.0517578125
0 0.85302734375 0.15185546875 0.1376953125 0.0849609375
0 0.69482421875 0.037109375 0.0751953125 0.07421875
0 0.51611328125 0.6689453125 0.1201171875 0.05078125
0 0.30712890625 0.7421875 0.0595703125 0.064453125
0 0.35546875 0.6494140625 0.02734375 0.0546875
0 0.11474609375 0.93017578125 0.0478515625 0.0498046875
0 0.77734375 0.029296875 0.080078125 0.056640625
0 0.62255859375 0.03076171875 0.0634765625 0.0615234375
0 0.4423828125 0.39306640625 0.05859375 0.0576171875
0 0.31396484375 0.22802734375 0.0400390625 0.0498046875
