0 0.1416015625 0.61083984375 0.04296875 0.0576171875
0 0.08837890625 0.48193359375 0.0517578125 0.0791015625
0 0.1005859375 0.51708984375 0.0546875 0.0615234375
0 0.11767578125 0.15234375 0.0341796875 0.072265625
0 0.2626953125 0.19921875 0.05078125 0.05859375
0 0.17626953125 0.0126953125 0.0517578125 0.025390625
0 0.27099609375 0.640625 0.0556640625 0.048828125
0 0.439453125 0.66162109375 0.046875 0.0478515625
0 0.4931640625 0.12548828125 0.048828125 0.0712890625
0 0.6298828125 0.05078125 0.033203125 0.0546875
0 0.9619140625 0.072265625 0.076171875 0.0703125
0 0.77392578125 0.2216796875 0.0517578125 0.037109375
0 0.63134765625 0.39453125 0.0380859375 0.15234375
0 0.58544921875 0.43408203125 0.0693359375 0.0947265625
0 0.7138671875 0.4287109375 0.03515625 0.07421875
0 0.72509765625 0.42626953125 0.0205078125 0.0478515625
0 0.669921875 0.5615234375 0.056640625 0.056640625
0 0.77783203125 0.517578125 0.0458984375 0.06640625
0 0.63330078125 0.7060546875 0.0517578125 0.048828125
0 0.80810546875 0.59326171875 0.0283203125 0.0400390625
0 0.8408203125 0.5966796875 0.044921875 0.06640625
0 0.86474609375 0.4765625 0.0595703125 0.10546875
0 0.8779296875 0.43408203125 0.037109375 0.0654296875
0 0.90478515625 0.666015625 0.0439453125 0.064453125
0 0.95849609375 0.97119140625 0.0400390625 0.0576171875
0 0.66357421875 0.9716796875 0.0537109375 0.0546875
0 0.76123046875 0.76904296875 0.0400390625 0.0361328125
0 0.6953125 0.74267578125 0.052734375 0.0302734375
0 0.46728515625 0.958984375 0.0400390625 0.08203125
0 0.26123046875 0.962890625 0.0615234375 0.05078125
0 0.30859375 0.955078125 0.041015625 0.0625
0 0.185546875 0.9765625 0.037109375 0.03125
