0 0.1669921875 0.51806640625 0.119140625 0.1025390625
0 0.36328125 0.5380859375 0.13671875 0.107421875
0 0.201171875 0.2470703125 0.142578125 0.119140625
0 0.52197265625 0.93212890625 0.0908203125 0.1201171875
0 0.92724609375 0.8974609375 0.1455078125 0.125
0 0.2255859375 0.62939453125 0.134765625 0.1005859375
0 0.40673828125 0.25439453125 0.1201171875 0.0947265625
0 0.49169921875 0.1572265625 0.0947265625 0.08984375
0 0.42333984375 0.376953125 0.1123046875 0.095703125
0 0.40478515625 0.0517578125 0.1162109375 0.09375
0 0.359375 0.85205078125 0.115234375 0.1103515625
0 0.7294921875 0.88818359375 0.115234375 0.1181640625
0 0.82080078125 0.50048828125 0.0830078125 0.0771484375
