0 0.095703125 0.103515625 0.18359375 0.119140625
0 0.35986328125 0.16748046875 0.0869140625 0.0673828125
0 0.3037109375 0.25390625 0.078125 0.083984375
0 0.4609375 0.27734375 0.091796875 0.078125
0 0.50732421875 0.0830078125 0.0927734375 0.166015625
0 0.58349609375 0.11181640625 0.0849609375 0.1279296875
0 0.74658203125 0.123046875 0.1005859375 0.12890625
0 0.9091796875 0.08837890625 0.123046875 0.0615234375
0 0.93994140625 0.1416015625 0.1005859375 0.05859375
0 0.69482421875 0.3232421875 0.0986328125 0.109375
0 0.39208984375 0.4140625 0.1064453125 0.0703125
0 0.2666015625 0.44873046875 0.087890625 0.1103515625
0 0.1474609375 0.3291015625 0.103515625 0.0625
0 0.07421875 0.3251953125 0.056640625 0.056640625
0 0.017578125 0.51025390625 0.03515625 0.0849609375
0 0.07666015625 0.55224609375 0.0849609375 0.0751953125
0 0.22802734375 0.58740234375 0.1142578125 0.0927734375
0 0.349609375 0.6533203125 0.09765625 0.08984375
0 0.599609375 0.68408203125 0.142578125 0.1474609375
0 0.44580078125 0.515625 0.1240234375 0.08984375
0 0.568359375 0.49169921875 0.123046875 0.1318359375
0 0.7373046875 0.4775390625 0.099609375 0.080078125
0 0.79541015625 0.4326171875 0.0810546875 0.10546875
0 0.97607421875 0.36376953125 0.0478515625 0.0595703125
0 0.96875 0.2763671875 0.0625 0.072265625
0 0.087890625 0.705078125 0.08984375 0.078125
0 0.1484375 0.81982421875 0.115234375 0.0908203125
0 0.12353515625 0.96484375 0.0556640625 0.0625
0 0.251953125 0.93212890625 0.06640625 0.0908203125
0 0.3974609375 0.82373046875 0.115234375 0.0849609375
0 0.51171875 0.912109375 0.1328125 0.0859375
0 0.34521484375 0.95947265625 0.0966796875 0.0732421875
0 0.703125 0.91064453125 0.08203125 0.0888671875
0 0.79248046875 0.82080078125 0.1005859375 0.1259765625
0 0.953125 0.77734375 0.09375 0.07421875
0 0.91015625 0.9697265625 0.0859375 0.05078125
0 0.8193359375 0.50830078125 0.103515625 0.0966796875
0 0.8544921875 0.6064453125 0.130859375 0.087890625
0 0.1181640625 0.42431640625 0.083984375 0.1044921875
0 0.03857421875 0.25537109375 0.0771484375 0.0576171875
0 0.23388671875 0.24755859375 0.0654296875 0.0576171875
