0 0.24462890625 0.01806640625 0.0634765625 0.0361328125
0 0.3564453125 0.05517578125 0.048828125 0.0654296875
0 0.93310546875 0.0947265625 0.0478515625 0.109375
0 0.9716796875 0.091796875 0.056640625 0.126953125
0 0.2216796875 0.1640625 0.13671875 0.1015625
0 0.20458984375 0.2724609375 0.0986328125 0.115234375
0 0.47509765625 0.26220703125 0.0869140625 0.0791015625
0 0.56591796875 0.24169921875 0.0673828125 0.0810546875
0 0.59033203125 0.36962890625 0.0693359375 0.0634765625
0 0.3154296875 0.48095703125 0.10546875 0.0712890625
0 0.1767578125 0.54296875 0.095703125 0.10546875
0 0.052734375 0.57177734375 0.09375 0.1181640625
0 0.76904296875 0.3359375 0.0888671875 0.138671875
0 0.8349609375 0.26220703125 0.048828125 0.0751953125
0 0.8994140625 0.3857421875 0.064453125 0.095703125
0 0.93701171875 0.9326171875 0.1025390625 0.103515625
0 0.779296875 0.9052734375 0.08203125 0.099609375
0 0.5244140625 0.89208984375 0.158203125 0.1005859375
0 0.65283203125 0.9306640625 0.0986328125 0.138671875
0 0.11669921875 0.88623046875 0.0888671875 0.0654296875
0 0.18505859375 0.93701171875 0.0986328125 0.0830078125
0 0.0439453125 0.95361328125 0.087890625 0.0576171875
0 0.6494140625 0.11962890625 0.126953125 0.0849609375
