0 0.6611328125 0.9326171875 0.109375 0.05859375
0 0.46142578125 0.2294921875 0.0966796875 0.076171875
0 0.5126953125 0.556640625 0.072265625 0.064453125
0 0.1064453125 0.0849609375 0.1171875 0.052734375
0 0.04150390625 0.2978515625 0.0810546875 0.0625
0 0.177734375 0.251953125 0.083984375 0.0546875
0 0.1728515625 0.65185546875 0.078125 0.0947265625
0 0.36181640625 0.79248046875 0.0869140625 0.0576171875
0 0.431640625 0.2607421875 0.103515625 0.046875
0 0.14990234375 0.1416015625 0.1318359375 0.0546875
0 0.1416015625 0.025390625 0.099609375 0.046875
0 0.7294921875 0.16162109375 0.078125 0.0517578125
0 0.55029296875 0.38916015625 0.1103515625 0.0458984375
0 0.63671875 0.146484375 0.060546875 0.107421875
0 0.6923828125 0.85693359375 0.08203125 0.0537109375
0 0.79296875 0.0458984375 0.103515625 0.060546875
0 0.26513671875 0.0537109375 0.1064453125 0.044921875
0 0.71533203125 0.279296875 0.0751953125 0.06640625
0 0.49560546875 0.603515625 0.0849609375 0.04296875
0 0.3046875 0.2900390625 0.0859375 0.03515625
0 0.828125 0.76806640625 0.107421875 0.0439453125
0 0.2216796875 0.603515625 0.12109375 0.052734375
0 0.0849609375 0.8759765625 0.08203125 0.041015625
0 0.37109375 0.65283203125 0.126953125 0.0537109375
0 0.25537109375 0.56640625 0.1044921875 0.0546875
0 0.9091796875 0.55712890625 0.04296875 0.0830078125
0 0.0537109375 0.94775390625 0.091796875 0.0400390625
0 0.91064453125 0.083984375 0.1044921875 0.068359375
0 0.55029296875 0.30078125 0.0849609375 0.064453125
0 0.8125 0.42431640625 0.0625 0.0380859375
0 0.44921875 0.11083984375 0.1171875 0.1025390625
0 0.6875 0.3271484375 0.064453125 0.068359375
0 0.38134765625 0.7080078125 0.0810546875 0.0546875
0 0.90478515625 0.3974609375 0.0537109375 0.0390625
0 0.88916015625 0.55224609375 0.0439453125 0.0791015625
0 0.048828125 0.6962890625 0.080078125 0.03125
0 0.43603515625 0.70654296875 0.0869140625 0.0458984375
0 0.2568359375 0.396484375 0.078125 0.029296875
0 0.03857421875 0.98486328125 0.0771484375 0.0302734375
0 0.626953125 0.43017578125 0.076171875 0.0380859375
0 0.05126953125 0.666015625 0.0908203125 0.029296875
0 0.666015625 0.53857421875 0.052734375 0.0517578125
0 0.69140625 0.01220703125 0.06640625 0.0244140625
0 0.55029296875 0.7353515625 0.0791015625 0.044921875
0 0.12744140625 0.70849609375 0.0537109375 0.0400390625
0 0.2275390625 0.06689453125 0.056640625 0.0517578125
0 0.92626953125 0.7880859375 0.1474609375 0.115234375
0 0.30712890625 0.01171875 0.0869140625 0.0234375
0 0.03125 0.72412109375 0.0625 0.0361328125
0 0.7333984375 0.4111328125 0.1015625 0.046875
0 0.9482421875 0.24365234375 0.09765625 0.0322265625
0 0.18994140625 0.84375 0.0732421875 0.025390625
0 0.33251953125 0.4443359375 0.0947265625 0.0390625
0 0.86767578125 0.87158203125 0.0322265625 0.0537109375
0 0.96923828125 0.95068359375 0.0615234375 0.0439453125
0 0.31005859375 0.80224609375 0.0830078125 0.0458984375
0 0.18798828125 0.9765625 0.1025390625 0.04296875
0 0.37646484375 0.84033203125 0.1103515625 0.0380859375
0 0.02685546875 0.0322265625 0.0537109375 0.048828125
0 0.01806640625 0.59521484375 0.0341796875 0.0322265625
0 0.2890625 0.7001953125 0.0625 0.03515625
0 0.0224609375 0.060546875 0.044921875 0.033203125
0 0.759765625 0.50390625 0.08203125 0.0625
0 0.61962890625 0.75390625 0.0478515625 0.02734375
0 0.6875 0.6376953125 0.056640625 0.0390625
0 0.9443359375 0.2158203125 0.083984375 0.033203125
0 0.15966796875 0.16845703125 0.0966796875 0.0498046875
0 0.798828125 0.30810546875 0.083984375 0.0478515625
0 0.90087890625 0.05615234375 0.1064453125 0.0419921875
0 0.759765625 0.47509765625 0.130859375 0.0986328125
0 0.236328125 0.89404296875 0.033203125 0.0478515625
0 0.94580078125 0.96435546875 0.0966796875 0.0283203125
0 0.533203125 0.65234375 0.12890625 0.05078125
0 0.0166015625 0.1591796875 0.033203125 0.033203125
0 0.0234375 0.3828125 0.044921875 0.025390625
0 0.2900390625 0.60693359375 0.095703125 0.0654296875
0 0.8056640625 0.57958984375 0.142578125 0.0517578125
0 0.65966796875 0.18359375 0.0556640625 0.029296875
0 0.876953125 0.02392578125 0.05859375 0.0478515625
0 0.140625 0.40869140625 0.126953125 0.0439453125
0 0.15283203125 0.96875 0.0888671875 0.04296875
0 0.130859375 0.673828125 0.05859375 0.046875
0 0.7177734375 0.30859375 0.072265625 0.03515625
0 0.78173828125 0.58544921875 0.1630859375 0.0634765625
