0 0.77392578125 0.38818359375 0.0849609375 0.0751953125
0 0.96240234375 0.47607421875 0.0751953125 0.0537109375
0 0.79638671875 0.04443359375 0.0498046875 0.0888671875
0 0.27587890625 0.10302734375 0.1103515625 0.0576171875
0 0.98095703125 0.3388671875 0.0380859375 0.09375
0 0.52197265625 0.07080078125 0.0771484375 0.1201171875
0 0.99365234375 0.40478515625 0.0126953125 0.0537109375
0 0.20751953125 0.29736328125 0.0908203125 0.0498046875
0 0.55859375 0.603515625 0.0859375 0.09375
0 0.97021484375 0.1953125 0.0595703125 0.04296875
0 0.39501953125 0.31787109375 0.0791015625 0.0439453125
0 0.212890625 0.01708984375 0.044921875 0.0341796875
0 0.1748046875 0.462890625 0.08984375 0.0703125
0 0.70654296875 0.8642578125 0.0517578125 0.08203125
0 0.693359375 0.96142578125 0.1015625 0.0771484375
0 0.2353515625 0.53125 0.0625 0.04296875
0 0.671875 0.35205078125 0.080078125 0.0595703125
0 0.53369140625 0.49755859375 0.1025390625 0.0439453125
0 0.59619140625 0.90966796875 0.0810546875 0.0498046875
0 0.7451171875 0.7626953125 0.072265625 0.0546875
0 0.33154296875 0.45458984375 0.0966796875 0.0869140625
0 0.70263671875 0.1396484375 0.1083984375 0.119140625
0 0.54248046875 0.84912109375 0.0654296875 0.1123046875
0 0.97119140625 0.5791015625 0.0576171875 0.056640625
0 0.1123046875 0.341796875 0.048828125 0.03125
0 0.9052734375 0.888671875 0.06640625 0.048828125
0 0.27734375 0.45458984375 0.103515625 0.0947265625
0 0.3974609375 0.224609375 0.0625 0.05078125
0 0.41015625 0.8076171875 0.1015625 0.0390625
0 0.83642578125 0.85107421875 0.0810546875 0.0478515625
0 0.9228515625 0.14111328125 0.056640625 0.0478515625
0 0.1455078125 0.72216796875 0.099609375 0.0908203125
0 0.46875 0.09912109375 0.083984375 0.0498046875
0 0.42626953125 0.4453125 0.0537109375 0.041015625
0 0.7490234375 0.47265625 0.087890625 0.068359375
0 0.26171875 0.3681640625 0.056640625 0.037109375
0 0.98779296875 0.109375 0.0244140625 0.0390625
0 0.9501953125 0.88818359375 0.048828125 0.0615234375
0 0.28759765625 0.0283203125 0.0908203125 0.056640625
0 0.9833984375 0.0146484375 0.033203125 0.029296875
0 0.43408203125 0.3798828125 0.0458984375 0.0546875
0 0.96142578125 0.0625 0.0576171875 0.048828125
0 0.91259765625 0.53857421875 0.1162109375 0.0498046875
0 0.15478515625 0.3818359375 0.0888671875 0.0234375
0 0.490234375 0.13916015625 0.0625 0.0302734375
0 0.88330078125 0.54248046875 0.0966796875 0.0693359375
0 0.84912109375 0.81298828125 0.0791015625 0.0556640625
0 0.60791015625 0.31396484375 0.0634765625 0.1064453125
0 0.94091796875 0.9365234375 0.0439453125 0.0546875
0 0.91796875 0.51708984375 0.06640625 0.0283203125
0 0.236328125 0.87939453125 0.103515625 0.0888671875
0 0.24169921875 0.48388671875 0.0498046875 0.0615234375
0 0.50146484375 0.15478515625 0.0556640625 0.0322265625
0 0.3623046875 0.94873046875 0.083984375 0.0556640625
0 0.86328125 0.865234375 0.068359375 0.03515625
0 0.6669921875 0.6220703125 0.1328125 0.0703125
0 0.1708984375 0.3994140625 0.07421875 0.03125
0 0.1220703125 0.36328125 0.048828125 0.03125
0 0.0771484375 0.73095703125 0.154296875 0.0791015625
0 0.08837890625 0.66796875 0.0537109375 0.03515625
0 0.14794921875 0.5673828125 0.0986328125 0.056640625
0 0.02099609375 0.5322265625 0.0419921875 0.04296875
0 0.70703125 0.7314453125 0.083984375 0.03125
0 0.962890625 0.6875 0.07421875 0.052734375
0 0.69970703125 0.58056640625 0.1162109375 0.0458984375
0 0.4560546875 0.48681640625 0.078125 0.0458984375
0 0.70556640625 0.46142578125 0.0322265625 0.0322265625
0 0.40966796875 0.490234375 0.0537109375 0.033203125
0 0.35986328125 0.4033203125 0.0849609375 0.04296875
0 0.18212890625 0.375 0.0751953125 0.052734375
0 0.34765625 0.29931640625 0.033203125 0.0361328125
0 0.666015625 0.064453125 0.044921875 0.03125
0 0.6650390625 0.041015625 0.046875 0.0390625
0 0.6953125 0.04736328125 0.02734375 0.0302734375
0 0.12353515625 0.32568359375 0.0693359375 0.0458984375
0 0.1494140625 0.56494140625 0.091796875 0.0654296875
