0 0.0419921875 0.28076171875 0.07421875 0.1220703125
0 0.08447265625 0.7646484375 0.1201171875 0.115234375
0 0.0322265625 0.90966796875 0.064453125 0.0654296875
0 0.12841796875 0.55322265625 0.0927734375 0.0732421875
0 0.05322265625 0.9697265625 0.0771484375 0.0546875
0 0.126953125 0.47216796875 0.14453125 0.0693359375
0 0.0234375 0.037109375 0.046875 0.064453125
0 0.03466796875 0.62451171875 0.0673828125 0.0673828125
0 0.03125 0.8193359375 0.0625 0.060546875
0 0.0859375 0.53564453125 0.09765625 0.0830078125
0 0.96875 0.912109375 0.0625 0.0703125
0 0.7294921875 0.68310546875 0.05078125 0.0419921875
0 0.94873046875 0.72607421875 0.1025390625 0.0771484375
0 0.9599609375 0.599609375 0.080078125 0.044921875
0 0.9462890625 0.26904296875 0.0703125 0.0361328125
