0 0.27734375 0.79052734375 0.0625 0.0810546875
0 0.138671875 0.78271484375 0.076171875 0.0810546875
0 0.6904296875 0.62255859375 0.1171875 0.0654296875
0 0.80029296875 0.40087890625 0.0498046875 0.0830078125
0 0.9755859375 0.33203125 0.048828125 0.099609375
0 0.009765625 0.54638671875 0.01953125 0.0830078125
0 0.7880859375 0.62451171875 0.13671875 0.0771484375
0 0.037109375 0.46142578125 0.07421875 0.0673828125
0 0.314453125 0.2685546875 0.044921875 0.076171875
0 0.69873046875 0.41943359375 0.0302734375 0.1064453125
0 0.21240234375 0.85546875 0.1318359375 0.052734375
0 0.54736328125 0.13671875 0.0986328125 0.0859375
0 0.9638671875 0.5068359375 0.025390625 0.11328125
0 0.45166015625 0.52978515625 0.0830078125 0.0771484375
0 0.83544921875 0.53759765625 0.0751953125 0.0791015625
0 0.60546875 0.23291015625 0.025390625 0.0634765625
0 0.66552734375 0.82421875 0.0751953125 0.0546875
0 0.69140625 0.0498046875 0.056640625 0.037109375
0 0.76416015625 0.181640625 0.0341796875 0.083984375
0 0.01513671875 0.52880859375 0.0302734375 0.0693359375
0 0.12890625 0.4521484375 0.095703125 0.078125
0 0.53857421875 0.80029296875 0.0595703125 0.0517578125
0 0.095703125 0.64404296875 0.06640625 0.0517578125
0 0.59814453125 0.7626953125 0.0634765625 0.046875
0 0.2841796875 0.74951171875 0.076171875 0.0419921875
0 0.6748046875 0.8876953125 0.046875 0.072265625
0 0.29296875 0.61083984375 0.080078125 0.0654296875
0 0.60888671875 0.91796875 0.0634765625 0.04296875
0 0.23095703125 0.63818359375 0.0419921875 0.0849609375
0 0.52490234375 0.046875 0.1005859375 0.03125
0 0.1953125 0.5576171875 0.134765625 0.041015625
0 0.71484375 0.49267578125 0.048828125 0.0634765625
0 0.525390625 0.8994140625 0.060546875 0.0234375
0 0.62939453125 0.6767578125 0.0517578125 0.181640625
0 0.10693359375 0.884765625 0.0302734375 0.05859375
0 0.1416015625 0.2841796875 0.046875 0.056640625
0 0.7841796875 0.919921875 0.10546875 0.03125
0 0.08984375 0.93017578125 0.1484375 0.0419921875
0 0.5927734375 0.5634765625 0.05859375 0.05859375
0 0.6845703125 0.28759765625 0.025390625 0.0537109375
0 0.982421875 0.07421875 0.03515625 0.04296875
0 0.4150390625 0.3896484375 0.19921875 0.169921875
0 0.61279296875 0.318359375 0.0498046875 0.05078125
0 0.9736328125 0.66162109375 0.052734375 0.0654296875
0 0.884765625 0.94970703125 0.072265625 0.0224609375
0 0.58740234375 0.01416015625 0.0380859375 0.0263671875
0 0.5302734375 0.32373046875 0.04296875 0.0244140625
0 0.01953125 0.4755859375 0.0390625 0.0234375
0 0.439453125 0.6083984375 0.04296875 0.041015625
0 0.099609375 0.26953125 0.044921875 0.052734375
0 0.25244140625 0.34130859375 0.0732421875 0.0400390625
0 0.44580078125 0.01171875 0.0693359375 0.0234375
0 0.140625 0.51171875 0.052734375 0.03515625
0 0.142578125 0.4931640625 0.07421875 0.0390625
0 0.8603515625 0.91845703125 0.041015625 0.0361328125
