0 0.3369140625 0.0087890625 0.103515625 0.017578125
0 0.396484375 0.08837890625 0.080078125 0.1767578125
0 0.40625 0.138671875 0.0625 0.06640625
0 0.34765625 0.2724609375 0.05859375 0.091796875
0 0.4794921875 0.27783203125 0.111328125 0.1494140625
0 0.67919921875 0.2373046875 0.2255859375 0.119140625
0 0.97705078125 0.27587890625 0.0458984375 0.0771484375
0 0.705078125 0.33349609375 0.15625 0.1181640625
0 0.2509765625 0.29150390625 0.076171875 0.1435546875
0 0.0966796875 0.26904296875 0.07421875 0.0576171875
0 0.04150390625 0.23486328125 0.0830078125 0.0517578125
0 0.1455078125 0.4169921875 0.078125 0.078125
0 0.18115234375 0.4853515625 0.1044921875 0.087890625
0 0.07275390625 0.57666015625 0.0791015625 0.1513671875
0 0.1748046875 0.6220703125 0.080078125 0.095703125
0 0.31103515625 0.63525390625 0.0888671875 0.0537109375
0 0.40771484375 0.59619140625 0.0693359375 0.0849609375
0 0.544921875 0.47021484375 0.22265625 0.1318359375
0 0.6123046875 0.5888671875 0.068359375 0.078125
0 0.77783203125 0.568359375 0.0751953125 0.10546875
0 0.54736328125 0.69384765625 0.0595703125 0.0458984375
0 0.4189453125 0.7412109375 0.072265625 0.19921875
0 0.29052734375 0.80517578125 0.0869140625 0.1728515625
0 0.5458984375 0.9501953125 0.087890625 0.064453125
0 0.27783203125 0.94677734375 0.0458984375 0.0791015625
0 0.31787109375 0.96728515625 0.0615234375 0.0654296875
0 0.11669921875 0.90771484375 0.0693359375 0.1259765625
0 0.0712890625 0.7861328125 0.09375 0.052734375
0 0.7587890625 0.84228515625 0.158203125 0.0849609375
0 0.81103515625 0.69482421875 0.0927734375 0.1904296875
0 0.90087890625 0.75634765625 0.0712890625 0.2197265625
0 0.9501953125 0.6328125 0.091796875 0.111328125
0 0.90283203125 0.916015625 0.0556640625 0.11328125
0 0.98876953125 0.1142578125 0.0224609375 0.087890625
0 0.3603515625 0.37353515625 0.078125 0.1044921875
0 0.1689453125 0.0791015625 0.125 0.158203125
0 0.3232421875 0.056640625 0.138671875 0.11328125
0 0.52490234375 0.43310546875 0.1513671875 0.1123046875
