0 0.5595703125 0.75927734375 0.125 0.0810546875
0 0.32177734375 0.74755859375 0.0849609375 0.0849609375
0 0.4921875 0.28662109375 0.185546875 0.1298828125
0 0.8330078125 0.72216796875 0.1171875 0.0947265625
0 0.52197265625 0.18310546875 0.1201171875 0.0927734375
0 0.94189453125 0.2431640625 0.1005859375 0.052734375
0 0.15185546875 0.318359375 0.0849609375 0.087890625
0 0.93212890625 0.18701171875 0.1005859375 0.0498046875
0 0.228515625 0.947265625 0.09765625 0.10546875
0 0.5556640625 0.96630859375 0.142578125 0.0673828125
0 0.9306640625 0.49853515625 0.123046875 0.0576171875
0 0.0009765625 0.1357421875 0.001953125 0.08203125
0 0.94580078125 0.87060546875 0.1083984375 0.0927734375
0 0.0859375 0.546875 0.078125 0.08984375
