0 0.01513671875 0.455078125 0.0302734375 0.080078125
0 0.0751953125 0.40576171875 0.080078125 0.0712890625
0 0.22998046875 0.326171875 0.0927734375 0.091796875
0 0.21484375 0.5224609375 0.080078125 0.064453125
0 0.31201171875 0.55517578125 0.0673828125 0.0556640625
0 0.14453125 0.6474609375 0.076171875 0.064453125
0 0.0390625 0.61962890625 0.0703125 0.0712890625
0 0.15087890625 0.74951171875 0.1025390625 0.0830078125
0 0.3232421875 0.68896484375 0.0703125 0.0908203125
0 0.3271484375 0.83642578125 0.087890625 0.0654296875
0 0.27099609375 0.90087890625 0.0712890625 0.0693359375
0 0.35009765625 0.93017578125 0.0654296875 0.0751953125
0 0.09521484375 0.908203125 0.1162109375 0.08203125
0 0.72802734375 0.9638671875 0.0810546875 0.072265625
0 0.6591796875 0.935546875 0.05859375 0.06640625
0 0.478515625 0.8916015625 0.064453125 0.076171875
0 0.404296875 0.6982421875 0.068359375 0.064453125
0 0.84130859375 0.6875 0.0732421875 0.0625
0 0.9228515625 0.587890625 0.072265625 0.07421875
0 0.9755859375 0.7431640625 0.048828125 0.076171875
0 0.9345703125 0.4951171875 0.076171875 0.078125
0 0.9755859375 0.58935546875 0.048828125 0.0615234375
0 0.8974609375 0.310546875 0.083984375 0.107421875
0 0.880859375 0.22314453125 0.12109375 0.1181640625
0 0.71435546875 0.216796875 0.0712890625 0.05859375
0 0.64697265625 0.3896484375 0.0927734375 0.134765625
0 0.5615234375 0.32080078125 0.08203125 0.0888671875
0 0.40087890625 0.2958984375 0.0927734375 0.091796875
0 0.48291015625 0.21826171875 0.0693359375 0.1005859375
0 0.42919921875 0.14208984375 0.0908203125 0.0966796875
0 0.49267578125 0.08740234375 0.0693359375 0.0830078125
0 0.99365234375 0.24951171875 0.0126953125 0.0771484375
0 0.85888671875 0.10107421875 0.0849609375 0.0830078125
0 0.63330078125 0.02490234375 0.0751953125 0.0498046875
0 0.8251953125 0.21142578125 0.095703125 0.0693359375
0 0.73046875 0.28271484375 0.09375 0.0869140625
0 0.087890625 0.3466796875 0.0859375 0.076171875
0 0.1376953125 0.30419921875 0.099609375 0.0537109375
