0 0.6005859375 0.56005859375 0.087890625 0.0576171875
0 0.95556640625 0.1025390625 0.0673828125 0.083984375
0 0.84423828125 0.80029296875 0.0810546875 0.0595703125
0 0.95263671875 0.55078125 0.0771484375 0.078125
0 0.138671875 0.13623046875 0.099609375 0.0947265625
0 0.474609375 0.31884765625 0.109375 0.0634765625
0 0.65185546875 0.16162109375 0.0810546875 0.0712890625
0 0.6015625 0.673828125 0.08203125 0.0625
0 0.2685546875 0.8154296875 0.119140625 0.0703125
0 0.984375 0.529296875 0.03125 0.076171875
0 0.29345703125 0.4873046875 0.0673828125 0.072265625
0 0.72314453125 0.50927734375 0.0869140625 0.0498046875
0 0.29833984375 0.25 0.1123046875 0.060546875
0 0.06201171875 0.16943359375 0.1220703125 0.0830078125
0 0.169921875 0.33544921875 0.08984375 0.0830078125
0 0.2763671875 0.57568359375 0.12109375 0.0498046875
0 0.0703125 0.2548828125 0.095703125 0.046875
0 0.20166015625 0.4873046875 0.0869140625 0.06640625
0 0.9921875 0.669921875 0.015625 0.044921875
0 0.4638671875 0.07421875 0.083984375 0.052734375
0 0.03369140625 0.69970703125 0.0673828125 0.0634765625
0 0.7373046875 0.763671875 0.09375 0.064453125
0 0.32373046875 0.20556640625 0.0830078125 0.0673828125
0 0.3359375 0.55615234375 0.115234375 0.0498046875
0 0.826171875 0.4228515625 0.072265625 0.0625
0 0.8203125 0.8662109375 0.076171875 0.05078125
0 0.1376953125 0.64892578125 0.107421875 0.0341796875
0 0.97705078125 0.9052734375 0.0458984375 0.0546875
0 0.96142578125 0.44873046875 0.0517578125 0.0986328125
0 0.65478515625 0.90478515625 0.0810546875 0.0341796875
0 0.24560546875 0.22998046875 0.0947265625 0.0576171875
0 0.4326171875 0.1943359375 0.087890625 0.07421875
0 0.0361328125 0.39892578125 0.0703125 0.0517578125
0 0.72216796875 0.37255859375 0.0908203125 0.0556640625
0 0.89892578125 0.7265625 0.0810546875 0.041015625
0 0.46728515625 0.9443359375 0.1142578125 0.0625
0 0.04296875 0.55029296875 0.08203125 0.0400390625
0 0.56005859375 0.22998046875 0.0888671875 0.0322265625
0 0.93115234375 0.3076171875 0.1025390625 0.162109375
0 0.34765625 0.16259765625 0.1015625 0.0517578125
0 0.50830078125 0.73828125 0.0634765625 0.052734375
0 0.232421875 0.9052734375 0.080078125 0.029296875
0 0.71533203125 0.1572265625 0.0654296875 0.068359375
0 0.61279296875 0.04541015625 0.0947265625 0.0498046875
0 0.841796875 0.5654296875 0.16796875 0.048828125
0 0.359375 0.67041015625 0.095703125 0.0556640625
0 0.96630859375 0.2861328125 0.0673828125 0.048828125
0 0.42529296875 0.9921875 0.1083984375 0.015625
0 0.1591796875 0.9765625 0.12890625 0.046875
0 0.53125 0.02099609375 0.0546875 0.0400390625
0 0.59765625 0.078125 0.099609375 0.037109375
0 0.10302734375 0.32763671875 0.1044921875 0.0498046875
0 0.06201171875 0.01123046875 0.0634765625 0.0185546875
0 0.76220703125 0.37060546875 0.0712890625 0.0439453125
0 0.0439453125 0.98828125 0.087890625 0.0234375
0 0.8564453125 0.02099609375 0.0390625 0.0419921875
0 0.73095703125 0.3232421875 0.0712890625 0.06640625
0 0.1865234375 0.5693359375 0.080078125 0.048828125
0 0.984375 0.0859375 0.03125 0.04296875
0 0.40478515625 0.90673828125 0.1123046875 0.0517578125
0 0.4765625 0.416015625 0.16796875 0.060546875
0 0.11376953125 0.75390625 0.0908203125 0.064453125
0 0.25732421875 0.47216796875 0.0576171875 0.0712890625
0 0.4755859375 0.68896484375 0.080078125 0.0693359375
0 0.85302734375 0.3974609375 0.0693359375 0.048828125
0 0.2412109375 0.01953125 0.076171875 0.01953125
0 0.30810546875 0.9189453125 0.0498046875 0.02734375
0 0.9921875 0.76025390625 0.015625 0.0224609375
0 0.47412109375 0.05078125 0.0458984375 0.02734375
0 0.65380859375 0.89111328125 0.0693359375 0.0302734375
0 0.94091796875 0.70458984375 0.0478515625 0.0322265625
0 0.802734375 0.4853515625 0.068359375 0.08203125
0 0.873046875 0.6181640625 0.052734375 0.037109375
0 0.568359375 0.3759765625 0.056640625 0.099609375
0 0.509765625 0.35302734375 0.091796875 0.0537109375
0 0.2236328125 0.181640625 0.07421875 0.095703125
