0 0.205078125 0.28662109375 0.068359375 0.1123046875
0 0.30908203125 0.39794921875 0.0888671875 0.0595703125
0 0.11279296875 0.41552734375 0.0576171875 0.0458984375
0 0.47900390625 0.30859375 0.0908203125 0.068359375
0 0.4033203125 0.4287109375 0.078125 0.0546875
0 0.7138671875 0.45751953125 0.1171875 0.0615234375
0 0.74462890625 0.3544921875 0.0732421875 0.046875
0 0.748046875 0.30712890625 0.087890625 0.0615234375
0 0.9560546875 0.2880859375 0.087890625 0.068359375
0 0.88134765625 0.36767578125 0.0908203125 0.0498046875
0 0.96923828125 0.34716796875 0.0615234375 0.0537109375
0 0.90625 0.43017578125 0.111328125 0.0712890625
0 0.94677734375 0.52685546875 0.0693359375 0.0849609375
0 0.26806640625 0.5419921875 0.1259765625 0.150390625
0 0.24462890625 0.609375 0.0693359375 0.103515625
0 0.3916015625 0.603515625 0.091796875 0.078125
0 0.4619140625 0.5771484375 0.080078125 0.0625
0 0.42041015625 0.71728515625 0.1279296875 0.0830078125
0 0.72021484375 0.70703125 0.1201171875 0.052734375
0 0.63818359375 0.77783203125 0.0712890625 0.0517578125
0 0.8447265625 0.78466796875 0.076171875 0.0673828125
0 0.498046875 0.68603515625 0.08203125 0.0576171875
0 0.02197265625 0.52978515625 0.0439453125 0.0732421875
0 0.14306640625 0.82275390625 0.0849609375 0.0712890625
0 0.27197265625 0.89501953125 0.0556640625 0.0927734375
0 0.34423828125 0.9072265625 0.0556640625 0.091796875
0 0.384765625 0.93505859375 0.041015625 0.0908203125
0 0.46337890625 0.9453125 0.0791015625 0.109375
0 0.37548828125 0.8154296875 0.0966796875 0.056640625
0 0.474609375 0.8330078125 0.064453125 0.076171875
0 0.7958984375 0.91357421875 0.095703125 0.0771484375
0 0.822265625 0.8681640625 0.08984375 0.06640625
0 0.88818359375 0.86865234375 0.0673828125 0.0693359375
0 0.92236328125 0.962890625 0.1025390625 0.07421875
0 0.66845703125 0.9609375 0.0673828125 0.078125
0 0.72216796875 0.9208984375 0.0927734375 0.12109375
0 0.61376953125 0.88427734375 0.0732421875 0.0634765625
0 0.5546875 0.61279296875 0.05859375 0.0517578125
0 0.51708984375 0.38720703125 0.0517578125 0.0517578125
0 0.12744140625 0.36767578125 0.0439453125 0.0361328125
0 0.1416015625 0.65966796875 0.05859375 0.0732421875
0 0.5302734375 0.70166015625 0.056640625 0.0478515625
0 0.310546875 0.93701171875 0.06640625 0.0810546875
0 0.20068359375 0.86767578125 0.0712890625 0.0654296875
