0 0.77099609375 0.35205078125 0.0927734375 0.0654296875
0 0.92333984375 0.70166015625 0.1376953125 0.1201171875
0 0.787109375 0.43310546875 0.125 0.0927734375
0 0.19580078125 0.60107421875 0.0771484375 0.0927734375
0 0.4482421875 0.43603515625 0.1171875 0.0576171875
0 0.77099609375 0.95849609375 0.0927734375 0.0830078125
0 0.3154296875 0.453125 0.1171875 0.087890625
0 0.79833984375 0.8544921875 0.0927734375 0.080078125
0 0.4697265625 0.48974609375 0.14453125 0.0751953125
0 0.93115234375 0.4033203125 0.1376953125 0.107421875
0 0.63232421875 0.34716796875 0.0751953125 0.0751953125
0 0.05810546875 0.5419921875 0.0869140625 0.087890625
0 0.62841796875 0.52099609375 0.0869140625 0.0771484375
0 0.0361328125 0.69970703125 0.072265625 0.0947265625
0 0.099609375 0.3720703125 0.064453125 0.07421875
0 0.654296875 0.03125 0.0625 0.0625
0 0.16943359375 0.734375 0.0595703125 0.060546875
0 0.72705078125 0.05078125 0.0849609375 0.09765625
0 0.0361328125 0.36865234375 0.072265625 0.1474609375
0 0.6376953125 0.7314453125 0.130859375 0.087890625
0 0.1845703125 0.87451171875 0.080078125 0.0849609375
0 0.63427734375 0.42333984375 0.0947265625 0.0830078125
0 0.70703125 0.154296875 0.095703125 0.0703125
0 0.1884765625 0.67822265625 0.142578125 0.0732421875
0 0.41015625 0.109375 0.103515625 0.09765625
0 0.96337890625 0.25 0.0732421875 0.078125
0 0.23974609375 0.03955078125 0.0595703125 0.0751953125
0 0.69677734375 0.25732421875 0.1650390625 0.0751953125
0 0.6708984375 0.09326171875 0.0625 0.0732421875
