0 0.14697265625 0.2470703125 0.1044921875 0.109375
0 0.724609375 0.4404296875 0.10546875 0.072265625
0 0.52734375 0.28662109375 0.080078125 0.0849609375
0 0.56298828125 0.8603515625 0.0673828125 0.0625
0 0.79150390625 0.91748046875 0.0888671875 0.0751953125
0 0.9033203125 0.73681640625 0.072265625 0.0849609375
0 0.314453125 0.83447265625 0.0703125 0.0556640625
0 0.40087890625 0.4111328125 0.0830078125 0.095703125
0 0.42236328125 0.935546875 0.0673828125 0.080078125
0 0.64599609375 0.49951171875 0.0830078125 0.0595703125
0 0.43310546875 0.21728515625 0.0830078125 0.0595703125
0 0.2529296875 0.76953125 0.072265625 0.060546875
0 0.33837890625 0.74169921875 0.0830078125 0.0849609375
0 0.90576171875 0.17431640625 0.0576171875 0.0732421875
0 0.16064453125 0.49560546875 0.0771484375 0.0576171875
0 0.42333984375 0.83056640625 0.0673828125 0.0576171875
0 0.4658203125 0.49072265625 0.0625 0.0576171875
0 0.23193359375 0.2646484375 0.0751953125 0.0703125
0 0.291015625 0.126953125 0.087890625 0.115234375
0 0.93896484375 0.31787109375 0.0791015625 0.0810546875
0 0.35546875 0.35791015625 0.09765625 0.1123046875
0 0.3583984375 0.97998046875 0.087890625 0.0400390625
0 0.849609375 0.6630859375 0.064453125 0.072265625
0 0.228515625 0.41943359375 0.087890625 0.0654296875
0 0.1220703125 0.4228515625 0.060546875 0.0625
0 0.453125 0.6044921875 0.087890625 0.109375
0 0.20166015625 0.71826171875 0.0751953125 0.0732421875
0 0.91552734375 0.8984375 0.0576171875 0.078125
0 0.64794921875 0.70849609375 0.0576171875 0.0478515625
0 0.04931640625 0.16357421875 0.0986328125 0.0869140625
0 0.46435546875 0.6962890625 0.0673828125 0.087890625
0 0.62255859375 0.0625 0.0869140625 0.08984375
0 0.224609375 0.484375 0.060546875 0.0546875
0 0.13720703125 0.0419921875 0.0947265625 0.064453125
0 0.044921875 0.583984375 0.08984375 0.068359375
0 0.55322265625 0.087890625 0.0771484375 0.09765625
0 0.49462890625 0.57421875 0.0751953125 0.056640625
0 0.87841796875 0.62548828125 0.0673828125 0.0576171875
0 0.95751953125 0.3662109375 0.0791015625 0.048828125
0 0.97998046875 0.4833984375 0.0400390625 0.06640625
0 0.33349609375 0.068359375 0.0673828125 0.0625
0 0.1533203125 0.0205078125 0.10546875 0.041015625
0 0.1982421875 0.20068359375 0.056640625 0.0517578125
0 0.25439453125 0.0283203125 0.0595703125 0.052734375
0 0.255859375 0.16162109375 0.0625 0.0849609375
0 0.4970703125 0.283203125 0.044921875 0.087890625
0 0.39453125 0.314453125 0.064453125 0.07421875
0 0.15966796875 0.80419921875 0.0849609375 0.0498046875
0 0.03955078125 0.54345703125 0.0791015625 0.0556640625
0 0.83447265625 0.72705078125 0.0556640625 0.0693359375
