0 0.6044921875 0.73876953125 0.080078125 0.1142578125
0 0.49658203125 0.69677734375 0.1689453125 0.2197265625
0 0.623046875 0.1884765625 0.07421875 0.107421875
0 0.37060546875 0.7353515625 0.1318359375 0.37890625
0 0.32177734375 0.169921875 0.1943359375 0.1953125
0 0.55810546875 0.0595703125 0.2177734375 0.115234375
0 0.11083984375 0.296875 0.1533203125 0.140625
0 0.1376953125 0.48095703125 0.26953125 0.0869140625
0 0.72607421875 0.0283203125 0.0927734375 0.052734375
0 0.09423828125 0.38037109375 0.1650390625 0.1025390625
