0 0.044921875 0.25830078125 0.08984375 0.0654296875
0 0.314453125 0.23193359375 0.07421875 0.0830078125
0 0.43408203125 0.166015625 0.0888671875 0.08984375
0 0.50634765625 0.1572265625 0.0576171875 0.095703125
0 0.27099609375 0.337890625 0.0673828125 0.064453125
0 0.30224609375 0.4326171875 0.0576171875 0.0625
0 0.4287109375 0.384765625 0.06640625 0.06640625
0 0.49755859375 0.36669921875 0.0732421875 0.0615234375
0 0.49609375 0.27587890625 0.0703125 0.0634765625
0 0.54345703125 0.25146484375 0.0595703125 0.0771484375
0 0.609375 0.2431640625 0.072265625 0.068359375
0 0.734375 0.17724609375 0.0546875 0.0595703125
0 0.87939453125 0.18212890625 0.0693359375 0.0751953125
0 0.8955078125 0.26806640625 0.060546875 0.0615234375
0 0.4228515625 0.607421875 0.07421875 0.09765625
0 0.03955078125 0.67919921875 0.0673828125 0.0556640625
0 0.18359375 0.7392578125 0.052734375 0.056640625
0 0.4150390625 0.73388671875 0.068359375 0.0654296875
0 0.521484375 0.74853515625 0.064453125 0.0595703125
0 0.37744140625 0.7958984375 0.0869140625 0.05078125
0 0.49609375 0.814453125 0.10546875 0.064453125
0 0.35498046875 0.947265625 0.0908203125 0.060546875
0 0.517578125 0.97021484375 0.06640625 0.0595703125
0 0.65234375 0.9755859375 0.068359375 0.048828125
0 0.85986328125 0.611328125 0.0771484375 0.0859375
0 0.8349609375 0.796875 0.0859375 0.068359375
0 0.81982421875 0.7353515625 0.0751953125 0.064453125
0 0.77587890625 0.70458984375 0.0673828125 0.0751953125
0 0.93017578125 0.68359375 0.0712890625 0.072265625
0 0.96240234375 0.62548828125 0.0732421875 0.0712890625
0 0.734375 0.69140625 0.0625 0.056640625
0 0.68359375 0.03271484375 0.072265625 0.0576171875
0 0.3681640625 0.03857421875 0.08984375 0.0712890625
0 0.736328125 0.83740234375 0.0546875 0.0517578125
0 0.8623046875 0.677734375 0.056640625 0.05859375
0 0.5869140625 0.38818359375 0.068359375 0.0556640625
0 0.166015625 0.27099609375 0.041015625 0.0458984375
0 0.01123046875 0.59521484375 0.0224609375 0.0771484375
0 0.98828125 0.67333984375 0.0234375 0.0498046875
0 0.3896484375 0.77099609375 0.048828125 0.0380859375
0 0.02490234375 0.95556640625 0.0498046875 0.0888671875
