0 0.7158203125 0.85302734375 0.0703125 0.0634765625
0 0.18017578125 0.3623046875 0.0537109375 0.109375
0 0.51416015625 0.83935546875 0.0576171875 0.0439453125
0 0.4873046875 0.802734375 0.123046875 0.033203125
0 0.1474609375 0.7021484375 0.109375 0.068359375
0 0.2431640625 0.07666015625 0.08984375 0.0791015625
0 0.55810546875 0.0810546875 0.0966796875 0.0625
0 0.013671875 0.408203125 0.02734375 0.03515625
0 0.93701171875 0.09716796875 0.0966796875 0.0693359375
0 0.06005859375 0.13134765625 0.0966796875 0.0791015625
0 0.2861328125 0.3466796875 0.115234375 0.078125
0 0.82763671875 0.48828125 0.0869140625 0.0390625
0 0.16552734375 0.53369140625 0.1103515625 0.0556640625
0 0.44970703125 0.12841796875 0.0556640625 0.0595703125
0 0.2294921875 0.416015625 0.0703125 0.044921875
0 0.86669921875 0.7958984375 0.0712890625 0.0546875
0 0.56201171875 0.81982421875 0.0615234375 0.0458984375
0 0.8349609375 0.75634765625 0.056640625 0.0361328125
0 0.69287109375 0.099609375 0.1337890625 0.083984375
0 0.57763671875 0.06689453125 0.0712890625 0.0693359375
0 0.23291015625 0.0234375 0.1123046875 0.044921875
0 0.69970703125 0.41064453125 0.0751953125 0.0537109375
0 0.4599609375 0.48486328125 0.052734375 0.0400390625
0 0.67724609375 0.412109375 0.0966796875 0.0546875
0 0.45703125 0.71142578125 0.08984375 0.0927734375
0 0.62255859375 0.283203125 0.0537109375 0.05078125
0 0.4169921875 0.3046875 0.11328125 0.0859375
0 0.85693359375 0.103515625 0.0771484375 0.064453125
0 0.5498046875 0.1328125 0.052734375 0.029296875
0 0.328125 0.4267578125 0.05859375 0.07421875
0 0.95947265625 0.318359375 0.0556640625 0.0625
0 0.798828125 0.43017578125 0.072265625 0.0478515625
0 0.82568359375 0.892578125 0.0869140625 0.046875
0 0.7548828125 0.654296875 0.103515625 0.0859375
0 0.49609375 0.0908203125 0.12109375 0.056640625
0 0.783203125 0.46533203125 0.123046875 0.0439453125
0 0.130859375 0.02685546875 0.060546875 0.0517578125
0 0.01513671875 0.66748046875 0.0302734375 0.0361328125
0 0.08056640625 0.05615234375 0.0732421875 0.0712890625
0 0.7431640625 0.41015625 0.052734375 0.041015625
0 0.74755859375 0.83935546875 0.0673828125 0.0537109375
0 0.0224609375 0.37841796875 0.044921875 0.0439453125
0 0.79443359375 0.34619140625 0.0810546875 0.0654296875
0 0.517578125 0.39697265625 0.087890625 0.0673828125
0 0.96533203125 0.404296875 0.0693359375 0.052734375
0 0.9365234375 0.76708984375 0.064453125 0.0771484375
0 0.27099609375 0.69384765625 0.0966796875 0.0830078125
0 0.412109375 0.73388671875 0.09765625 0.0849609375
0 0.646484375 0.91748046875 0.10546875 0.1025390625
0 0.81005859375 0.841796875 0.0810546875 0.037109375
0 0.28271484375 0.39599609375 0.0517578125 0.0302734375
0 0.87890625 0.37158203125 0.11328125 0.0556640625
0 0.5927734375 0.01416015625 0.080078125 0.0263671875
0 0.77587890625 0.609375 0.0458984375 0.0390625
0 0.08740234375 0.3720703125 0.0947265625 0.05859375
0 0.04052734375 0.2998046875 0.0810546875 0.048828125
0 0.67041015625 0.76123046875 0.0693359375 0.0615234375
0 0.02392578125 0.02490234375 0.0478515625 0.0478515625
0 0.6767578125 0.689453125 0.091796875 0.07421875
0 0.70751953125 0.9775390625 0.0751953125 0.044921875
0 0.51123046875 0.64697265625 0.0927734375 0.0595703125
0 0.57861328125 0.24853515625 0.0947265625 0.1005859375
0 0.708984375 0.685546875 0.052734375 0.0546875
0 0.03759765625 0.77978515625 0.0732421875 0.0576171875
0 0.0283203125 0.82861328125 0.056640625 0.0341796875
0 0.05517578125 0.88232421875 0.1103515625 0.0751953125
0 0.16259765625 0.8671875 0.0849609375 0.056640625
0 0.0830078125 0.98291015625 0.056640625 0.0322265625
0 0.341796875 0.8642578125 0.056640625 0.044921875
0 0.16748046875 0.751953125 0.1005859375 0.03125
0 0.2626953125 0.7666015625 0.115234375 0.037109375
0 0.23876953125 0.794921875 0.0576171875 0.0390625
0 0.28369140625 0.8046875 0.0458984375 0.03515625
0 0.37744140625 0.83740234375 0.1455078125 0.0986328125
0 0.92236328125 0.0322265625 0.0498046875 0.0546875
