0 0.53076171875 0.35986328125 0.0673828125 0.0751953125
0 0.80078125 0.02734375 0.078125 0.0546875
0 0.685546875 0.14306640625 0.087890625 0.0927734375
0 0.10693359375 0.46923828125 0.0751953125 0.1201171875
0 0.52197265625 0.03466796875 0.0751953125 0.0693359375
0 0.6982421875 0.544921875 0.08203125 0.080078125
0 0.1259765625 0.6259765625 0.107421875 0.08203125
0 0.96337890625 0.2333984375 0.0732421875 0.078125
0 0.2333984375 0.50732421875 0.072265625 0.0751953125
0 0.5908203125 0.06982421875 0.078125 0.1396484375
0 0.5244140625 0.17822265625 0.08984375 0.0869140625
0 0.06298828125 0.064453125 0.0771484375 0.060546875
0 0.26123046875 0.18701171875 0.1025390625 0.0751953125
0 0.06298828125 0.7294921875 0.0927734375 0.080078125
0 0.36962890625 0.77685546875 0.0654296875 0.0947265625
0 0.62109375 0.3369140625 0.072265625 0.064453125
0 0.22216796875 0.9033203125 0.0849609375 0.068359375
0 0.376953125 0.15966796875 0.095703125 0.0654296875
0 0.35205078125 0.02099609375 0.0693359375 0.0419921875
0 0.9345703125 0.853515625 0.08984375 0.09765625
0 0.25439453125 0.73583984375 0.0849609375 0.0869140625
0 0.78857421875 0.79833984375 0.0927734375 0.1123046875
0 0.45703125 0.18359375 0.05078125 0.0625
0 0.87109375 0.24169921875 0.107421875 0.0498046875
0 0.27587890625 0.484375 0.0380859375 0.080078125
0 0.04833984375 0.388671875 0.0927734375 0.09765625
0 0.2958984375 0.70458984375 0.052734375 0.0751953125
0 0.134765625 0.67919921875 0.08984375 0.0498046875
0 0.0419921875 0.69091796875 0.080078125 0.0576171875
0 0.3583984375 0.935546875 0.078125 0.087890625
0 0.07666015625 0.85205078125 0.0751953125 0.0654296875
0 0.8193359375 0.97021484375 0.1484375 0.0595703125
