0 0.54833984375 0.546875 0.0712890625 0.107421875
0 0.50048828125 0.689453125 0.0673828125 0.064453125
0 0.09326171875 0.37646484375 0.1201171875 0.0634765625
0 0.49072265625 0.8017578125 0.0869140625 0.103515625
0 0.740234375 0.392578125 0.080078125 0.083984375
0 0.2392578125 0.74072265625 0.150390625 0.1591796875
0 0.18994140625 0.63671875 0.1103515625 0.083984375
0 0.671875 0.6142578125 0.0703125 0.119140625
0 0.0009765625 0.255859375 0.001953125 0.1171875
0 0.283203125 0.90625 0.166015625 0.123046875
0 0.11669921875 0.43994140625 0.1240234375 0.0908203125
0 0.28955078125 0.30859375 0.1181640625 0.078125
0 0.35595703125 0.03857421875 0.0869140625 0.0771484375
0 0.43115234375 0.29052734375 0.1201171875 0.1005859375
0 0.7373046875 0.0712890625 0.087890625 0.142578125
0 0.93017578125 0.98486328125 0.0986328125 0.0302734375
0 0.69921875 0.95458984375 0.0859375 0.0615234375
0 0.51953125 0.90771484375 0.080078125 0.0634765625
0 0.97265625 0.79833984375 0.0546875 0.0927734375
0 0.72802734375 0.45263671875 0.0888671875 0.0771484375
0 0.39404296875 0.138671875 0.0595703125 0.068359375
0 0.4248046875 0.33349609375 0.0859375 0.1044921875
0 0.361328125 0.8955078125 0.115234375 0.05859375
0 0.08984375 0.61181640625 0.064453125 0.0595703125
0 0.03759765625 0.578125 0.0537109375 0.072265625
