0 0.63330078125 0.2431640625 0.0673828125 0.072265625
0 0.89208984375 0.49267578125 0.0791015625 0.1025390625
0 0.91455078125 0.6416015625 0.0634765625 0.095703125
0 0.97265625 0.81005859375 0.0546875 0.0830078125
0 0.9404296875 0.2373046875 0.060546875 0.078125
0 0.46826171875 0.9140625 0.0576171875 0.0859375
0 0.61328125 0.15576171875 0.068359375 0.0830078125
0 0.65380859375 0.97705078125 0.0537109375 0.0458984375
0 0.576171875 0.7744140625 0.056640625 0.0546875
0 0.853515625 0.8056640625 0.052734375 0.046875
0 0.49267578125 0.09326171875 0.0810546875 0.1826171875
