0 0.3994140625 0.1103515625 0.146484375 0.205078125
0 0.4755859375 0.23681640625 0.1484375 0.2236328125
0 0.8359375 0.28515625 0.09375 0.083984375
0 0.54833984375 0.89697265625 0.1044921875 0.1103515625
0 0.53515625 0.6875 0.1640625 0.0703125
0 0.64892578125 0.533203125 0.1533203125 0.087890625
0 0.1669921875 0.1513671875 0.193359375 0.095703125
0 0.28466796875 0.37890625 0.1435546875 0.107421875
0 0.2060546875 0.0712890625 0.1953125 0.13671875
0 0.2041015625 0.85546875 0.095703125 0.08203125
0 0.14501953125 0.2431640625 0.0927734375 0.15234375
0 0.3271484375 0.94091796875 0.171875 0.0810546875
0 0.0888671875 0.8271484375 0.177734375 0.072265625
0 0.40869140625 0.3212890625 0.1728515625 0.15625
0 0.72021484375 0.68408203125 0.1142578125 0.1025390625
0 0.716796875 0.8779296875 0.140625 0.17578125
0 0.92822265625 0.91162109375 0.1435546875 0.0869140625
0 0.33837890625 0.91650390625 0.1611328125 0.0498046875
0 0.04296875 0.87158203125 0.0859375 0.0927734375
0 0.392578125 0.7509765625 0.1640625 0.068359375
0 0.3671875 0.83642578125 0.150390625 0.0771484375
0 0.04296875 0.05029296875 0.0859375 0.1005859375
0 0.77587890625 0.39111328125 0.1962890625 0.1279296875
0 0.431640625 0.88037109375 0.08984375 0.0732421875
0 0.47802734375 0.6318359375 0.1611328125 0.111328125
0 0.53759765625 0.61767578125 0.1376953125 0.0986328125
0 0.4560546875 0.54150390625 0.115234375 0.0693359375
0 0.5244140625 0.52880859375 0.13671875 0.0791015625
0 0.51513671875 0.4521484375 0.1142578125 0.076171875
0 0.44287109375 0.4541015625 0.1220703125 0.103515625
0 0.3896484375 0.529296875 0.099609375 0.08203125
0 0.076171875 0.45068359375 0.15234375 0.1005859375
0 0.05810546875 0.6064453125 0.1142578125 0.111328125
0 0.53857421875 0.38427734375 0.0712890625 0.1123046875
