0 0.0478515625 0.66845703125 0.06640625 0.1064453125
0 0.07861328125 0.23193359375 0.0634765625 0.0732421875
0 0.04736328125 0.05859375 0.0732421875 0.08984375
0 0.22216796875 0.05712890625 0.0732421875 0.0966796875
0 0.2890625 0.08740234375 0.076171875 0.0830078125
0 0.28125 0.224609375 0.072265625 0.060546875
0 0.2802734375 0.32568359375 0.078125 0.0810546875
0 0.22509765625 0.3642578125 0.0791015625 0.0625
0 0.4423828125 0.34423828125 0.103515625 0.0927734375
0 0.408203125 0.5205078125 0.08203125 0.08984375
0 0.85302734375 0.27197265625 0.1259765625 0.0888671875
0 0.96044921875 0.31005859375 0.0751953125 0.1044921875
0 0.77197265625 0.5205078125 0.0888671875 0.0859375
0 0.6484375 0.76318359375 0.0703125 0.0888671875
0 0.298828125 0.587890625 0.083984375 0.080078125
0 0.046875 0.47705078125 0.052734375 0.0634765625
0 0.23486328125 0.70849609375 0.0771484375 0.0966796875
0 0.21630859375 0.791015625 0.0888671875 0.06640625
0 0.27099609375 0.673828125 0.1005859375 0.09765625
0 0.388671875 0.71728515625 0.06640625 0.0712890625
0 0.544921875 0.8349609375 0.083984375 0.064453125
0 0.48974609375 0.89111328125 0.0908203125 0.0771484375
0 0.3779296875 0.86376953125 0.0703125 0.0654296875
0 0.369140625 0.96630859375 0.10546875 0.0673828125
0 0.22021484375 0.9248046875 0.0751953125 0.068359375
0 0.0234375 0.91162109375 0.046875 0.0654296875
0 0.0390625 0.98291015625 0.05078125 0.0341796875
0 0.20751953125 0.97900390625 0.0595703125 0.0419921875
0 0.669921875 0.3779296875 0.06640625 0.064453125
0 0.8984375 0.72021484375 0.1015625 0.0810546875
0 0.4150390625 0.62744140625 0.09375 0.1044921875
0 0.34228515625 0.400390625 0.0810546875 0.0703125
