0 0.10400390625 0.77392578125 0.0966796875 0.0869140625
0 0.16015625 0.8525390625 0.111328125 0.087890625
0 0.0478515625 0.892578125 0.087890625 0.076171875
0 0.009765625 0.9755859375 0.01953125 0.048828125
0 0.16357421875 0.912109375 0.0595703125 0.05078125
0 0.2822265625 0.974609375 0.064453125 0.05078125
0 0.322265625 0.9140625 0.064453125 0.05078125
0 0.443359375 0.87451171875 0.083984375 0.0537109375
0 0.396484375 0.8310546875 0.0703125 0.04296875
0 0.83154296875 0.69970703125 0.0673828125 0.0654296875
0 0.97802734375 0.69287109375 0.0439453125 0.1083984375
0 0.9912109375 0.845703125 0.017578125 0.095703125
0 0.91259765625 0.90771484375 0.0791015625 0.0517578125
0 0.82568359375 0.927734375 0.1181640625 0.087890625
0 0.8203125 0.384765625 0.07421875 0.138671875
0 0.5859375 0.49365234375 0.091796875 0.1201171875
0 0.49169921875 0.53857421875 0.0693359375 0.1123046875
0 0.39013671875 0.49072265625 0.0634765625 0.0791015625
0 0.35205078125 0.58251953125 0.0986328125 0.0712890625
0 0.421875 0.55810546875 0.08203125 0.0927734375
0 0.36865234375 0.40234375 0.0498046875 0.08203125
0 0.4150390625 0.38037109375 0.072265625 0.0849609375
0 0.48876953125 0.392578125 0.0966796875 0.076171875
0 0.5390625 0.35498046875 0.0703125 0.0517578125
0 0.2783203125 0.3662109375 0.0859375 0.072265625
0 0.24755859375 0.2744140625 0.1650390625 0.068359375
0 0.1787109375 0.16357421875 0.080078125 0.0712890625
0 0.01318359375 0.17822265625 0.0263671875 0.0537109375
0 0.21630859375 0.03369140625 0.0693359375 0.0673828125
0 0.4248046875 0.08251953125 0.07421875 0.0712890625
0 0.32861328125 0.07421875 0.0634765625 0.060546875
0 0.3251953125 0.1416015625 0.060546875 0.0625
0 0.37841796875 0.158203125 0.0732421875 0.08203125
0 0.4873046875 0.15673828125 0.08984375 0.0615234375
0 0.5400390625 0.091796875 0.068359375 0.046875
0 0.56103515625 0.04345703125 0.0947265625 0.0556640625
0 0.64794921875 0.03662109375 0.0947265625 0.0732421875
0 0.671875 0.13330078125 0.1015625 0.0556640625
0 0.5478515625 0.22607421875 0.087890625 0.0537109375
0 0.466796875 0.21875 0.099609375 0.052734375
0 0.46728515625 0.271484375 0.1259765625 0.05859375
0 0.63671875 0.31298828125 0.099609375 0.0732421875
0 0.69482421875 0.2109375 0.1396484375 0.072265625
0 0.85302734375 0.18115234375 0.1005859375 0.0947265625
0 0.95361328125 0.22705078125 0.0927734375 0.0791015625
0 0.9033203125 0.298828125 0.056640625 0.05078125
0 0.888671875 0.03369140625 0.056640625 0.0673828125
0 0.0419921875 0.7646484375 0.083984375 0.125
0 0.26708984375 0.56884765625 0.0458984375 0.0576171875
0 0.5595703125 0.13818359375 0.083984375 0.0615234375
0 0.53564453125 0.0146484375 0.0849609375 0.029296875
