0 0.365234375 0.05712890625 0.083984375 0.0986328125
0 0.2626953125 0.11572265625 0.0859375 0.0791015625
0 0.09912109375 0.2158203125 0.0654296875 0.064453125
0 0.12646484375 0.3115234375 0.0810546875 0.08984375
0 0.220703125 0.35498046875 0.080078125 0.0654296875
0 0.33837890625 0.2548828125 0.0595703125 0.0546875
0 0.30078125 0.390625 0.068359375 0.078125
0 0.3701171875 0.35595703125 0.0625 0.0595703125
0 0.4296875 0.42529296875 0.076171875 0.0712890625
0 0.5126953125 0.24755859375 0.052734375 0.1318359375
0 0.56982421875 0.23095703125 0.0712890625 0.0947265625
0 0.52197265625 0.1201171875 0.0595703125 0.080078125
0 0.564453125 0.17626953125 0.0703125 0.0556640625
0 0.67431640625 0.267578125 0.0732421875 0.087890625
0 0.6123046875 0.3017578125 0.064453125 0.068359375
0 0.5927734375 0.361328125 0.107421875 0.06640625
0 0.5869140625 0.451171875 0.080078125 0.076171875
0 0.75048828125 0.32275390625 0.0654296875 0.0615234375
0 0.48876953125 0.4755859375 0.0693359375 0.080078125
0 0.08984375 0.466796875 0.060546875 0.0546875
0 0.08056640625 0.541015625 0.1103515625 0.07421875
0 0.3876953125 0.60888671875 0.107421875 0.1220703125
0 0.13916015625 0.7060546875 0.0712890625 0.05859375
0 0.05419921875 0.71533203125 0.0751953125 0.0615234375
0 0.05419921875 0.7890625 0.0810546875 0.08984375
0 0.2431640625 0.734375 0.11328125 0.083984375
0 0.2236328125 0.86962890625 0.080078125 0.0908203125
0 0.14013671875 0.8759765625 0.0791015625 0.072265625
0 0.2001953125 0.81982421875 0.080078125 0.0576171875
0 0.1787109375 0.76953125 0.11328125 0.0546875
0 0.4482421875 0.8447265625 0.078125 0.083984375
0 0.43505859375 0.70849609375 0.0712890625 0.0751953125
0 0.1171875 0.98095703125 0.0703125 0.0380859375
0 0.04345703125 0.9638671875 0.0810546875 0.072265625
0 0.44384765625 0.95361328125 0.0947265625 0.0869140625
0 0.5087890625 0.94287109375 0.056640625 0.0576171875
0 0.6328125 0.86669921875 0.12109375 0.0576171875
0 0.56689453125 0.75927734375 0.1064453125 0.0771484375
0 0.60791015625 0.701171875 0.1103515625 0.078125
0 0.71044921875 0.70556640625 0.0888671875 0.0830078125
0 0.7138671875 0.62060546875 0.083984375 0.0888671875
0 0.67041015625 0.54736328125 0.0830078125 0.0712890625
0 0.71630859375 0.0263671875 0.0634765625 0.052734375
0 0.60888671875 0.064453125 0.0869140625 0.09765625
0 0.71435546875 0.08935546875 0.0556640625 0.0712890625
0 0.759765625 0.12109375 0.0859375 0.0703125
0 0.77978515625 0.2099609375 0.0869140625 0.056640625
0 0.88623046875 0.21728515625 0.0869140625 0.1005859375
0 0.82275390625 0.296875 0.0693359375 0.0625
0 0.98046875 0.3115234375 0.0390625 0.11328125
0 0.94091796875 0.32666015625 0.0810546875 0.0576171875
0 0.84716796875 0.41455078125 0.0693359375 0.0712890625
0 0.857421875 0.5458984375 0.11328125 0.06640625
0 0.9765625 0.455078125 0.046875 0.08984375
0 0.92626953125 0.72412109375 0.0869140625 0.1044921875
0 0.9775390625 0.75 0.044921875 0.119140625
0 0.861328125 0.857421875 0.083984375 0.0625
0 0.7451171875 0.8828125 0.072265625 0.078125
0 0.69091796875 0.95703125 0.0771484375 0.0859375
0 0.9580078125 0.95458984375 0.078125 0.0654296875
0 0.9736328125 0.1337890625 0.052734375 0.111328125
0 0.9267578125 0.07861328125 0.052734375 0.0693359375
0 0.97119140625 0.0546875 0.0576171875 0.060546875
0 0.466796875 0.25 0.072265625 0.0859375
0 0.21337890625 0.6611328125 0.0771484375 0.0703125
0 0.67333984375 0.0458984375 0.0771484375 0.072265625
0 0.1376953125 0.81982421875 0.068359375 0.0673828125
0 0.72265625 0.83642578125 0.08203125 0.0595703125
0 0.02734375 0.03564453125 0.052734375 0.0673828125
0 0.87890625 0.5361328125 0.125 0.11328125
0 0.5546875 0.8251953125 0.06640625 0.056640625
