0 0.32470703125 0.09814453125 0.0732421875 0.1181640625
0 0.43798828125 0.197265625 0.0595703125 0.091796875
0 0.4951171875 0.13818359375 0.068359375 0.0732421875
0 0.1572265625 0.3232421875 0.099609375 0.08203125
0 0.39111328125 0.2646484375 0.0732421875 0.0625
0 0.0478515625 0.42236328125 0.091796875 0.0693359375
0 0.63525390625 0.310546875 0.0849609375 0.083984375
0 0.70361328125 0.17822265625 0.0927734375 0.0869140625
0 0.86962890625 0.3388671875 0.0966796875 0.103515625
0 0.87451171875 0.43017578125 0.1044921875 0.1044921875
0 0.841796875 0.4736328125 0.142578125 0.06640625
0 0.70751953125 0.64599609375 0.0908203125 0.0693359375
0 0.546875 0.734375 0.142578125 0.064453125
0 0.55322265625 0.78759765625 0.1259765625 0.0615234375
0 0.06201171875 0.78564453125 0.0654296875 0.0791015625
0 0.14892578125 0.8134765625 0.0966796875 0.0625
0 0.08740234375 0.93505859375 0.1689453125 0.1181640625
0 0.20068359375 0.89208984375 0.0791015625 0.0771484375
0 0.23583984375 0.93310546875 0.1376953125 0.1337890625
0 0.431640625 0.94775390625 0.0859375 0.0927734375
0 0.6494140625 0.9384765625 0.0546875 0.107421875
0 0.65185546875 0.85595703125 0.0849609375 0.0634765625
0 0.8232421875 0.8642578125 0.142578125 0.10546875
0 0.88525390625 0.833984375 0.0986328125 0.09375
0 0.96435546875 0.8271484375 0.0712890625 0.072265625
0 0.84765625 0.7646484375 0.05859375 0.078125
0 0.91015625 0.76806640625 0.0859375 0.0869140625
0 0.94677734375 0.625 0.0849609375 0.078125
0 0.8857421875 0.28662109375 0.080078125 0.0791015625
0 0.29833984375 0.31982421875 0.0791015625 0.0634765625
0 0.89208984375 0.71875 0.0615234375 0.048828125
0 0.97412109375 0.7529296875 0.0517578125 0.0703125
0 0.03076171875 0.36767578125 0.0615234375 0.0537109375
