0 0.9765625 0.26708984375 0.046875 0.0947265625
0 0.5390625 0.7666015625 0.078125 0.0703125
0 0.7294921875 0.03466796875 0.078125 0.0673828125
0 0.27490234375 0.47314453125 0.1083984375 0.1240234375
0 0.4326171875 0.2509765625 0.05078125 0.11328125
0 0.90478515625 0.76025390625 0.0908203125 0.0458984375
0 0.3603515625 0.2021484375 0.091796875 0.158203125
0 0.41650390625 0.3193359375 0.1435546875 0.068359375
0 0.2587890625 0.95458984375 0.103515625 0.0478515625
0 0.54931640625 0.609375 0.1376953125 0.083984375
0 0.84765625 0.68798828125 0.06640625 0.0595703125
0 0.6279296875 0.81103515625 0.10546875 0.0673828125
0 0.66455078125 0.54248046875 0.0341796875 0.1103515625
0 0.97509765625 0.7255859375 0.0498046875 0.056640625
0 0.46875 0.90966796875 0.107421875 0.1376953125
0 0.712890625 0.37060546875 0.1328125 0.0654296875
0 0.328125 0.0791015625 0.0703125 0.068359375
0 0.78369140625 0.36865234375 0.0966796875 0.0615234375
0 0.896484375 0.4326171875 0.11328125 0.056640625
0 0.4267578125 0.12353515625 0.119140625 0.0400390625
0 0.19091796875 0.96875 0.0869140625 0.037109375
0 0.1416015625 0.0419921875 0.115234375 0.083984375
0 0.169921875 0.7578125 0.15234375 0.083984375
0 0.20703125 0.2724609375 0.09765625 0.0703125
0 0.6728515625 0.6357421875 0.09375 0.0546875
0 0.05029296875 0.94189453125 0.1005859375 0.0517578125
0 0.6044921875 0.68505859375 0.08203125 0.0595703125
0 0.09619140625 0.39111328125 0.0576171875 0.0576171875
0 0.90478515625 0.17333984375 0.1064453125 0.0517578125
0 0.8876953125 0.02734375 0.076171875 0.0546875
0 0.79638671875 0.32763671875 0.0517578125 0.0712890625
0 0.580078125 0.31689453125 0.134765625 0.0966796875
0 0.68994140625 0.95458984375 0.0771484375 0.0908203125
0 0.77099609375 0.88818359375 0.0595703125 0.0517578125
0 0.21435546875 0.6748046875 0.0849609375 0.041015625
0 0.0283203125 0.3330078125 0.056640625 0.06640625
0 0.5205078125 0.6591796875 0.07421875 0.037109375
0 0.3466796875 0.4599609375 0.130859375 0.05859375
0 0.83349609375 0.337890625 0.0791015625 0.11328125
0 0.28955078125 0.38427734375 0.1083984375 0.0791015625
0 0.38623046875 0.64013671875 0.1396484375 0.1181640625
0 0.6865234375 0.7412109375 0.09375 0.046875
0 0.8818359375 0.28076171875 0.072265625 0.0927734375
0 0.1787109375 0.21826171875 0.099609375 0.0712890625
0 0.029296875 0.3935546875 0.05859375 0.0390625
0 0.81591796875 0.8408203125 0.0693359375 0.1171875
0 0.15283203125 0.705078125 0.1162109375 0.076171875
0 0.77978515625 0.13623046875 0.0927734375 0.0537109375
0 0.50537109375 0.0615234375 0.1748046875 0.052734375
0 0.8203125 0.18994140625 0.134765625 0.1123046875
0 0.56005859375 0.04833984375 0.0869140625 0.0595703125
0 0.39794921875 0.34228515625 0.0654296875 0.0908203125
0 0.3427734375 0.6240234375 0.08984375 0.068359375
0 0.9892578125 0.0361328125 0.021484375 0.029296875
0 0.982421875 0.6953125 0.03515625 0.03515625
0 0.36962890625 0.77294921875 0.1416015625 0.0537109375
0 0.37109375 0.021484375 0.080078125 0.0390625
0 0.21337890625 0.02294921875 0.0888671875 0.0419921875
0 0.044921875 0.57666015625 0.0859375 0.0400390625
0 0.0732421875 0.07373046875 0.146484375 0.0498046875
0 0.04248046875 0.5625 0.0830078125 0.05078125
0 0.25390625 0.64453125 0.119140625 0.05078125
0 0.2451171875 0.2412109375 0.083984375 0.109375
0 0.06201171875 0.89697265625 0.0986328125 0.0244140625
0 0.17041015625 0.63427734375 0.0615234375 0.0244140625
0 0.77734375 0.78369140625 0.078125 0.0419921875
0 0.09033203125 0.673828125 0.1005859375 0.0625
0 0.72607421875 0.96630859375 0.0478515625 0.0244140625
0 0.58349609375 0.107421875 0.0595703125 0.044921875
0 0.2431640625 0.60400390625 0.029296875 0.0498046875
0 0.03857421875 0.09765625 0.0654296875 0.048828125
0 0.11572265625 0.53271484375 0.0615234375 0.0244140625
0 0.31005859375 0.69140625 0.1396484375 0.060546875
0 0.3876953125 0.8427734375 0.0625 0.046875
