0 0.74072265625 0.064453125 0.0966796875 0.09765625
0 0.921875 0.61083984375 0.15625 0.0810546875
0 0.9677734375 0.06201171875 0.064453125 0.1220703125
0 0.2568359375 0.33154296875 0.15234375 0.0712890625
0 0.962890625 0.72314453125 0.07421875 0.0595703125
0 0.12890625 0.30517578125 0.1015625 0.0654296875
0 0.41259765625 0.0458984375 0.1357421875 0.091796875
0 0.57373046875 0.76611328125 0.1181640625 0.0478515625
0 0.5947265625 0.37255859375 0.11328125 0.1416015625
0 0.1328125 0.142578125 0.19921875 0.0625
0 0.7412109375 0.11328125 0.14453125 0.107421875
0 0.9150390625 0.33154296875 0.1015625 0.0849609375
0 0.54443359375 0.61865234375 0.1787109375 0.0771484375
0 0.12255859375 0.86572265625 0.1455078125 0.0478515625
0 0.583984375 0.07958984375 0.1796875 0.1044921875
0 0.96533203125 0.90234375 0.0693359375 0.07421875
0 0.931640625 0.16357421875 0.13671875 0.0693359375
0 0.1494140625 0.5380859375 0.205078125 0.037109375
0 0.40478515625 0.5029296875 0.1259765625 0.048828125
0 0.5888671875 0.98486328125 0.064453125 0.0302734375
0 0.15478515625 0.19873046875 0.2060546875 0.0517578125
0 0.03076171875 0.4853515625 0.0595703125 0.046875
0 0.24169921875 0.03173828125 0.1513671875 0.0615234375
0 0.8603515625 0.07421875 0.078125 0.140625
0 0.43115234375 0.349609375 0.1416015625 0.0546875
0 0.78515625 0.97998046875 0.083984375 0.0400390625
0 0.10791015625 0.96923828125 0.1318359375 0.0615234375
0 0.6044921875 0.7275390625 0.142578125 0.095703125
0 0.2451171875 0.4150390625 0.109375 0.107421875
0 0.947265625 0.44287109375 0.10546875 0.0361328125
0 0.912109375 0.396484375 0.068359375 0.080078125
0 0.0380859375 0.72998046875 0.076171875 0.0478515625
0 0.0791015625 0.64990234375 0.1484375 0.0322265625
0 0.41357421875 0.46826171875 0.0673828125 0.0654296875
0 0.73779296875 0.4345703125 0.0771484375 0.091796875
0 0.46728515625 0.2216796875 0.1708984375 0.041015625
0 0.5048828125 0.5283203125 0.1484375 0.046875
0 0.150390625 0.0556640625 0.103515625 0.1015625
0 0.341796875 0.587890625 0.23046875 0.06640625
0 0.0537109375 0.912109375 0.107421875 0.091796875
0 0.40087890625 0.13623046875 0.0693359375 0.0361328125
0 0.01904296875 0.85107421875 0.0380859375 0.0869140625
0 0.81689453125 0.4580078125 0.0927734375 0.04296875
0 0.3876953125 0.21337890625 0.076171875 0.2177734375
0 0.4775390625 0.017578125 0.046875 0.033203125
0 0.6826171875 0.98291015625 0.05859375 0.0341796875
0 0.7705078125 0.24658203125 0.1875 0.0791015625
0 0.13818359375 0.025390625 0.1689453125 0.05078125
0 0.67529296875 0.18505859375 0.0927734375 0.0615234375
0 0.89013671875 0.06591796875 0.0947265625 0.0478515625
