0 0.0078125 0.9521484375 0.015625 0.06640625
0 0.123046875 0.6904296875 0.078125 0.0703125
0 0.14306640625 0.5537109375 0.1103515625 0.08203125
0 0.19970703125 0.97021484375 0.2353515625 0.0595703125
0 0.357421875 0.89306640625 0.07421875 0.0634765625
0 0.41796875 0.76904296875 0.072265625 0.0576171875
0 0.55810546875 0.8388671875 0.0888671875 0.078125
0 0.44287109375 0.900390625 0.0751953125 0.05078125
0 0.49365234375 0.96728515625 0.0849609375 0.0654296875
0 0.6884765625 0.90380859375 0.107421875 0.0908203125
0 0.77490234375 0.61376953125 0.0986328125 0.1279296875
0 0.89599609375 0.61865234375 0.1044921875 0.1064453125
0 0.96142578125 0.671875 0.0771484375 0.09375
0 0.87744140625 0.5205078125 0.0615234375 0.08984375
0 0.46435546875 0.546875 0.0849609375 0.1015625
0 0.47314453125 0.6435546875 0.1376953125 0.099609375
0 0.53271484375 0.4345703125 0.0654296875 0.091796875
0 0.134765625 0.43359375 0.126953125 0.078125
0 0.1083984375 0.451171875 0.099609375 0.0625
0 0.19482421875 0.392578125 0.1689453125 0.0703125
0 0.2587890625 0.27197265625 0.083984375 0.0693359375
0 0.35400390625 0.25732421875 0.1064453125 0.0810546875
0 0.0341796875 0.05419921875 0.068359375 0.0693359375
0 0.18798828125 0.0185546875 0.2177734375 0.037109375
0 0.0791015625 0.26025390625 0.130859375 0.0927734375
0 0.17431640625 0.25634765625 0.0595703125 0.0888671875
0 0.29541015625 0.14306640625 0.1103515625 0.1044921875
0 0.58447265625 0.1640625 0.1201171875 0.0703125
0 0.7265625 0.15625 0.078125 0.08984375
0 0.69384765625 0.27099609375 0.1318359375 0.0810546875
0 0.94140625 0.29541015625 0.11328125 0.0791015625
0 0.8583984375 0.0341796875 0.0703125 0.068359375
0 0.947265625 0.05712890625 0.080078125 0.0810546875
0 0.521484375 0.04248046875 0.076171875 0.0849609375
0 0.6142578125 0.03271484375 0.134765625 0.0654296875
0 0.2919921875 0.05615234375 0.05859375 0.0751953125
