0 0.0986328125 0.1943359375 0.072265625 0.119140625
0 0.2392578125 0.2666015625 0.05859375 0.09375
0 0.3916015625 0.330078125 0.0703125 0.083984375
0 0.34765625 0.42822265625 0.10546875 0.0693359375
0 0.3525390625 0.49658203125 0.0625 0.0654296875
0 0.16357421875 0.490234375 0.0673828125 0.076171875
0 0.2236328125 0.4853515625 0.0625 0.080078125
0 0.02490234375 0.3740234375 0.0498046875 0.119140625
0 0.02490234375 0.45947265625 0.0498046875 0.0634765625
0 0.046875 0.73828125 0.05859375 0.099609375
0 0.0185546875 0.9111328125 0.037109375 0.087890625
0 0.05859375 0.88232421875 0.06640625 0.0712890625
0 0.20458984375 0.76611328125 0.0869140625 0.1044921875
0 0.3876953125 0.87744140625 0.10546875 0.0908203125
0 0.29443359375 0.95654296875 0.1025390625 0.0869140625
0 0.12060546875 0.97412109375 0.0732421875 0.0517578125
0 0.4404296875 0.76953125 0.109375 0.115234375
0 0.63916015625 0.7236328125 0.1123046875 0.10546875
0 0.5859375 0.7919921875 0.087890625 0.07421875
0 0.56298828125 0.84619140625 0.0751953125 0.0791015625
0 0.74072265625 0.9560546875 0.1259765625 0.087890625
0 0.83056640625 0.9912109375 0.0986328125 0.017578125
0 0.81103515625 0.8935546875 0.0634765625 0.078125
0 0.90869140625 0.86865234375 0.0712890625 0.0595703125
0 0.94873046875 0.8037109375 0.0673828125 0.09765625
0 0.87890625 0.740234375 0.078125 0.095703125
0 0.72216796875 0.4814453125 0.0751953125 0.080078125
0 0.62841796875 0.48828125 0.0693359375 0.06640625
0 0.47900390625 0.24853515625 0.0908203125 0.1748046875
0 0.39013671875 0.23779296875 0.0654296875 0.0947265625
0 0.6953125 0.23828125 0.083984375 0.099609375
0 0.67529296875 0.31494140625 0.0810546875 0.0849609375
0 0.802734375 0.38134765625 0.06640625 0.0927734375
0 0.85791015625 0.24072265625 0.0986328125 0.1982421875
0 0.681640625 0.1162109375 0.09375 0.125
0 0.4580078125 0.00732421875 0.068359375 0.0146484375
0 0.4189453125 0.0283203125 0.044921875 0.056640625
0 0.46826171875 0.109375 0.0634765625 0.07421875
0 0.33251953125 0.01318359375 0.0693359375 0.0263671875
0 0.1650390625 0.0595703125 0.0625 0.060546875
0 0.1015625 0.03662109375 0.05078125 0.0517578125
0 0.0400390625 0.0166015625 0.044921875 0.033203125
0 0.83251953125 0.0400390625 0.0693359375 0.080078125
0 0.49609375 0.630859375 0.09375 0.119140625
0 0.21484375 0.01953125 0.05078125 0.033203125
0 0.5126953125 0.90234375 0.07421875 0.04296875
0 0.70263671875 0.90625 0.1103515625 0.072265625
0 0.72119140625 0.8212890625 0.0537109375 0.04296875
0 0.4638671875 0.4833984375 0.052734375 0.044921875
0 0.93505859375 0.01025390625 0.0556640625 0.0205078125
0 0.04931640625 0.17578125 0.0732421875 0.107421875
0 0.11083984375 0.32861328125 0.0556640625 0.0556640625
0 0.1689453125 0.40185546875 0.0625 0.0478515625
0 0.07958984375 0.60986328125 0.0458984375 0.0458984375
0 0.15087890625 0.1962890625 0.0517578125 0.109375
