0 0.06396484375 0.671875 0.0654296875 0.138671875
0 0.140625 0.8037109375 0.154296875 0.09375
0 0.23388671875 0.63232421875 0.1025390625 0.0908203125
0 0.26025390625 0.57275390625 0.0791015625 0.0791015625
0 0.2431640625 0.5087890625 0.095703125 0.099609375
0 0.05615234375 0.50439453125 0.1123046875 0.0595703125
0 0.111328125 0.5654296875 0.095703125 0.0703125
0 0.12939453125 0.35009765625 0.0732421875 0.1044921875
0 0.154296875 0.1728515625 0.103515625 0.060546875
0 0.11962890625 0.244140625 0.0849609375 0.072265625
0 0.05712890625 0.1640625 0.0849609375 0.1171875
0 0.26708984375 0.3203125 0.1064453125 0.0546875
0 0.26171875 0.390625 0.115234375 0.083984375
0 0.4345703125 0.60302734375 0.11328125 0.1572265625
0 0.5390625 0.57421875 0.197265625 0.09375
0 0.59619140625 0.41943359375 0.0712890625 0.0537109375
0 0.69873046875 0.400390625 0.1083984375 0.0703125
0 0.80419921875 0.41455078125 0.1162109375 0.0732421875
0 0.650390625 0.24169921875 0.076171875 0.0517578125
0 0.70947265625 0.26171875 0.1083984375 0.072265625
0 0.85546875 0.283203125 0.1171875 0.080078125
0 0.91845703125 0.2265625 0.1259765625 0.08203125
0 0.60986328125 0.80859375 0.0654296875 0.0625
0 0.45166015625 0.9638671875 0.0771484375 0.072265625
0 0.65625 0.896484375 0.111328125 0.07421875
0 0.78173828125 0.8642578125 0.0966796875 0.076171875
0 0.888671875 0.9775390625 0.130859375 0.044921875
0 0.962890625 0.8984375 0.07421875 0.06640625
0 0.94677734375 0.73583984375 0.1064453125 0.0869140625
0 0.82666015625 0.626953125 0.1279296875 0.107421875
0 0.7001953125 0.5107421875 0.115234375 0.072265625
0 0.814453125 0.52587890625 0.111328125 0.0615234375
0 0.9140625 0.517578125 0.171875 0.15625
0 0.9677734375 0.38330078125 0.064453125 0.0849609375
0 0.970703125 0.28466796875 0.05859375 0.0517578125
0 0.8115234375 0.015625 0.109375 0.03125
0 0.958984375 0.0224609375 0.08203125 0.044921875
0 0.84521484375 0.84619140625 0.1396484375 0.1044921875
0 0.607421875 0.9697265625 0.111328125 0.060546875
