0 0.06640625 0.75732421875 0.08984375 0.0849609375
0 0.05078125 0.884765625 0.1015625 0.109375
0 0.310546875 0.82421875 0.08203125 0.083984375
0 0.38916015625 0.83154296875 0.1025390625 0.0712890625
0 0.3251953125 0.736328125 0.09375 0.091796875
0 0.4091796875 0.57568359375 0.095703125 0.0947265625
0 0.51123046875 0.90380859375 0.1513671875 0.1220703125
0 0.61279296875 0.93701171875 0.1181640625 0.1123046875
0 0.57861328125 0.712890625 0.1123046875 0.1171875
0 0.93212890625 0.84912109375 0.0947265625 0.0654296875
0 0.5439453125 0.4453125 0.109375 0.109375
0 0.54736328125 0.52783203125 0.1142578125 0.1298828125
0 0.2685546875 0.46630859375 0.087890625 0.1025390625
0 0.1943359375 0.50830078125 0.1171875 0.1220703125
0 0.05029296875 0.212890625 0.1005859375 0.076171875
0 0.13671875 0.04248046875 0.095703125 0.0849609375
0 0.25341796875 0.18310546875 0.0908203125 0.1064453125
0 0.34375 0.33203125 0.103515625 0.126953125
0 0.935546875 0.291015625 0.126953125 0.17578125
0 0.96484375 0.02392578125 0.0703125 0.0478515625
0 0.81201171875 0.08984375 0.0830078125 0.0859375
0 0.4736328125 0.1552734375 0.130859375 0.138671875
0 0.529296875 0.25146484375 0.17578125 0.0947265625
0 0.5390625 0.21630859375 0.0703125 0.1435546875
0 0.66259765625 0.3349609375 0.0693359375 0.08984375
0 0.19775390625 0.97509765625 0.1259765625 0.0498046875
