0 0.0107421875 0.03759765625 0.021484375 0.0556640625
0 0.22314453125 0.1669921875 0.0458984375 0.029296875
0 0.3642578125 0.23193359375 0.1015625 0.0439453125
0 0.3603515625 0.17578125 0.080078125 0.056640625
0 0.41650390625 0.0771484375 0.0888671875 0.060546875
0 0.408203125 0.10009765625 0.09765625 0.0693359375
0 0.36328125 0.103515625 0.095703125 0.068359375
0 0.52587890625 0.2392578125 0.0517578125 0.060546875
0 0.55859375 0.22216796875 0.099609375 0.0341796875
0 0.6455078125 0.265625 0.080078125 0.072265625
0 0.7509765625 0.16015625 0.064453125 0.064453125
0 0.68017578125 0.134765625 0.0810546875 0.029296875
0 0.810546875 0.125 0.064453125 0.0390625
0 0.83349609375 0.04296875 0.0751953125 0.0859375
0 0.97705078125 0.138671875 0.0458984375 0.064453125
0 0.9912109375 0.21923828125 0.017578125 0.0400390625
0 0.77685546875 0.4951171875 0.0712890625 0.052734375
0 0.900390625 0.6220703125 0.076171875 0.041015625
0 0.87109375 0.62451171875 0.0546875 0.0947265625
0 0.8759765625 0.7841796875 0.04296875 0.072265625
0 0.80419921875 0.84375 0.0498046875 0.046875
0 0.958984375 0.927734375 0.056640625 0.0546875
0 0.6845703125 0.86572265625 0.0703125 0.0498046875
0 0.80224609375 0.70068359375 0.0673828125 0.0576171875
0 0.67626953125 0.61376953125 0.0771484375 0.0439453125
0 0.70556640625 0.66552734375 0.0986328125 0.0771484375
0 0.57373046875 0.552734375 0.0615234375 0.02734375
0 0.8056640625 0.54638671875 0.046875 0.0263671875
0 0.52001953125 0.4638671875 0.0810546875 0.048828125
0 0.40576171875 0.4755859375 0.0576171875 0.029296875
0 0.50244140625 0.6083984375 0.0947265625 0.037109375
0 0.6005859375 0.71337890625 0.10546875 0.0380859375
0 0.55029296875 0.76171875 0.0810546875 0.041015625
0 0.38037109375 0.74169921875 0.0927734375 0.0458984375
0 0.40673828125 0.77734375 0.1025390625 0.041015625
0 0.49560546875 0.66650390625 0.0634765625 0.0361328125
0 0.51416015625 0.69580078125 0.0908203125 0.0361328125
0 0.9296875 0.06689453125 0.04296875 0.0380859375
0 0.08349609375 0.35595703125 0.1298828125 0.1064453125
0 0.0302734375 0.5322265625 0.060546875 0.0390625
0 0.08935546875 0.572265625 0.0869140625 0.03515625
0 0.09765625 0.66748046875 0.05859375 0.0244140625
0 0.0595703125 0.7021484375 0.060546875 0.046875
0 0.373046875 0.52685546875 0.091796875 0.0498046875
0 0.33544921875 0.56787109375 0.1044921875 0.0537109375
0 0.27978515625 0.5361328125 0.1142578125 0.025390625
0 0.73583984375 0.59423828125 0.0302734375 0.0263671875
0 0.53857421875 0.9521484375 0.0517578125 0.033203125
0 0.84326171875 0.97021484375 0.0478515625 0.0283203125
0 0.20166015625 0.7314453125 0.1083984375 0.033203125
0 0.02685546875 0.80078125 0.0537109375 0.04296875
0 0.140625 0.91943359375 0.0546875 0.0361328125
