0 0.40966796875 0.61328125 0.0947265625 0.091796875
0 0.404296875 0.8056640625 0.08984375 0.123046875
0 0.57666015625 0.6845703125 0.0751953125 0.07421875
0 0.21826171875 0.48291015625 0.1123046875 0.1123046875
0 0.1708984375 0.88330078125 0.126953125 0.2021484375
0 0.30322265625 0.80224609375 0.0673828125 0.1103515625
0 0.51220703125 0.0234375 0.0654296875 0.046875
0 0.4306640625 0.42822265625 0.123046875 0.1123046875
0 0.70166015625 0.40576171875 0.1298828125 0.0869140625
0 0.255859375 0.6279296875 0.0625 0.142578125
0 0.64453125 0.25537109375 0.060546875 0.0673828125
0 0.46923828125 0.1982421875 0.1201171875 0.1171875
0 0.5859375 0.12548828125 0.078125 0.0673828125
0 0.41943359375 0.10302734375 0.0654296875 0.0771484375
0 0.3583984375 0.01220703125 0.087890625 0.0244140625
0 0.10595703125 0.37109375 0.0927734375 0.072265625
0 0.62451171875 0.064453125 0.0791015625 0.08984375
0 0.73193359375 0.8583984375 0.1201171875 0.197265625
0 0.45361328125 0.01708984375 0.0673828125 0.0341796875
0 0.70703125 0.49853515625 0.140625 0.1474609375
0 0.67333984375 0.029296875 0.0673828125 0.0546875
0 0.62158203125 0.3720703125 0.0576171875 0.072265625
0 0.091796875 0.29345703125 0.099609375 0.0771484375
0 0.66552734375 0.888671875 0.0771484375 0.107421875
0 0.25732421875 0.31201171875 0.0947265625 0.0849609375
0 0.62060546875 0.61474609375 0.0830078125 0.0947265625
0 0.20703125 0.0732421875 0.07421875 0.078125
0 0.48828125 0.064453125 0.091796875 0.060546875
0 0.263671875 0.0361328125 0.09765625 0.072265625
0 0.50732421875 0.33935546875 0.0751953125 0.0947265625
0 0.4658203125 0.54052734375 0.078125 0.0673828125
0 0.49853515625 0.89111328125 0.0771484375 0.1123046875
0 0.908203125 0.9560546875 0.080078125 0.087890625
0 0.69482421875 0.57861328125 0.1396484375 0.1025390625
0 0.5546875 0.45947265625 0.080078125 0.0751953125
0 0.26318359375 0.23291015625 0.0869140625 0.0869140625
0 0.32470703125 0.58837890625 0.0595703125 0.0771484375
0 0.505859375 0.46435546875 0.078125 0.0947265625
0 0.5458984375 0.50830078125 0.09765625 0.0869140625
0 0.2646484375 0.44189453125 0.0546875 0.1044921875
0 0.412109375 0.9677734375 0.080078125 0.064453125
0 0.25146484375 0.9833984375 0.0732421875 0.033203125
0 0.47802734375 0.9443359375 0.0751953125 0.111328125
0 0.29736328125 0.060546875 0.0751953125 0.072265625
0 0.55322265625 0.919921875 0.0478515625 0.080078125
0 0.81201171875 0.18798828125 0.0556640625 0.0771484375
0 0.5146484375 0.2705078125 0.115234375 0.087890625
0 0.314453125 0.36669921875 0.07421875 0.0849609375
0 0.23583984375 0.37060546875 0.0927734375 0.0771484375
0 0.1806640625 0.287109375 0.052734375 0.10546875
0 0.32958984375 0.46435546875 0.0400390625 0.1005859375
0 0.2294921875 0.6669921875 0.044921875 0.08984375
0 0.1572265625 0.8056640625 0.080078125 0.126953125
0 0.2333984375 0.8779296875 0.046875 0.052734375
0 0.4208984375 0.7685546875 0.046875 0.0625
0 0.55078125 0.77197265625 0.056640625 0.1298828125
0 0.8447265625 0.79541015625 0.064453125 0.0576171875
0 0.7080078125 0.890625 0.087890625 0.107421875
0 0.56298828125 0.96337890625 0.0576171875 0.0732421875
0 0.83837890625 0.97705078125 0.0517578125 0.0458984375
