0 0.07421875 0.9775390625 0.1484375 0.044921875
0 0.12109375 0.958984375 0.076171875 0.076171875
0 0.01953125 0.75048828125 0.0390625 0.0712890625
0 0.16552734375 0.82080078125 0.0732421875 0.0830078125
0 0.32275390625 0.826171875 0.1435546875 0.11328125
0 0.24560546875 0.8876953125 0.0634765625 0.08203125
0 0.2275390625 0.98876953125 0.068359375 0.0224609375
0 0.2373046875 0.94921875 0.138671875 0.099609375
0 0.3427734375 0.97900390625 0.072265625 0.0419921875
0 0.41552734375 0.9716796875 0.0615234375 0.052734375
0 0.44287109375 0.98876953125 0.0556640625 0.0224609375
0 0.46923828125 0.94970703125 0.1162109375 0.0888671875
0 0.52197265625 0.8544921875 0.1240234375 0.1015625
0 0.41748046875 0.82080078125 0.0712890625 0.0751953125
0 0.59423828125 0.90673828125 0.1162109375 0.1025390625
0 0.708984375 0.91259765625 0.123046875 0.0771484375
0 0.62158203125 0.80029296875 0.0712890625 0.0751953125
0 0.55126953125 0.76904296875 0.0810546875 0.0654296875
0 0.73583984375 0.88232421875 0.1494140625 0.0771484375
0 0.7841796875 0.84423828125 0.09765625 0.0517578125
0 0.76318359375 0.7900390625 0.1318359375 0.06640625
0 0.63037109375 0.72802734375 0.0751953125 0.0654296875
0 0.744140625 0.71533203125 0.080078125 0.0732421875
0 0.65087890625 0.6455078125 0.0849609375 0.078125
0 0.5283203125 0.6845703125 0.08203125 0.078125
0 0.36474609375 0.6015625 0.0830078125 0.080078125
0 0.33837890625 0.69873046875 0.1005859375 0.0830078125
0 0.501953125 0.4853515625 0.078125 0.126953125
0 0.39404296875 0.478515625 0.0830078125 0.080078125
0 0.67041015625 0.40234375 0.1181640625 0.072265625
0 0.50634765625 0.36962890625 0.0966796875 0.0615234375
0 0.1865234375 0.6630859375 0.0703125 0.064453125
0 0.1396484375 0.59423828125 0.080078125 0.0751953125
0 0.22314453125 0.4912109375 0.0556640625 0.0546875
0 0.25 0.40087890625 0.056640625 0.0751953125
0 0.181640625 0.4296875 0.05078125 0.103515625
0 0.2109375 0.3486328125 0.1015625 0.060546875
0 0.01806640625 0.46337890625 0.0361328125 0.0712890625
0 0.021484375 0.55615234375 0.04296875 0.0830078125
0 0.25439453125 0.2861328125 0.0654296875 0.05859375
0 0.31640625 0.224609375 0.060546875 0.06640625
0 0.42578125 0.27392578125 0.06640625 0.0751953125
0 0.4326171875 0.189453125 0.080078125 0.0546875
0 0.17724609375 0.19189453125 0.0869140625 0.0634765625
0 0.06591796875 0.126953125 0.0947265625 0.078125
0 0.02099609375 0.1337890625 0.0419921875 0.0703125
0 0.14501953125 0.01953125 0.0869140625 0.0390625
0 0.25146484375 0.0576171875 0.0712890625 0.115234375
0 0.3125 0.01123046875 0.072265625 0.0224609375
0 0.9755859375 0.880859375 0.048828125 0.068359375
0 0.82666015625 0.3359375 0.0712890625 0.076171875
0 0.6923828125 0.17041015625 0.064453125 0.0654296875
0 0.4970703125 0.0341796875 0.09765625 0.068359375
0 0.61572265625 0.04833984375 0.0693359375 0.0966796875
0 0.52099609375 0.1025390625 0.0595703125 0.06640625
0 0.693359375 0.0830078125 0.072265625 0.072265625
0 0.7568359375 0.1005859375 0.072265625 0.06640625
0 0.81005859375 0.107421875 0.0712890625 0.076171875
0 0.81591796875 0.220703125 0.0712890625 0.06640625
0 0.927734375 0.14501953125 0.091796875 0.0654296875
0 0.91748046875 0.08740234375 0.0712890625 0.0576171875
0 0.689453125 0.015625 0.072265625 0.03125
0 0.99462890625 0.01708984375 0.0107421875 0.0341796875
0 0.16650390625 0.279296875 0.0537109375 0.072265625
0 0.06689453125 0.04052734375 0.0654296875 0.0576171875
0 0.99267578125 0.05126953125 0.0146484375 0.0361328125
0 0.986328125 0.07080078125 0.02734375 0.0419921875
0 0.29638671875 0.42041015625 0.0615234375 0.0693359375
0 0.30517578125 0.26318359375 0.0849609375 0.0634765625
0 0.171875 0.9501953125 0.0625 0.0703125
0 0.31884765625 0.76904296875 0.0791015625 0.0595703125
0 0.3466796875 0.80810546875 0.06640625 0.0478515625
0 0.71044921875 0.96826171875 0.0908203125 0.0537109375
0 0.1376953125 0.95068359375 0.0703125 0.0751953125
0 0.849609375 0.90283203125 0.1796875 0.0849609375
0 0.96728515625 0.80712890625 0.0615234375 0.0595703125
0 0.22705078125 0.5439453125 0.0654296875 0.06640625
