0 0.77197265625 0.63720703125 0.0849609375 0.0771484375
0 0.85400390625 0.1025390625 0.0966796875 0.07421875
0 0.892578125 0.1396484375 0.111328125 0.09765625
0 0.3544921875 0.10986328125 0.07421875 0.0849609375
0 0.21044921875 0.61083984375 0.0634765625 0.0771484375
0 0.50634765625 0.1376953125 0.0986328125 0.091796875
0 0.28759765625 0.97216796875 0.0869140625 0.0556640625
0 0.66650390625 0.70556640625 0.1083984375 0.0771484375
0 0.1552734375 0.67919921875 0.06640625 0.0576171875
0 0.93994140625 0.19580078125 0.1044921875 0.0810546875
0 0.22021484375 0.94775390625 0.0576171875 0.0517578125
0 0.876953125 0.03369140625 0.1171875 0.0673828125
0 0.978515625 0.11865234375 0.04296875 0.1044921875
0 0.255859375 0.560546875 0.0546875 0.064453125
0 0.07177734375 0.607421875 0.0654296875 0.07421875
0 0.3642578125 0.20361328125 0.0625 0.0517578125
0 0.45703125 0.6416015625 0.091796875 0.09375
0 0.29638671875 0.75048828125 0.0869140625 0.0673828125
0 0.45947265625 0.76416015625 0.0869140625 0.0810546875
0 0.755859375 0.91845703125 0.103515625 0.0732421875
0 0.29150390625 0.18896484375 0.0712890625 0.0732421875
0 0.29052734375 0.44384765625 0.0869140625 0.0830078125
0 0.52685546875 0.85791015625 0.0966796875 0.0888671875
0 0.95751953125 0.03369140625 0.0673828125 0.0673828125
0 0.11279296875 0.87109375 0.0634765625 0.05859375
0 0.4111328125 0.9609375 0.095703125 0.078125
0 0.13623046875 0.96875 0.0830078125 0.0546875
0 0.109375 0.7900390625 0.09375 0.07421875
0 0.19384765625 0.8818359375 0.0712890625 0.06640625
0 0.60302734375 0.171875 0.1259765625 0.07421875
0 0.11962890625 0.0234375 0.1005859375 0.046875
0 0.9111328125 0.982421875 0.0703125 0.03515625
0 0.95166015625 0.80517578125 0.0673828125 0.0830078125
0 0.9658203125 0.7685546875 0.068359375 0.06640625
0 0.8857421875 0.64892578125 0.0625 0.0634765625
0 0.9287109375 0.638671875 0.076171875 0.076171875
0 0.95947265625 0.64306640625 0.0810546875 0.0849609375
0 0.9052734375 0.54638671875 0.083984375 0.0791015625
0 0.974609375 0.32666015625 0.05078125 0.0654296875
0 0.857421875 0.36181640625 0.080078125 0.0673828125
0 0.7138671875 0.3740234375 0.07421875 0.07421875
0 0.69287109375 0.46142578125 0.0751953125 0.0615234375
0 0.70751953125 0.537109375 0.0751953125 0.06640625
0 0.81494140625 0.45947265625 0.0595703125 0.0751953125
0 0.1611328125 0.56103515625 0.091796875 0.0810546875
0 0.8828125 0.46630859375 0.091796875 0.1005859375
