0 0.0869140625 0.107421875 0.064453125 0.052734375
0 0.091796875 0.1708984375 0.076171875 0.05078125
0 0.1552734375 0.22216796875 0.083984375 0.0751953125
0 0.25244140625 0.29638671875 0.0654296875 0.0439453125
0 0.220703125 0.21240234375 0.048828125 0.0556640625
0 0.23779296875 0.1591796875 0.0830078125 0.0546875
0 0.19091796875 0.11181640625 0.0537109375 0.0439453125
0 0.35595703125 0.0791015625 0.0947265625 0.056640625
0 0.3427734375 0.17333984375 0.06640625 0.0400390625
0 0.49365234375 0.16015625 0.0908203125 0.048828125
0 0.505859375 0.24658203125 0.087890625 0.0654296875
0 0.65087890625 0.22119140625 0.0595703125 0.0771484375
0 0.72705078125 0.27294921875 0.0751953125 0.0732421875
0 0.89208984375 0.095703125 0.0830078125 0.09765625
0 0.8115234375 0.140625 0.0625 0.048828125
0 0.7236328125 0.1123046875 0.0703125 0.06640625
0 0.62109375 0.13623046875 0.087890625 0.0615234375
0 0.62255859375 0.09423828125 0.0849609375 0.0732421875
0 0.55126953125 0.0849609375 0.0654296875 0.048828125
0 0.5986328125 0.03125 0.08203125 0.05078125
0 0.96630859375 0.02392578125 0.0673828125 0.0478515625
0 0.89501953125 0.0234375 0.0634765625 0.046875
0 0.77001953125 0.0576171875 0.0654296875 0.072265625
0 0.8271484375 0.07080078125 0.06640625 0.0556640625
0 0.9638671875 0.18408203125 0.072265625 0.0419921875
0 0.9794921875 0.13525390625 0.041015625 0.0400390625
0 0.01953125 0.5556640625 0.0390625 0.076171875
0 0.24560546875 0.51953125 0.0556640625 0.0625
0 0.3076171875 0.4560546875 0.046875 0.1015625
0 0.37060546875 0.431640625 0.0556640625 0.09765625
0 0.494140625 0.47900390625 0.111328125 0.0615234375
0 0.4697265625 0.52197265625 0.05859375 0.0400390625
0 0.29052734375 0.5908203125 0.1240234375 0.05078125
0 0.40087890625 0.58544921875 0.0966796875 0.0751953125
0 0.46337890625 0.61962890625 0.0654296875 0.0595703125
0 0.52490234375 0.6162109375 0.0810546875 0.060546875
0 0.54833984375 0.56103515625 0.0693359375 0.0498046875
0 0.599609375 0.6103515625 0.0703125 0.0625
0 0.74365234375 0.54443359375 0.0947265625 0.0478515625
0 0.72412109375 0.59765625 0.0693359375 0.052734375
0 0.857421875 0.4541015625 0.078125 0.0859375
0 0.89404296875 0.48583984375 0.1318359375 0.0810546875
0 0.90185546875 0.54052734375 0.1279296875 0.0517578125
0 0.90625 0.56201171875 0.0703125 0.1025390625
0 0.80859375 0.6416015625 0.1484375 0.05859375
0 0.80859375 0.71875 0.060546875 0.056640625
0 0.822265625 0.77587890625 0.056640625 0.0439453125
0 0.8720703125 0.6826171875 0.06640625 0.044921875
0 0.95166015625 0.71435546875 0.0966796875 0.0478515625
0 0.6875 0.86474609375 0.09375 0.0517578125
0 0.57080078125 0.70751953125 0.0400390625 0.0498046875
0 0.6552734375 0.67236328125 0.0546875 0.0537109375
0 0.49853515625 0.70947265625 0.0693359375 0.0458984375
0 0.2880859375 0.68603515625 0.064453125 0.0419921875
0 0.34814453125 0.66748046875 0.0615234375 0.0498046875
0 0.29150390625 0.72216796875 0.1083984375 0.0595703125
0 0.17529296875 0.744140625 0.1103515625 0.04296875
0 0.103515625 0.72265625 0.052734375 0.06640625
0 0.03857421875 0.6669921875 0.0693359375 0.064453125
0 0.583984375 0.8994140625 0.14453125 0.076171875
0 0.69482421875 0.966796875 0.0888671875 0.06640625
0 0.154296875 0.87451171875 0.091796875 0.0517578125
0 0.115234375 0.82080078125 0.05078125 0.0576171875
0 0.0283203125 0.9296875 0.056640625 0.087890625
0 0.23388671875 0.7548828125 0.0673828125 0.068359375
0 0.431640625 0.7861328125 0.0546875 0.05078125
0 0.861328125 0.73046875 0.099609375 0.048828125
0 0.734375 0.1630859375 0.06640625 0.05078125
0 0.28564453125 0.12744140625 0.0634765625 0.0751953125
0 0.5361328125 0.03759765625 0.072265625 0.0751953125
