0 0.51708984375 0.23876953125 0.0810546875 0.2373046875
0 0.26708984375 0.2333984375 0.3505859375 0.15234375
0 0.8662109375 0.47412109375 0.232421875 0.1220703125
0 0.49365234375 0.38525390625 0.2060546875 0.1533203125
0 0.546875 0.87255859375 0.185546875 0.1240234375
0 0.85546875 0.5322265625 0.234375 0.078125
0 0.2080078125 0.58837890625 0.115234375 0.1337890625
0 0.67236328125 0.52197265625 0.0869140625 0.1298828125
0 0.38037109375 0.96923828125 0.1689453125 0.0615234375
0 0.27978515625 0.04150390625 0.1357421875 0.0751953125
0 0.904296875 0.10400390625 0.19140625 0.1962890625
0 0.361328125 0.37890625 0.197265625 0.080078125
0 0.69580078125 0.06298828125 0.1630859375 0.1064453125
0 0.66357421875 0.46728515625 0.2060546875 0.1396484375
0 0.25390625 0.5615234375 0.068359375 0.193359375
0 0.94580078125 0.60693359375 0.0888671875 0.1123046875
0 0.9306640625 0.9462890625 0.138671875 0.09765625
0 0.65234375 0.35009765625 0.2578125 0.1513671875
0 0.0546875 0.80517578125 0.109375 0.2041015625
0 0.2275390625 0.45458984375 0.205078125 0.1162109375
0 0.41357421875 0.93994140625 0.2275390625 0.1201171875
0 0.65380859375 0.60546875 0.1416015625 0.1328125
0 0.54736328125 0.56005859375 0.2451171875 0.1064453125
0 0.62890625 0.65234375 0.072265625 0.068359375
0 0.38720703125 0.4013671875 0.1279296875 0.13671875
0 0.18603515625 0.24658203125 0.2880859375 0.1513671875
0 0.32666015625 0.31982421875 0.1513671875 0.0771484375
0 0.30615234375 0.02001953125 0.1376953125 0.0400390625
0 0.484375 0.9501953125 0.06640625 0.095703125
