0 0.18994140625 0.0234375 0.0810546875 0.046875
0 0.58056640625 0.01953125 0.0712890625 0.0390625
0 0.6455078125 0.037109375 0.15234375 0.07421875
0 0.2216796875 0.10693359375 0.15625 0.0986328125
0 0.255859375 0.2421875 0.1875 0.087890625
0 0.49072265625 0.21484375 0.0830078125 0.064453125
0 0.662109375 0.1787109375 0.115234375 0.1484375
0 0.767578125 0.21044921875 0.080078125 0.0791015625
0 0.65869140625 0.318359375 0.1318359375 0.087890625
0 0.646484375 0.4013671875 0.05078125 0.048828125
0 0.4951171875 0.3935546875 0.095703125 0.0703125
0 0.4833984375 0.30419921875 0.046875 0.0361328125
0 0.51123046875 0.515625 0.0966796875 0.125
0 0.47265625 0.6416015625 0.068359375 0.091796875
0 0.14794921875 0.6064453125 0.0849609375 0.068359375
0 0.1533203125 0.73486328125 0.087890625 0.1513671875
0 0.35791015625 0.8232421875 0.0732421875 0.181640625
0 0.43212890625 0.77197265625 0.0888671875 0.0751953125
0 0.6083984375 0.84716796875 0.087890625 0.1630859375
0 0.6455078125 0.7060546875 0.078125 0.1015625
0 0.70947265625 0.50732421875 0.0634765625 0.1162109375
0 0.826171875 0.37255859375 0.169921875 0.1064453125
0 0.9287109375 0.54541015625 0.078125 0.0693359375
0 0.82421875 0.53173828125 0.0859375 0.0556640625
0 0.98974609375 0.373046875 0.0205078125 0.083984375
0 0.9765625 0.4501953125 0.046875 0.07421875
0 0.9658203125 0.74462890625 0.068359375 0.0830078125
0 0.88671875 0.72314453125 0.103515625 0.0888671875
0 0.771484375 0.74267578125 0.1953125 0.1025390625
0 0.70751953125 0.892578125 0.1025390625 0.1796875
0 0.66796875 0.97265625 0.05078125 0.0546875
0 0.74609375 0.83349609375 0.072265625 0.0732421875
0 0.85400390625 0.95751953125 0.0771484375 0.0849609375
0 0.77783203125 0.9111328125 0.0517578125 0.0546875
0 0.40771484375 0.9541015625 0.0771484375 0.091796875
0 0.16552734375 0.8955078125 0.1181640625 0.076171875
0 0.041015625 0.927734375 0.060546875 0.103515625
0 0.421875 0.5634765625 0.080078125 0.064453125
0 0.23779296875 0.97265625 0.0419921875 0.0546875
0 0.28955078125 0.888671875 0.0712890625 0.07421875
0 0.33935546875 0.9560546875 0.0693359375 0.087890625
0 0.97802734375 0.9658203125 0.0439453125 0.046875
0 0.9619140625 0.298828125 0.076171875 0.1171875
0 0.96875 0.14111328125 0.0625 0.1435546875
0 0.9873046875 0.072265625 0.025390625 0.12890625
0 0.958984375 0.82421875 0.08203125 0.05078125
0 0.02734375 0.05029296875 0.0546875 0.0791015625
0 0.033203125 0.74072265625 0.06640625 0.1259765625
