0 0.96484375 0.0556640625 0.0703125 0.107421875
0 0.443359375 0.34716796875 0.107421875 0.0947265625
0 0.54541015625 0.5166015625 0.1376953125 0.125
0 0.69873046875 0.67578125 0.1474609375 0.078125
0 0.89306640625 0.82958984375 0.0830078125 0.0849609375
0 0.65185546875 0.6171875 0.1005859375 0.080078125
0 0.9970703125 0.20703125 0.005859375 0.10546875
0 0.62060546875 0.91064453125 0.0830078125 0.0576171875
0 0.880859375 0.353515625 0.087890625 0.107421875
0 0.14208984375 0.796875 0.1005859375 0.125
0 0.818359375 0.138671875 0.08203125 0.05078125
0 0.1396484375 0.908203125 0.125 0.11328125
0 0.25732421875 0.48681640625 0.0849609375 0.1298828125
0 0.6142578125 0.953125 0.099609375 0.0625
0 0.68212890625 0.7919921875 0.0654296875 0.07421875
0 0.07568359375 0.05810546875 0.1474609375 0.1123046875
0 0.744140625 0.4296875 0.125 0.080078125
0 0.78955078125 0.8505859375 0.0595703125 0.072265625
0 0.3994140625 0.470703125 0.08984375 0.09765625
0 0.0595703125 0.26904296875 0.119140625 0.0908203125
0 0.21484375 0.880859375 0.08984375 0.08203125
0 0.96484375 0.72119140625 0.0703125 0.0673828125
0 0.70947265625 0.0908203125 0.0693359375 0.126953125
0 0.1357421875 0.564453125 0.23828125 0.10546875
0 0.4306640625 0.8544921875 0.08203125 0.154296875
0 0.9736328125 0.1845703125 0.052734375 0.095703125
0 0.966796875 0.27197265625 0.06640625 0.0771484375
0 0.755859375 0.89111328125 0.072265625 0.0576171875
0 0.390625 0.19970703125 0.107421875 0.1455078125
0 0.34814453125 0.0869140625 0.1728515625 0.169921875
0 0.34228515625 0.8154296875 0.1552734375 0.09765625
0 0.6630859375 0.03076171875 0.072265625 0.0576171875
0 0.60546875 0.2734375 0.08203125 0.111328125
0 0.1806640625 0.48046875 0.087890625 0.1171875
0 0.5380859375 0.7783203125 0.248046875 0.107421875
0 0.79833984375 0.37744140625 0.0849609375 0.0576171875
0 0.52490234375 0.2880859375 0.0537109375 0.04296875
0 0.078125 0.73681640625 0.1328125 0.1103515625
0 0.5546875 0.2333984375 0.150390625 0.072265625
0 0.74072265625 0.1748046875 0.0771484375 0.0703125
0 0.12109375 0.189453125 0.09765625 0.099609375
0 0.6357421875 0.775390625 0.107421875 0.091796875
0 0.33447265625 0.73486328125 0.2197265625 0.0849609375
0 0.1787109375 0.64208984375 0.142578125 0.0751953125
0 0.2998046875 0.5234375 0.0625 0.0625
0 0.5771484375 0.57568359375 0.095703125 0.0673828125
0 0.046875 0.65576171875 0.08984375 0.0830078125
0 0.3623046875 0.876953125 0.115234375 0.060546875
0 0.1376953125 0.2822265625 0.1328125 0.072265625
0 0.79541015625 0.24951171875 0.0478515625 0.1142578125
0 0.57666015625 0.4228515625 0.0869140625 0.08203125
0 0.857421875 0.66943359375 0.048828125 0.0576171875
0 0.02978515625 0.44970703125 0.0595703125 0.0439453125
