0 0.87353515625 0.01220703125 0.0869140625 0.0244140625
0 0.939453125 0.0478515625 0.099609375 0.076171875
0 0.65234375 0.04736328125 0.072265625 0.0947265625
0 0.732421875 0.0556640625 0.083984375 0.07421875
0 0.65185546875 0.14208984375 0.0869140625 0.0654296875
0 0.09375 0.0703125 0.0703125 0.111328125
0 0.208984375 0.18115234375 0.111328125 0.0673828125
0 0.0888671875 0.23388671875 0.0859375 0.0634765625
0 0.35791015625 0.375 0.1181640625 0.103515625
0 0.291015625 0.46240234375 0.099609375 0.0751953125
0 0.51806640625 0.4921875 0.1337890625 0.103515625
0 0.4716796875 0.615234375 0.1015625 0.087890625
0 0.2099609375 0.67431640625 0.125 0.0634765625
0 0.05419921875 0.70166015625 0.1083984375 0.0810546875
0 0.32958984375 0.88818359375 0.1240234375 0.0712890625
0 0.48974609375 0.85693359375 0.1494140625 0.0810546875
0 0.6650390625 0.6318359375 0.150390625 0.09375
0 0.83251953125 0.6962890625 0.0849609375 0.076171875
0 0.95361328125 0.701171875 0.0927734375 0.142578125
0 0.87158203125 0.42578125 0.0869140625 0.083984375
0 0.76123046875 0.330078125 0.0751953125 0.056640625
0 0.63232421875 0.2890625 0.1005859375 0.076171875
0 0.5234375 0.22705078125 0.091796875 0.0751953125
0 0.5517578125 0.14794921875 0.08984375 0.0693359375
0 0.92822265625 0.20263671875 0.0908203125 0.0712890625
0 0.8388671875 0.197265625 0.07421875 0.064453125
0 0.8212890625 0.9765625 0.150390625 0.046875
0 0.2060546875 0.97900390625 0.13671875 0.0419921875
0 0.208984375 0.939453125 0.08984375 0.052734375
0 0.42138671875 0.5830078125 0.1103515625 0.07421875
