0 0.470703125 0.068359375 0.111328125 0.125
0 0.36962890625 0.02294921875 0.0595703125 0.0458984375
0 0.87255859375 0.03271484375 0.0732421875 0.0654296875
0 0.9853515625 0.1650390625 0.029296875 0.080078125
0 0.771484375 0.1640625 0.0703125 0.0703125
0 0.7021484375 0.26611328125 0.11328125 0.0791015625
0 0.61376953125 0.26220703125 0.0908203125 0.0751953125
0 0.2353515625 0.2119140625 0.109375 0.1171875
0 0.07861328125 0.17333984375 0.1044921875 0.0556640625
0 0.9658203125 0.42529296875 0.068359375 0.0791015625
0 0.83837890625 0.33056640625 0.0771484375 0.0888671875
0 0.64501953125 0.36572265625 0.0712890625 0.0791015625
0 0.513671875 0.38916015625 0.0859375 0.1025390625
0 0.412109375 0.37158203125 0.109375 0.0712890625
0 0.1474609375 0.330078125 0.068359375 0.080078125
0 0.2333984375 0.44970703125 0.08203125 0.0771484375
0 0.03515625 0.4365234375 0.0703125 0.083984375
0 0.10693359375 0.51416015625 0.0771484375 0.0751953125
0 0.07470703125 0.607421875 0.1083984375 0.083984375
0 0.05615234375 0.69482421875 0.0556640625 0.0947265625
0 0.18603515625 0.64892578125 0.0654296875 0.0830078125
0 0.34716796875 0.53271484375 0.0498046875 0.0751953125
0 0.37841796875 0.6484375 0.0654296875 0.07421875
0 0.39599609375 0.73974609375 0.0908203125 0.0810546875
0 0.2822265625 0.81982421875 0.107421875 0.0712890625
0 0.1484375 0.92626953125 0.1171875 0.0693359375
0 0.04833984375 0.8994140625 0.0673828125 0.0625
0 0.70703125 0.740234375 0.076171875 0.123046875
0 0.6396484375 0.634765625 0.083984375 0.1015625
0 0.76416015625 0.5517578125 0.0830078125 0.095703125
0 0.78466796875 0.43994140625 0.0751953125 0.0927734375
0 0.61474609375 0.44091796875 0.0537109375 0.0556640625
0 0.55810546875 0.51318359375 0.0673828125 0.0615234375
0 0.9677734375 0.64404296875 0.064453125 0.0966796875
0 0.85693359375 0.94775390625 0.0732421875 0.0693359375
0 0.2783203125 0.32275390625 0.0703125 0.0615234375
0 0.02734375 0.30615234375 0.0546875 0.0693359375
0 0.0263671875 0.82177734375 0.052734375 0.0673828125
0 0.65673828125 0.97509765625 0.1103515625 0.0498046875
0 0.9072265625 0.525390625 0.05078125 0.068359375
