0 0.06689453125 0.4189453125 0.1337890625 0.0703125
0 0.505859375 0.4189453125 0.07421875 0.08203125
0 0.58837890625 0.47900390625 0.0732421875 0.0791015625
0 0.82177734375 0.50537109375 0.1279296875 0.0673828125
0 0.83251953125 0.4345703125 0.1064453125 0.083984375
0 0.72412109375 0.42578125 0.1083984375 0.0625
0 0.611328125 0.3828125 0.083984375 0.076171875
0 0.744140625 0.3115234375 0.0625 0.0625
0 0.80615234375 0.189453125 0.1298828125 0.0859375
0 0.67236328125 0.1318359375 0.0986328125 0.072265625
0 0.57275390625 0.12109375 0.1240234375 0.08203125
0 0.38525390625 0.22216796875 0.1396484375 0.1083984375
0 0.5908203125 0.2451171875 0.087890625 0.064453125
0 0.5029296875 0.20947265625 0.091796875 0.0830078125
0 0.49853515625 0.29296875 0.0908203125 0.083984375
0 0.44921875 0.376953125 0.0859375 0.064453125
0 0.96142578125 0.0400390625 0.0771484375 0.080078125
0 0.8466796875 0.0283203125 0.05859375 0.056640625
0 0.9638671875 0.87890625 0.072265625 0.072265625
0 0.7421875 0.841796875 0.115234375 0.06640625
0 0.67236328125 0.96826171875 0.0888671875 0.0634765625
0 0.49365234375 0.91259765625 0.0908203125 0.0791015625
0 0.3701171875 0.9287109375 0.17578125 0.142578125
0 0.49755859375 0.65966796875 0.1474609375 0.1416015625
0 0.3115234375 0.74365234375 0.146484375 0.0400390625
0 0.07958984375 0.7236328125 0.0810546875 0.072265625
0 0.24267578125 0.81982421875 0.1865234375 0.1162109375
0 0.07373046875 0.85009765625 0.1416015625 0.0556640625
0 0.6728515625 0.3310546875 0.08203125 0.056640625
0 0.86328125 0.6767578125 0.119140625 0.1171875
0 0.87890625 0.9404296875 0.123046875 0.119140625
