0 0.11474609375 0.38427734375 0.0673828125 0.1318359375
0 0.50732421875 0.43212890625 0.0615234375 0.1181640625
0 0.93994140625 0.771484375 0.0517578125 0.080078125
0 0.7529296875 0.15966796875 0.056640625 0.1279296875
0 0.9375 0.53955078125 0.0546875 0.1064453125
0 0.44140625 0.68798828125 0.10546875 0.0693359375
0 0.0146484375 0.68994140625 0.029296875 0.1064453125
0 0.787109375 0.935546875 0.05859375 0.07421875
0 0.85205078125 0.83447265625 0.0869140625 0.0654296875
0 0.72607421875 0.04052734375 0.0478515625 0.0810546875
0 0.92041015625 0.11962890625 0.0888671875 0.1123046875
0 0.8037109375 0.0869140625 0.1015625 0.083984375
0 0.5263671875 0.7998046875 0.130859375 0.087890625
0 0.162109375 0.8349609375 0.052734375 0.060546875
0 0.06787109375 0.70654296875 0.0283203125 0.1455078125
0 0.83984375 0.75634765625 0.052734375 0.1162109375
0 0.88671875 0.93603515625 0.02734375 0.0712890625
0 0.97314453125 0.53515625 0.0537109375 0.080078125
0 0.1357421875 0.7802734375 0.025390625 0.09765625
0 0.64208984375 0.49658203125 0.1142578125 0.1123046875
0 0.29736328125 0.794921875 0.0673828125 0.142578125
0 0.052734375 0.50244140625 0.03515625 0.0654296875
0 0.14599609375 0.67626953125 0.0966796875 0.1572265625
0 0.45751953125 0.52490234375 0.0869140625 0.0751953125
0 0.39599609375 0.74658203125 0.0947265625 0.0869140625
0 0.97509765625 0.59716796875 0.0498046875 0.0732421875
0 0.9755859375 0.16357421875 0.048828125 0.0322265625
0 0.92626953125 0.60400390625 0.0693359375 0.0283203125
0 0.26220703125 0.73486328125 0.0927734375 0.0224609375
0 0.6943359375 0.25830078125 0.04296875 0.0341796875
0 0.83056640625 0.62841796875 0.0517578125 0.0576171875
0 0.03564453125 0.08740234375 0.0712890625 0.0341796875
0 0.505859375 0.6015625 0.05859375 0.05859375
0 0.34033203125 0.51025390625 0.0673828125 0.0673828125
0 0.2265625 0.41357421875 0.046875 0.0302734375
0 0.58349609375 0.3798828125 0.0634765625 0.15625
0 0.32421875 0.34619140625 0.08203125 0.1435546875
0 0.4111328125 0.60205078125 0.12109375 0.0556640625
0 0.5126953125 0.9189453125 0.080078125 0.02734375
0 0.626953125 0.01708984375 0.03125 0.0341796875
0 0.71142578125 0.77587890625 0.0400390625 0.0654296875
0 0.21240234375 0.29150390625 0.0732421875 0.0185546875
0 0.42724609375 0.28955078125 0.0693359375 0.0517578125
0 0.466796875 0.3203125 0.046875 0.03125
0 0.58349609375 0.01708984375 0.0244140625 0.0341796875
0 0.77490234375 0.3828125 0.0283203125 0.060546875
0 0.54052734375 0.56103515625 0.0712890625 0.0419921875
0 0.75390625 0.76171875 0.044921875 0.0546875
0 0.45751953125 0.64111328125 0.0732421875 0.0263671875
0 0.326171875 0.56982421875 0.173828125 0.0361328125
0 0.291015625 0.9326171875 0.173828125 0.08984375
0 0.88720703125 0.6767578125 0.0322265625 0.05859375
0 0.498046875 0.515625 0.072265625 0.0625
0 0.89453125 0.794921875 0.068359375 0.05859375
0 0.93798828125 0.65869140625 0.0498046875 0.0400390625
0 0.13623046875 0.01123046875 0.1220703125 0.0224609375
0 0.47509765625 0.01123046875 0.1318359375 0.0224609375
0 0.95654296875 0.01904296875 0.0419921875 0.0380859375
0 0.98779296875 0.02294921875 0.0244140625 0.0458984375
0 0.78173828125 0.01171875 0.0693359375 0.0234375
0 0.5126953125 0.6259765625 0.107421875 0.033203125
0 0.19287109375 0.6015625 0.0498046875 0.05859375
0 0.849609375 0.982421875 0.080078125 0.03515625
