0 0.3681640625 0.19189453125 0.080078125 0.1083984375
0 0.37890625 0.2978515625 0.0859375 0.068359375
0 0.501953125 0.32568359375 0.07421875 0.0654296875
0 0.42529296875 0.49755859375 0.0771484375 0.0732421875
0 0.5224609375 0.67529296875 0.052734375 0.0576171875
0 0.51416015625 0.74072265625 0.0712890625 0.0712890625
0 0.4521484375 0.841796875 0.080078125 0.064453125
0 0.43212890625 0.9267578125 0.1123046875 0.099609375
0 0.57958984375 0.9765625 0.0849609375 0.046875
0 0.7822265625 0.9755859375 0.06640625 0.048828125
0 0.95556640625 0.939453125 0.0595703125 0.0546875
0 0.775390625 0.93994140625 0.05859375 0.0556640625
0 0.7861328125 0.8349609375 0.080078125 0.060546875
0 0.7783203125 0.7060546875 0.0859375 0.091796875
0 0.91943359375 0.45751953125 0.1533203125 0.0986328125
0 0.833984375 0.3349609375 0.076171875 0.080078125
0 0.9130859375 0.25146484375 0.0859375 0.0830078125
0 0.69580078125 0.20263671875 0.1005859375 0.0673828125
