0 0.03662109375 0.10009765625 0.0732421875 0.1044921875
0 0.08349609375 0.36865234375 0.0888671875 0.0869140625
0 0.16357421875 0.29052734375 0.0634765625 0.1123046875
0 0.1962890625 0.18115234375 0.0703125 0.0634765625
0 0.26318359375 0.18115234375 0.0732421875 0.0927734375
0 0.03955078125 0.48193359375 0.0673828125 0.1025390625
0 0.2021484375 0.546875 0.06640625 0.095703125
0 0.2451171875 0.607421875 0.080078125 0.09375
0 0.1435546875 0.630859375 0.072265625 0.087890625
0 0.05224609375 0.62548828125 0.0810546875 0.0615234375
0 0.11279296875 0.8896484375 0.0673828125 0.078125
0 0.20068359375 0.9296875 0.0771484375 0.06640625
0 0.244140625 0.88671875 0.07421875 0.080078125
0 0.85205078125 0.9609375 0.0751953125 0.072265625
0 0.78857421875 0.97119140625 0.0634765625 0.0576171875
0 0.74853515625 0.87255859375 0.0849609375 0.0810546875
0 0.7275390625 0.80419921875 0.083984375 0.0634765625
0 0.58203125 0.85400390625 0.091796875 0.0732421875
0 0.6416015625 0.748046875 0.0859375 0.09765625
0 0.56640625 0.7216796875 0.07421875 0.0703125
0 0.77734375 0.68408203125 0.078125 0.0791015625
0 0.50439453125 0.63720703125 0.1396484375 0.0908203125
0 0.900390625 0.63525390625 0.078125 0.0791015625
0 0.95068359375 0.5830078125 0.0712890625 0.138671875
0 0.8779296875 0.548828125 0.078125 0.12109375
0 0.8955078125 0.4716796875 0.076171875 0.072265625
0 0.708984375 0.466796875 0.083984375 0.119140625
0 0.6669921875 0.41455078125 0.078125 0.0673828125
0 0.7001953125 0.3642578125 0.07421875 0.076171875
0 0.8134765625 0.38818359375 0.068359375 0.0751953125
0 0.7890625 0.3271484375 0.05859375 0.06640625
0 0.5732421875 0.27490234375 0.0859375 0.0986328125
0 0.61083984375 0.20458984375 0.0615234375 0.0673828125
0 0.69580078125 0.17431640625 0.1083984375 0.0576171875
0 0.4833984375 0.34814453125 0.064453125 0.0595703125
0 0.4111328125 0.345703125 0.080078125 0.07421875
0 0.376953125 0.31298828125 0.07421875 0.0673828125
0 0.85546875 0.2021484375 0.0703125 0.080078125
0 0.935546875 0.25732421875 0.076171875 0.0673828125
0 0.95849609375 0.3486328125 0.0595703125 0.0625
0 0.9794921875 0.400390625 0.041015625 0.05859375
0 0.69775390625 0.23486328125 0.0751953125 0.0693359375
0 0.5830078125 0.0302734375 0.072265625 0.0546875
0 0.37646484375 0.9658203125 0.0654296875 0.068359375
0 0.38720703125 0.7646484375 0.0615234375 0.052734375
0 0.34326171875 0.236328125 0.0595703125 0.064453125
0 0.25537109375 0.39404296875 0.0595703125 0.0673828125
0 0.2392578125 0.11767578125 0.083984375 0.0712890625
0 0.7587890625 0.9541015625 0.0625 0.0625
0 0.8740234375 0.0205078125 0.09765625 0.041015625
0 0.431640625 0.9755859375 0.0625 0.048828125
0 0.6748046875 0.0234375 0.0546875 0.046875
0 0.9765625 0.01513671875 0.044921875 0.0283203125
0 0.98291015625 0.24365234375 0.0341796875 0.0966796875
0 0.91796875 0.34326171875 0.044921875 0.0498046875
0 0.64306640625 0.23388671875 0.0537109375 0.0771484375
0 0.509765625 0.0166015625 0.080078125 0.033203125
0 0.75341796875 0.35009765625 0.0654296875 0.0595703125
0 0.51318359375 0.8828125 0.0556640625 0.048828125
0 0.37548828125 0.88134765625 0.0712890625 0.0419921875
0 0.33935546875 0.92724609375 0.0458984375 0.0517578125
0 0.3310546875 0.98876953125 0.044921875 0.0224609375
0 0.986328125 0.35009765625 0.02734375 0.0322265625
