0 0.05615234375 0.373046875 0.0771484375 0.078125
0 0.07275390625 0.31103515625 0.0810546875 0.0693359375
0 0.1728515625 0.32958984375 0.083984375 0.0927734375
0 0.265625 0.38232421875 0.080078125 0.1181640625
0 0.1640625 0.14697265625 0.14453125 0.0849609375
0 0.02392578125 0.24169921875 0.0478515625 0.0693359375
0 0.779296875 0.10986328125 0.10546875 0.0771484375
0 0.69775390625 0.19873046875 0.0830078125 0.0771484375
0 0.45556640625 0.103515625 0.0888671875 0.0703125
0 0.85107421875 0.26416015625 0.0849609375 0.0673828125
0 0.76123046875 0.26953125 0.0732421875 0.044921875
0 0.958984375 0.306640625 0.08203125 0.072265625
0 0.71630859375 0.4873046875 0.0986328125 0.0703125
0 0.95068359375 0.44140625 0.0986328125 0.06640625
0 0.51171875 0.33544921875 0.09765625 0.0634765625
0 0.501953125 0.50634765625 0.109375 0.0947265625
0 0.61376953125 0.49560546875 0.0908203125 0.0576171875
0 0.58935546875 0.59912109375 0.0771484375 0.0732421875
0 0.45556640625 0.62353515625 0.0888671875 0.0966796875
0 0.900390625 0.7080078125 0.095703125 0.080078125
0 0.2890625 0.58544921875 0.076171875 0.0634765625
0 0.07470703125 0.5908203125 0.1220703125 0.080078125
0 0.19287109375 0.642578125 0.0439453125 0.05078125
0 0.25146484375 0.6875 0.1005859375 0.08203125
0 0.1025390625 0.73193359375 0.06640625 0.0615234375
0 0.33203125 0.84130859375 0.14453125 0.0908203125
0 0.7421875 0.89208984375 0.111328125 0.0908203125
0 0.8671875 0.92236328125 0.10546875 0.0595703125
0 0.87841796875 0.857421875 0.0947265625 0.05859375
0 0.13427734375 0.86669921875 0.0810546875 0.0830078125
0 0.21240234375 0.8837890625 0.1044921875 0.109375
0 0.23876953125 0.96484375 0.1044921875 0.0703125
0 0.68115234375 0.73095703125 0.1025390625 0.0830078125
