0 0.82275390625 0.88134765625 0.1259765625 0.0927734375
0 0.13134765625 0.52294921875 0.1494140625 0.1416015625
0 0.94140625 0.67822265625 0.115234375 0.0947265625
0 0.2177734375 0.56884765625 0.0859375 0.1396484375
0 0.88427734375 0.85400390625 0.1416015625 0.0966796875
0 0.544921875 0.515625 0.240234375 0.142578125
0 0.64794921875 0.423828125 0.2451171875 0.296875
0 0.46044921875 0.73193359375 0.1962890625 0.2294921875
0 0.451171875 0.3046875 0.232421875 0.123046875
0 0.0830078125 0.0634765625 0.12109375 0.126953125
0 0.0185546875 0.26953125 0.037109375 0.068359375
0 0.77197265625 0.01025390625 0.0380859375 0.0205078125
