0 0.12744140625 0.04443359375 0.0869140625 0.0654296875
0 0.03515625 0.02880859375 0.0703125 0.0576171875
0 0.07763671875 0.11083984375 0.0751953125 0.0908203125
0 0.25634765625 0.017578125 0.0634765625 0.03515625
0 0.013671875 0.5185546875 0.02734375 0.109375
0 0.119140625 0.45703125 0.060546875 0.056640625
0 0.1796875 0.4423828125 0.0625 0.091796875
0 0.23974609375 0.4677734375 0.0673828125 0.064453125
0 0.2861328125 0.39599609375 0.083984375 0.0654296875
0 0.197265625 0.26904296875 0.068359375 0.0615234375
0 0.32177734375 0.28955078125 0.0869140625 0.1025390625
0 0.18212890625 0.59814453125 0.0673828125 0.0693359375
0 0.12646484375 0.6123046875 0.0537109375 0.068359375
0 0.09765625 0.77734375 0.103515625 0.15625
0 0.10693359375 0.9580078125 0.0986328125 0.05859375
0 0.0810546875 0.98193359375 0.0703125 0.0361328125
0 0.18310546875 0.93701171875 0.0615234375 0.0673828125
0 0.23583984375 0.9619140625 0.0556640625 0.05859375
0 0.24365234375 0.8837890625 0.0712890625 0.056640625
0 0.46044921875 0.734375 0.1103515625 0.1328125
0 0.51318359375 0.71044921875 0.0654296875 0.1025390625
0 0.56591796875 0.76953125 0.0751953125 0.228515625
0 0.66015625 0.75341796875 0.056640625 0.0751953125
0 0.671875 0.7021484375 0.05859375 0.078125
0 0.73828125 0.70947265625 0.072265625 0.1083984375
0 0.73828125 0.81494140625 0.130859375 0.1298828125
0 0.80078125 0.85302734375 0.052734375 0.1259765625
0 0.82470703125 0.71435546875 0.0556640625 0.0537109375
0 0.84619140625 0.775390625 0.0595703125 0.076171875
0 0.8642578125 0.93603515625 0.091796875 0.1279296875
0 0.80859375 0.63818359375 0.0625 0.0654296875
0 0.69921875 0.59033203125 0.08203125 0.0791015625
0 0.74609375 0.625 0.056640625 0.087890625
0 0.76318359375 0.505859375 0.0595703125 0.0625
0 0.8466796875 0.4580078125 0.1171875 0.064453125
0 0.6044921875 0.4521484375 0.068359375 0.0859375
0 0.43505859375 0.4853515625 0.1201171875 0.064453125
0 0.49560546875 0.47216796875 0.0693359375 0.0517578125
0 0.36083984375 0.5126953125 0.0810546875 0.0625
0 0.3720703125 0.66943359375 0.095703125 0.1259765625
0 0.478515625 0.5322265625 0.0859375 0.04296875
0 0.466796875 0.58154296875 0.068359375 0.0693359375
0 0.4169921875 0.591796875 0.03125 0.048828125
0 0.4443359375 0.6328125 0.1015625 0.060546875
0 0.52490234375 0.58056640625 0.0595703125 0.0556640625
0 0.5791015625 0.56689453125 0.052734375 0.0595703125
0 0.8232421875 0.298828125 0.09375 0.080078125
0 0.86962890625 0.2373046875 0.0771484375 0.08203125
0 0.68701171875 0.10107421875 0.0634765625 0.0693359375
0 0.56396484375 0.09814453125 0.0966796875 0.0888671875
0 0.3896484375 0.04052734375 0.126953125 0.0810546875
0 0.638671875 0.02001953125 0.12109375 0.0400390625
0 0.533203125 0.021484375 0.07421875 0.04296875
0 0.607421875 0.15380859375 0.048828125 0.0498046875
0 0.65380859375 0.486328125 0.0517578125 0.056640625
0 0.76025390625 0.98291015625 0.0517578125 0.0341796875
0 0.18017578125 0.67822265625 0.0654296875 0.0537109375
0 0.58935546875 0.828125 0.0927734375 0.1796875
0 0.54443359375 0.7958984375 0.0673828125 0.146484375
0 0.35693359375 0.6455078125 0.0966796875 0.12890625
0 0.08984375 0.03759765625 0.083984375 0.0751953125
