0 0.16357421875 0.1044921875 0.0771484375 0.208984375
0 0.27294921875 0.068359375 0.0771484375 0.13671875
0 0.10791015625 0.22021484375 0.0947265625 0.1025390625
0 0.10546875 0.28173828125 0.1875 0.0732421875
0 0.12939453125 0.33740234375 0.0908203125 0.0693359375
0 0.2900390625 0.3193359375 0.07421875 0.08984375
0 0.04443359375 0.51708984375 0.0791015625 0.0615234375
0 0.11669921875 0.52978515625 0.0537109375 0.0771484375
0 0.44482421875 0.27734375 0.1572265625 0.248046875
0 0.56396484375 0.4462890625 0.0693359375 0.103515625
0 0.45751953125 0.6259765625 0.2021484375 0.189453125
0 0.31396484375 0.6875 0.1064453125 0.099609375
0 0.1240234375 0.865234375 0.09375 0.23046875
0 0.8251953125 0.83203125 0.15625 0.2109375
0 0.81005859375 0.14306640625 0.1123046875 0.1611328125
0 0.9345703125 0.1474609375 0.072265625 0.107421875
0 0.8515625 0.03955078125 0.083984375 0.0791015625
0 0.025390625 0.3349609375 0.048828125 0.173828125
0 0.93017578125 0.03271484375 0.0400390625 0.0634765625
