0 0.7421875 0.03857421875 0.060546875 0.0771484375
0 0.85498046875 0.205078125 0.0478515625 0.076171875
0 0.921875 0.21240234375 0.068359375 0.0595703125
0 0.8994140625 0.27490234375 0.08203125 0.0615234375
0 0.87646484375 0.3720703125 0.0830078125 0.07421875
0 0.80859375 0.29443359375 0.046875 0.0595703125
0 0.771484375 0.30615234375 0.041015625 0.0673828125
0 0.70947265625 0.20947265625 0.0888671875 0.1650390625
0 0.708984375 0.3125 0.048828125 0.0546875
0 0.642578125 0.20068359375 0.044921875 0.0810546875
0 0.60693359375 0.25 0.0615234375 0.048828125
0 0.916015625 0.01220703125 0.048828125 0.0244140625
0 0.90673828125 0.79541015625 0.0751953125 0.0791015625
0 0.98095703125 0.69189453125 0.0380859375 0.0634765625
0 0.9140625 0.69091796875 0.0625 0.0693359375
0 0.8603515625 0.64794921875 0.080078125 0.0654296875
0 0.7431640625 0.56689453125 0.0546875 0.0400390625
0 0.681640625 0.54638671875 0.056640625 0.0517578125
0 0.70361328125 0.4794921875 0.0458984375 0.052734375
0 0.6455078125 0.48291015625 0.0390625 0.0537109375
0 0.59814453125 0.52978515625 0.0576171875 0.0615234375
0 0.5302734375 0.49951171875 0.078125 0.0712890625
0 0.58056640625 0.3857421875 0.0869140625 0.06640625
0 0.55322265625 0.30419921875 0.0537109375 0.0458984375
0 0.4169921875 0.16650390625 0.068359375 0.0771484375
0 0.33642578125 0.18896484375 0.0615234375 0.0576171875
0 0.33837890625 0.29296875 0.0810546875 0.060546875
0 0.19580078125 0.2080078125 0.0810546875 0.068359375
0 0.21728515625 0.123046875 0.0634765625 0.046875
0 0.0400390625 0.076171875 0.080078125 0.08984375
0 0.53759765625 0.80859375 0.0498046875 0.05859375
0 0.47998046875 0.744140625 0.0693359375 0.05078125
0 0.38916015625 0.80126953125 0.0693359375 0.0615234375
0 0.6357421875 0.9462890625 0.068359375 0.056640625
0 0.798828125 0.97802734375 0.08203125 0.0439453125
0 0.8173828125 0.93505859375 0.08203125 0.0478515625
0 0.798828125 0.82421875 0.068359375 0.0703125
0 0.62255859375 0.7041015625 0.0986328125 0.072265625
0 0.61376953125 0.76416015625 0.0908203125 0.0595703125
0 0.1171875 0.9619140625 0.095703125 0.0625
0 0.044921875 0.8037109375 0.08984375 0.048828125
0 0.03662109375 0.72802734375 0.0732421875 0.0595703125
0 0.09033203125 0.6640625 0.0947265625 0.064453125
0 0.19287109375 0.5458984375 0.0517578125 0.091796875
0 0.26904296875 0.50439453125 0.0810546875 0.0849609375
0 0.3427734375 0.46728515625 0.08203125 0.0654296875
0 0.4130859375 0.455078125 0.0625 0.05859375
0 0.3896484375 0.3974609375 0.064453125 0.05859375
0 0.32080078125 0.349609375 0.0654296875 0.05078125
0 0.29833984375 0.3681640625 0.0654296875 0.05078125
0 0.171875 0.357421875 0.05078125 0.060546875
0 0.150390625 0.4501953125 0.06640625 0.056640625
0 0.10693359375 0.2958984375 0.0791015625 0.05859375
0 0.4619140625 0.05126953125 0.01953125 0.0263671875
0 0.23876953125 0.24072265625 0.0400390625 0.0380859375
0 0.22119140625 0.19580078125 0.0322265625 0.0576171875
0 0.265625 0.39697265625 0.048828125 0.0341796875
0 0.3525390625 0.41650390625 0.037109375 0.0380859375
0 0.4365234375 0.37744140625 0.05859375 0.0693359375
0 0.3017578125 0.7734375 0.037109375 0.041015625
0 0.2734375 0.7216796875 0.0859375 0.05859375
0 0.01953125 0.2939453125 0.0390625 0.076171875
0 0.85693359375 0.55322265625 0.0458984375 0.0498046875
0 0.87890625 0.45458984375 0.068359375 0.0576171875
0 0.92578125 0.45263671875 0.08203125 0.0947265625
0 0.33935546875 0.55859375 0.0380859375 0.03125
