0 0.05615234375 0.52978515625 0.0712890625 0.0634765625
0 0.2392578125 0.166015625 0.09375 0.087890625
0 0.32373046875 0.1796875 0.0751953125 0.087890625
0 0.4453125 0.2138671875 0.125 0.09375
0 0.41943359375 0.291015625 0.0888671875 0.0625
0 0.501953125 0.1083984375 0.103515625 0.083984375
0 0.521484375 0.93994140625 0.115234375 0.1201171875
0 0.513671875 0.705078125 0.0703125 0.10546875
0 0.4912109375 0.61328125 0.119140625 0.119140625
0 0.44384765625 0.66455078125 0.0615234375 0.0869140625
0 0.68408203125 0.765625 0.0927734375 0.068359375
0 0.5693359375 0.7841796875 0.078125 0.068359375
0 0.775390625 0.7265625 0.083984375 0.0859375
0 0.7861328125 0.58203125 0.09765625 0.11328125
0 0.8935546875 0.974609375 0.09375 0.05078125
0 0.96435546875 0.6923828125 0.0712890625 0.11328125
0 0.80419921875 0.18505859375 0.0517578125 0.0751953125
0 0.83935546875 0.2197265625 0.0712890625 0.068359375
0 0.896484375 0.2666015625 0.068359375 0.0859375
0 0.87255859375 0.0986328125 0.0732421875 0.142578125
0 0.7294921875 0.63671875 0.0546875 0.083984375
