0 0.66943359375 0.6181640625 0.1103515625 0.078125
0 0.8935546875 0.759765625 0.134765625 0.087890625
0 0.07373046875 0.8916015625 0.0732421875 0.107421875
0 0.8095703125 0.94091796875 0.08984375 0.0771484375
0 0.0283203125 0.6220703125 0.056640625 0.099609375
0 0.7119140625 0.5380859375 0.095703125 0.087890625
0 0.7841796875 0.42529296875 0.115234375 0.1123046875
0 0.90966796875 0.56201171875 0.1005859375 0.0693359375
0 0.90576171875 0.2236328125 0.1025390625 0.107421875
0 0.62451171875 0.1396484375 0.0693359375 0.125
0 0.77978515625 0.5810546875 0.0654296875 0.0625
0 0.4677734375 0.05224609375 0.046875 0.1044921875
0 0.689453125 0.2724609375 0.080078125 0.125
0 0.75830078125 0.2255859375 0.0830078125 0.1328125
0 0.76318359375 0.328125 0.0869140625 0.126953125
0 0.6181640625 0.03857421875 0.0546875 0.0771484375
0 0.89697265625 0.4638671875 0.1357421875 0.083984375
0 0.91259765625 0.8740234375 0.1005859375 0.048828125
0 0.955078125 0.8095703125 0.087890625 0.080078125
0 0.78271484375 0.712890625 0.0556640625 0.142578125
0 0.80615234375 0.2255859375 0.1123046875 0.1328125
0 0.796875 0.0634765625 0.0703125 0.123046875
0 0.93603515625 0.06787109375 0.1220703125 0.1357421875
0 0.7080078125 0.13427734375 0.08203125 0.1259765625
0 0.95361328125 0.42041015625 0.0927734375 0.0693359375
0 0.96728515625 0.095703125 0.0634765625 0.109375
0 0.73876953125 0.0400390625 0.0439453125 0.072265625
