0 0.50927734375 0.9775390625 0.0615234375 0.044921875
0 0.5673828125 0.95947265625 0.052734375 0.0654296875
0 0.634765625 0.966796875 0.068359375 0.056640625
0 0.8134765625 0.9873046875 0.0703125 0.025390625
0 0.90087890625 0.96875 0.0771484375 0.0625
0 0.810546875 0.8583984375 0.08203125 0.068359375
0 0.728515625 0.80029296875 0.05859375 0.0947265625
0 0.80859375 0.75146484375 0.0625 0.0771484375
0 0.50341796875 0.69970703125 0.0791015625 0.0712890625
0 0.69775390625 0.6748046875 0.0966796875 0.115234375
0 0.6123046875 0.62939453125 0.126953125 0.0869140625
0 0.4326171875 0.60498046875 0.068359375 0.0712890625
0 0.27001953125 0.73681640625 0.0791015625 0.0595703125
0 0.12158203125 0.73681640625 0.1025390625 0.0908203125
0 0.06591796875 0.69384765625 0.0830078125 0.0771484375
0 0.033203125 0.65234375 0.06640625 0.076171875
0 0.2998046875 0.54345703125 0.076171875 0.0791015625
0 0.30126953125 0.4560546875 0.0791015625 0.076171875
0 0.23046875 0.44384765625 0.056640625 0.0712890625
0 0.39794921875 0.45556640625 0.0712890625 0.0693359375
0 0.47607421875 0.33251953125 0.0771484375 0.0712890625
0 0.3154296875 0.30615234375 0.07421875 0.0654296875
0 0.02001953125 0.3076171875 0.0400390625 0.091796875
0 0.14111328125 0.44482421875 0.0556640625 0.0654296875
0 0.59033203125 0.310546875 0.0712890625 0.0859375
0 0.63232421875 0.4140625 0.0888671875 0.078125
0 0.75927734375 0.44091796875 0.0634765625 0.1044921875
0 0.677734375 0.48095703125 0.080078125 0.0615234375
0 0.70703125 0.55615234375 0.087890625 0.1181640625
0 0.8232421875 0.43310546875 0.072265625 0.0654296875
0 0.9462890625 0.49658203125 0.0625 0.0771484375
0 0.89404296875 0.6259765625 0.0595703125 0.078125
0 0.85986328125 0.2939453125 0.1396484375 0.068359375
0 0.68896484375 0.3515625 0.0556640625 0.078125
0 0.14306640625 0.173828125 0.1005859375 0.080078125
0 0.2255859375 0.17578125 0.068359375 0.068359375
0 0.45947265625 0.1669921875 0.0947265625 0.07421875
0 0.35986328125 0.1005859375 0.0888671875 0.0625
0 0.54150390625 0.05126953125 0.0908203125 0.0927734375
0 0.64013671875 0.1337890625 0.0732421875 0.0625
0 0.54736328125 0.17626953125 0.0869140625 0.0849609375
0 0.57177734375 0.216796875 0.0654296875 0.0625
0 0.892578125 0.07177734375 0.0625 0.0791015625
0 0.94775390625 0.11376953125 0.0771484375 0.0654296875
0 0.81689453125 0.08154296875 0.0615234375 0.0771484375
0 0.591796875 0.1103515625 0.083984375 0.07421875
0 0.44091796875 0.42578125 0.0830078125 0.064453125
0 0.9873046875 0.6259765625 0.025390625 0.048828125
0 0.23681640625 0.8603515625 0.0732421875 0.09375
0 0.9853515625 0.9541015625 0.029296875 0.072265625
0 0.71923828125 0.30859375 0.0478515625 0.048828125
0 0.40234375 0.28857421875 0.07421875 0.0517578125
