0 0.97607421875 0.4208984375 0.0478515625 0.08203125
0 0.6455078125 0.58203125 0.072265625 0.095703125
0 0.34912109375 0.97119140625 0.0849609375 0.0576171875
0 0.908203125 0.6083984375 0.123046875 0.09765625
0 0.52587890625 0.75439453125 0.0732421875 0.0654296875
0 0.3134765625 0.9033203125 0.087890625 0.091796875
0 0.451171875 0.724609375 0.0625 0.05078125
0 0.62841796875 0.73583984375 0.0576171875 0.0966796875
0 0.36572265625 0.8359375 0.0869140625 0.0625
0 0.45849609375 0.5234375 0.0771484375 0.09765625
0 0.61328125 0.3193359375 0.091796875 0.0703125
0 0.197265625 0.48095703125 0.10546875 0.0869140625
0 0.16357421875 0.671875 0.0673828125 0.08984375
0 0.75439453125 0.66455078125 0.0654296875 0.0498046875
0 0.51220703125 0.23974609375 0.0595703125 0.0849609375
0 0.69287109375 0.1220703125 0.0576171875 0.099609375
0 0.54296875 0.11083984375 0.072265625 0.1220703125
0 0.61376953125 0.14111328125 0.0595703125 0.0771484375
0 0.16943359375 0.255859375 0.1005859375 0.072265625
0 0.0380859375 0.4892578125 0.072265625 0.0703125
0 0.0947265625 0.68310546875 0.064453125 0.0673828125
0 0.49072265625 0.197265625 0.0576171875 0.099609375
0 0.01953125 0.1630859375 0.0390625 0.041015625
0 0.66015625 0.50390625 0.052734375 0.046875
0 0.2255859375 0.88818359375 0.060546875 0.0517578125
