0 0.16064453125 0.2138671875 0.1533203125 0.05859375
0 0.20751953125 0.34765625 0.0849609375 0.06640625
0 0.3330078125 0.26953125 0.09375 0.060546875
0 0.4169921875 0.39599609375 0.10546875 0.1787109375
0 0.51953125 0.3876953125 0.078125 0.126953125
0 0.61865234375 0.33984375 0.0439453125 0.072265625
0 0.67822265625 0.4140625 0.0478515625 0.08203125
0 0.71337890625 0.35791015625 0.0927734375 0.0869140625
0 0.78857421875 0.27001953125 0.1044921875 0.0888671875
0 0.75341796875 0.193359375 0.0517578125 0.0625
0 0.90625 0.21337890625 0.119140625 0.0693359375
0 0.921875 0.3251953125 0.076171875 0.072265625
0 0.908203125 0.4130859375 0.07421875 0.091796875
0 0.8837890625 0.4892578125 0.08984375 0.076171875
0 0.888671875 0.62646484375 0.1328125 0.0927734375
0 0.654296875 0.58349609375 0.078125 0.0830078125
0 0.3466796875 0.6142578125 0.09375 0.0859375
0 0.279296875 0.56396484375 0.130859375 0.0947265625
0 0.23388671875 0.4814453125 0.0654296875 0.0546875
0 0.0966796875 0.55224609375 0.080078125 0.0712890625
0 0.06884765625 0.60498046875 0.1142578125 0.0791015625
0 0.19287109375 0.72412109375 0.1162109375 0.0634765625
0 0.29638671875 0.76416015625 0.0595703125 0.0498046875
0 0.1552734375 0.8408203125 0.115234375 0.08203125
0 0.25146484375 0.8740234375 0.1044921875 0.1015625
0 0.3564453125 0.830078125 0.1328125 0.076171875
0 0.40771484375 0.90478515625 0.0810546875 0.0693359375
0 0.46533203125 0.8779296875 0.0751953125 0.06640625
0 0.703125 0.693359375 0.119140625 0.078125
0 0.87744140625 0.7451171875 0.1240234375 0.080078125
0 0.89599609375 0.04443359375 0.0927734375 0.0888671875
0 0.71875 0.1064453125 0.08203125 0.064453125
0 0.6591796875 0.15625 0.072265625 0.0546875
0 0.77880859375 0.0283203125 0.0849609375 0.0546875
0 0.71142578125 0.0263671875 0.0771484375 0.041015625
0 0.158203125 0.11328125 0.12890625 0.072265625
0 0.3330078125 0.0576171875 0.0703125 0.06640625
0 0.4296875 0.072265625 0.095703125 0.1171875
0 0.1650390625 0.044921875 0.1484375 0.078125
0 0.30859375 0.146484375 0.1328125 0.0703125
0 0.02978515625 0.22216796875 0.0595703125 0.0732421875
0 0.6689453125 0.873046875 0.095703125 0.109375
0 0.822265625 0.92138671875 0.158203125 0.0654296875
0 0.5712890625 0.96142578125 0.068359375 0.0771484375
0 0.49267578125 0.9609375 0.0517578125 0.078125
0 0.302734375 0.94482421875 0.08203125 0.0693359375
0 0.19970703125 0.96337890625 0.0751953125 0.0517578125
