0 0.21728515625 0.146484375 0.0537109375 0.0546875
0 0.10986328125 0.2109375 0.0791015625 0.046875
0 0.099609375 0.26123046875 0.09375 0.0400390625
0 0.181640625 0.27880859375 0.103515625 0.0380859375
0 0.05517578125 0.375 0.1103515625 0.078125
0 0.24072265625 0.345703125 0.1123046875 0.044921875
0 0.310546875 0.3662109375 0.0546875 0.04296875
0 0.37548828125 0.30029296875 0.1025390625 0.0517578125
0 0.42578125 0.2431640625 0.095703125 0.0390625
0 0.28955078125 0.1826171875 0.0947265625 0.06640625
0 0.400390625 0.12451171875 0.11328125 0.0439453125
0 0.50830078125 0.15380859375 0.0380859375 0.0283203125
0 0.564453125 0.2421875 0.134765625 0.041015625
0 0.625 0.26171875 0.041015625 0.04296875
0 0.44580078125 0.404296875 0.0673828125 0.064453125
0 0.65087890625 0.34228515625 0.1298828125 0.0791015625
0 0.7060546875 0.333984375 0.107421875 0.04296875
0 0.8525390625 0.33203125 0.08203125 0.064453125
0 0.87060546875 0.4560546875 0.0732421875 0.04296875
0 0.7607421875 0.27099609375 0.072265625 0.0302734375
0 0.74267578125 0.2373046875 0.1513671875 0.04296875
0 0.78466796875 0.17578125 0.0419921875 0.08203125
0 0.828125 0.15380859375 0.083984375 0.0849609375
0 0.75927734375 0.11328125 0.0673828125 0.056640625
0 0.62158203125 0.09521484375 0.1279296875 0.0732421875
0 0.9755859375 0.1337890625 0.048828125 0.044921875
0 0.9794921875 0.28076171875 0.041015625 0.0419921875
0 0.85107421875 0.7041015625 0.0673828125 0.0546875
0 0.7548828125 0.791015625 0.10546875 0.078125
0 0.671875 0.69580078125 0.1015625 0.0517578125
0 0.5927734375 0.6328125 0.056640625 0.0390625
0 0.5810546875 0.60205078125 0.052734375 0.0341796875
0 0.408203125 0.67138671875 0.046875 0.0322265625
0 0.56201171875 0.83642578125 0.0439453125 0.0693359375
0 0.5244140625 0.9580078125 0.13671875 0.083984375
0 0.46435546875 0.8193359375 0.0888671875 0.05859375
0 0.4404296875 0.828125 0.046875 0.06640625
0 0.32421875 0.8095703125 0.0546875 0.091796875
0 0.26953125 0.84033203125 0.09765625 0.0556640625
0 0.19384765625 0.8466796875 0.0908203125 0.037109375
0 0.1904296875 0.70654296875 0.130859375 0.0361328125
0 0.05029296875 0.74365234375 0.1005859375 0.0634765625
0 0.52685546875 0.06494140625 0.0986328125 0.0888671875
