0 0.9150390625 0.9599609375 0.048828125 0.080078125
0 0.2255859375 0.28076171875 0.078125 0.0693359375
0 0.38720703125 0.376953125 0.0556640625 0.08203125
0 0.06640625 0.08203125 0.1015625 0.08203125
0 0.14306640625 0.08740234375 0.1279296875 0.0927734375
0 0.884765625 0.49072265625 0.05859375 0.0927734375
0 0.326171875 0.49755859375 0.048828125 0.0810546875
0 0.296875 0.0810546875 0.126953125 0.080078125
0 0.95556640625 0.0361328125 0.0830078125 0.0703125
0 0.65087890625 0.74560546875 0.0380859375 0.0888671875
0 0.8154296875 0.8916015625 0.080078125 0.060546875
0 0.83984375 0.11669921875 0.06640625 0.0751953125
0 0.8095703125 0.80810546875 0.0703125 0.0712890625
0 0.85693359375 0.09619140625 0.1103515625 0.0556640625
0 0.6865234375 0.09619140625 0.083984375 0.0341796875
0 0.16162109375 0.41845703125 0.0673828125 0.0537109375
0 0.8984375 0.35546875 0.05078125 0.08984375
0 0.3583984375 0.87548828125 0.06640625 0.0458984375
0 0.1845703125 0.4755859375 0.095703125 0.115234375
0 0.84619140625 0.041015625 0.1083984375 0.08203125
0 0.56298828125 0.77880859375 0.0380859375 0.0751953125
0 0.3310546875 0.763671875 0.107421875 0.052734375
0 0.6767578125 0.97412109375 0.05859375 0.0478515625
0 0.96142578125 0.16748046875 0.0654296875 0.0380859375
0 0.62841796875 0.189453125 0.0888671875 0.0859375
0 0.97021484375 0.75732421875 0.0537109375 0.0498046875
0 0.6572265625 0.14599609375 0.05859375 0.0615234375
0 0.935546875 0.41943359375 0.103515625 0.0478515625
0 0.26513671875 0.4541015625 0.0654296875 0.060546875
0 0.4794921875 0.0615234375 0.072265625 0.044921875
0 0.0146484375 0.9921875 0.029296875 0.015625
0 0.716796875 0.25244140625 0.072265625 0.0283203125
0 0.17236328125 0.90185546875 0.0380859375 0.0439453125
0 0.49072265625 0.857421875 0.0732421875 0.025390625
0 0.7373046875 0.64453125 0.056640625 0.171875
0 0.79150390625 0.2109375 0.0478515625 0.046875
0 0.6298828125 0.80859375 0.083984375 0.048828125
0 0.69873046875 0.19873046875 0.1259765625 0.1025390625
0 0.84814453125 0.36669921875 0.0634765625 0.0576171875
0 0.79833984375 0.72802734375 0.0517578125 0.0732421875
0 0.078125 0.25634765625 0.1015625 0.0146484375
0 0.08740234375 0.7353515625 0.0908203125 0.052734375
0 0.359375 0.58740234375 0.17578125 0.0849609375
0 0.60546875 0.41162109375 0.123046875 0.0478515625
0 0.0625 0.783203125 0.09375 0.046875
0 0.482421875 0.806640625 0.09375 0.072265625
0 0.49365234375 0.921875 0.0732421875 0.041015625
0 0.28369140625 0.01904296875 0.0654296875 0.0380859375
0 0.31494140625 0.0654296875 0.0771484375 0.078125
0 0.86083984375 0.400390625 0.0400390625 0.0546875
0 0.1982421875 0.80419921875 0.044921875 0.0302734375
0 0.30029296875 0.39599609375 0.1884765625 0.0693359375
0 0.76708984375 0.8359375 0.0810546875 0.017578125
0 0.53857421875 0.09423828125 0.1025390625 0.1591796875
0 0.40966796875 0.46728515625 0.0771484375 0.0458984375
0 0.099609375 0.04833984375 0.0703125 0.0966796875
