0 0.76220703125 0.05810546875 0.0947265625 0.0869140625
0 0.84814453125 0.1904296875 0.0869140625 0.09765625
0 0.951171875 0.03369140625 0.09765625 0.0673828125
0 0.7294921875 0.28076171875 0.08984375 0.1767578125
0 0.759765625 0.443359375 0.08984375 0.072265625
0 0.9580078125 0.263671875 0.072265625 0.142578125
0 0.86083984375 0.29931640625 0.0673828125 0.0947265625
0 0.05029296875 0.32080078125 0.1005859375 0.0771484375
0 0.90478515625 0.96484375 0.0498046875 0.0703125
0 0.94384765625 0.57470703125 0.0849609375 0.0849609375
0 0.8671875 0.47314453125 0.140625 0.1318359375
0 0.6728515625 0.8466796875 0.1015625 0.111328125
0 0.68310546875 0.76611328125 0.0810546875 0.1240234375
