0 0.21728515625 0.8603515625 0.1298828125 0.0625
0 0.52880859375 0.98046875 0.0654296875 0.0390625
0 0.40087890625 0.90478515625 0.0927734375 0.0888671875
0 0.38134765625 0.794921875 0.0830078125 0.126953125
0 0.2861328125 0.6748046875 0.125 0.14453125
0 0.6435546875 0.6328125 0.07421875 0.103515625
0 0.572265625 0.59716796875 0.087890625 0.0712890625
0 0.51220703125 0.55322265625 0.0712890625 0.0751953125
0 0.025390625 0.78662109375 0.05078125 0.0830078125
0 0.0341796875 0.71484375 0.0625 0.068359375
0 0.10400390625 0.6640625 0.0732421875 0.072265625
0 0.087890625 0.57275390625 0.064453125 0.0712890625
0 0.10400390625 0.4482421875 0.0693359375 0.111328125
0 0.18896484375 0.34814453125 0.0712890625 0.0537109375
0 0.14404296875 0.39111328125 0.1025390625 0.1005859375
0 0.02685546875 0.32080078125 0.0537109375 0.0771484375
0 0.04541015625 0.3857421875 0.0908203125 0.07421875
0 0.0693359375 0.32373046875 0.138671875 0.0517578125
0 0.15283203125 0.01123046875 0.0654296875 0.0224609375
0 0.318359375 0.02734375 0.068359375 0.0546875
0 0.6416015625 0.15234375 0.08984375 0.119140625
0 0.71826171875 0.1201171875 0.0986328125 0.060546875
0 0.7939453125 0.15869140625 0.09765625 0.0654296875
0 0.455078125 0.318359375 0.068359375 0.09375
0 0.56982421875 0.2919921875 0.1123046875 0.0703125
0 0.4013671875 0.46435546875 0.064453125 0.0693359375
0 0.65185546875 0.37158203125 0.0810546875 0.0712890625
0 0.7333984375 0.384765625 0.109375 0.0390625
0 0.8642578125 0.2744140625 0.19140625 0.080078125
0 0.9453125 0.16455078125 0.109375 0.1630859375
0 0.97607421875 0.12255859375 0.0478515625 0.0478515625
0 0.9658203125 0.48974609375 0.068359375 0.1806640625
0 0.755859375 0.52099609375 0.087890625 0.0771484375
0 0.796875 0.8359375 0.1171875 0.056640625
0 0.5888671875 0.61572265625 0.056640625 0.0537109375
0 0.546875 0.58837890625 0.076171875 0.0654296875
0 0.3466796875 0.62744140625 0.041015625 0.0556640625
