0 0.0751953125 0.90673828125 0.123046875 0.0732421875
0 0.2265625 0.86083984375 0.095703125 0.0634765625
0 0.36083984375 0.88916015625 0.0791015625 0.1318359375
0 0.28173828125 0.95166015625 0.0810546875 0.0771484375
0 0.23046875 0.732421875 0.0625 0.08203125
0 0.06689453125 0.06005859375 0.0869140625 0.1064453125
0 0.0869140625 0.12548828125 0.09375 0.0712890625
0 0.19580078125 0.251953125 0.0771484375 0.0859375
0 0.3115234375 0.232421875 0.0703125 0.080078125
0 0.38916015625 0.11474609375 0.1044921875 0.0927734375
0 0.22509765625 0.03173828125 0.0869140625 0.0634765625
0 0.0986328125 0.4599609375 0.10546875 0.095703125
0 0.0517578125 0.42333984375 0.08203125 0.0712890625
0 0.02392578125 0.4755859375 0.0478515625 0.04296875
0 0.13427734375 0.5537109375 0.0654296875 0.083984375
0 0.1767578125 0.5361328125 0.072265625 0.072265625
0 0.37744140625 0.54541015625 0.0810546875 0.0830078125
0 0.48779296875 0.48876953125 0.0888671875 0.0947265625
0 0.58544921875 0.4619140625 0.0595703125 0.09765625
0 0.63525390625 0.37890625 0.0849609375 0.078125
0 0.5283203125 0.27099609375 0.0625 0.0595703125
0 0.6865234375 0.2412109375 0.076171875 0.115234375
0 0.75 0.0419921875 0.16015625 0.0703125
0 0.86083984375 0.14306640625 0.0986328125 0.0849609375
0 0.96923828125 0.3193359375 0.0615234375 0.1015625
0 0.72021484375 0.4453125 0.0654296875 0.09765625
0 0.6796875 0.529296875 0.103515625 0.068359375
0 0.75 0.54736328125 0.06640625 0.0888671875
0 0.8154296875 0.61279296875 0.078125 0.0869140625
0 0.61962890625 0.6240234375 0.1064453125 0.05859375
0 0.58251953125 0.74853515625 0.0791015625 0.0732421875
0 0.63525390625 0.8017578125 0.1083984375 0.12109375
0 0.74658203125 0.798828125 0.0927734375 0.083984375
0 0.4501953125 0.94482421875 0.0625 0.0888671875
0 0.49462890625 0.96630859375 0.0556640625 0.0673828125
0 0.85009765625 0.95556640625 0.0830078125 0.0693359375
0 0.94091796875 0.95703125 0.0595703125 0.0859375
0 0.85986328125 0.8359375 0.1103515625 0.099609375
0 0.95751953125 0.80908203125 0.0849609375 0.0693359375
0 0.939453125 0.88134765625 0.08984375 0.0810546875
0 0.912109375 0.7421875 0.140625 0.09765625
0 0.9443359375 0.63330078125 0.0625 0.0791015625
0 0.1826171875 0.1748046875 0.05859375 0.103515625
0 0.02001953125 0.2763671875 0.0400390625 0.091796875
0 0.42529296875 0.20947265625 0.0615234375 0.0732421875
0 0.79443359375 0.439453125 0.0712890625 0.083984375
0 0.6591796875 0.43798828125 0.064453125 0.0810546875
0 0.57373046875 0.6826171875 0.0869140625 0.08203125
0 0.4453125 0.02490234375 0.037109375 0.0498046875
0 0.41650390625 0.01806640625 0.0244140625 0.0361328125
0 0.00830078125 0.1787109375 0.0166015625 0.05078125
0 0.02197265625 0.1171875 0.0439453125 0.064453125
0 0.0283203125 0.01123046875 0.056640625 0.0224609375
0 0.12255859375 0.01611328125 0.0576171875 0.0322265625
0 0.11572265625 0.2099609375 0.0537109375 0.0546875
0 0.53857421875 0.9833984375 0.0595703125 0.033203125
0 0.3544921875 0.25927734375 0.0625 0.0576171875
0 0.5498046875 0.01123046875 0.064453125 0.0224609375
0 0.27392578125 0.90185546875 0.0361328125 0.0517578125
0 0.234375 0.90087890625 0.083984375 0.0517578125
0 0.81982421875 0.4951171875 0.0478515625 0.08984375
0 0.27099609375 0.744140625 0.0478515625 0.046875
0 0.2197265625 0.8037109375 0.044921875 0.041015625
0 0.62744140625 0.25146484375 0.0517578125 0.0791015625
