0 0.96533203125 0.8359375 0.0693359375 0.0703125
0 0.623046875 0.6181640625 0.107421875 0.1171875
0 0.9580078125 0.8046875 0.083984375 0.06640625
0 0.38330078125 0.80810546875 0.1123046875 0.1025390625
0 0.80078125 0.6123046875 0.09765625 0.115234375
0 0.509765625 0.765625 0.0703125 0.072265625
0 0.07568359375 0.25390625 0.0615234375 0.0625
0 0.5361328125 0.1494140625 0.0625 0.0703125
0 0.8056640625 0.48974609375 0.08203125 0.1044921875
0 0.8046875 0.76904296875 0.064453125 0.0634765625
0 0.859375 0.55078125 0.060546875 0.08203125
0 0.8759765625 0.33056640625 0.08203125 0.0673828125
0 0.5048828125 0.9443359375 0.08984375 0.060546875
0 0.05322265625 0.03564453125 0.0673828125 0.0673828125
0 0.0283203125 0.0859375 0.052734375 0.078125
0 0.05810546875 0.50830078125 0.0478515625 0.0830078125
0 0.439453125 0.91845703125 0.0703125 0.0576171875
0 0.64794921875 0.64892578125 0.0634765625 0.0654296875
0 0.8310546875 0.08642578125 0.056640625 0.0400390625
