0 0.2197265625 0.20703125 0.115234375 0.10546875
0 0.1259765625 0.93115234375 0.107421875 0.1025390625
0 0.3486328125 0.12939453125 0.107421875 0.0693359375
0 0.86083984375 0.783203125 0.1826171875 0.091796875
0 0.884765625 0.9384765625 0.14453125 0.123046875
0 0.61962890625 0.4892578125 0.1005859375 0.08984375
0 0.07666015625 0.63916015625 0.0849609375 0.1748046875
0 0.470703125 0.05712890625 0.087890625 0.1103515625
0 0.86328125 0.072265625 0.158203125 0.080078125
0 0.38623046875 0.94091796875 0.1025390625 0.1123046875
0 0.13330078125 0.982421875 0.1728515625 0.03515625
0 0.50830078125 0.97998046875 0.1572265625 0.0400390625
0 0.52685546875 0.65576171875 0.1298828125 0.0673828125
0 0.2333984375 0.599609375 0.078125 0.064453125
0 0.80810546875 0.70703125 0.1279296875 0.0859375
0 0.80224609375 0.4033203125 0.2001953125 0.068359375
0 0.70849609375 0.46044921875 0.0830078125 0.1123046875
0 0.82177734375 0.609375 0.1396484375 0.0703125
0 0.541015625 0.52587890625 0.107421875 0.0771484375
0 0.171875 0.83203125 0.08984375 0.064453125
0 0.62060546875 0.978515625 0.0771484375 0.04296875
0 0.681640625 0.259765625 0.08984375 0.10546875
0 0.265625 0.77294921875 0.0625 0.1025390625
0 0.13818359375 0.45556640625 0.0869140625 0.1220703125
0 0.359375 0.72705078125 0.14453125 0.0849609375
0 0.4658203125 0.45947265625 0.11328125 0.0908203125
0 0.61328125 0.1259765625 0.08203125 0.107421875
0 0.48095703125 0.6943359375 0.0927734375 0.060546875
0 0.3681640625 0.31982421875 0.251953125 0.1298828125
0 0.6904296875 0.095703125 0.142578125 0.16796875
0 0.83056640625 0.1943359375 0.1669921875 0.125
0 0.23095703125 0.7080078125 0.0927734375 0.0625
0 0.251953125 0.4697265625 0.08984375 0.125
0 0.33056640625 0.56103515625 0.0478515625 0.0771484375
0 0.5185546875 0.24072265625 0.1328125 0.0732421875
0 0.9296875 0.5498046875 0.080078125 0.125
0 0.57177734375 0.7568359375 0.0751953125 0.060546875
0 0.11328125 0.80322265625 0.0625 0.0732421875
0 0.93994140625 0.66455078125 0.1201171875 0.0908203125
0 0.037109375 0.033203125 0.07421875 0.0625
0 0.39208984375 0.49072265625 0.0947265625 0.1767578125
0 0.68603515625 0.9130859375 0.0673828125 0.0625
0 0.2294921875 0.0283203125 0.134765625 0.052734375
0 0.3134765625 0.4794921875 0.087890625 0.080078125
0 0.79833984375 0.3017578125 0.0966796875 0.16015625
0 0.85205078125 0.6123046875 0.1103515625 0.16015625
0 0.431640625 0.7607421875 0.08984375 0.0625
0 0.5537109375 0.24560546875 0.0625 0.0869140625
0 0.72607421875 0.0244140625 0.1025390625 0.044921875
0 0.0224609375 0.0947265625 0.044921875 0.0703125
0 0.60595703125 0.94287109375 0.0869140625 0.0576171875
0 0.60693359375 0.015625 0.1044921875 0.02734375
0 0.8671875 0.31201171875 0.08984375 0.0947265625
0 0.14306640625 0.40087890625 0.0673828125 0.0517578125
0 0.96728515625 0.35107421875 0.0654296875 0.0927734375
