0 0.04638671875 0.0185546875 0.0771484375 0.037109375
0 0.056640625 0.31005859375 0.072265625 0.0712890625
0 0.193359375 0.0634765625 0.07421875 0.0625
0 0.4580078125 0.0908203125 0.056640625 0.087890625
0 0.41455078125 0.14990234375 0.0791015625 0.0634765625
0 0.54541015625 0.07568359375 0.0595703125 0.0654296875
0 0.728515625 0.07763671875 0.076171875 0.0693359375
0 0.21142578125 0.26904296875 0.0654296875 0.0771484375
0 0.30078125 0.3388671875 0.0859375 0.07421875
0 0.2138671875 0.33935546875 0.0859375 0.0712890625
0 0.1796875 0.46142578125 0.06640625 0.0810546875
0 0.34130859375 0.4287109375 0.0654296875 0.0703125
0 0.517578125 0.37548828125 0.119140625 0.0830078125
0 0.62158203125 0.22216796875 0.0849609375 0.0771484375
0 0.84033203125 0.2275390625 0.1005859375 0.06640625
0 0.7587890625 0.29443359375 0.091796875 0.0791015625
0 0.6728515625 0.3515625 0.107421875 0.080078125
0 0.68603515625 0.42333984375 0.0751953125 0.0751953125
0 0.91650390625 0.275390625 0.0771484375 0.068359375
0 0.966796875 0.23828125 0.06640625 0.068359375
0 0.97900390625 0.10107421875 0.0419921875 0.0751953125
0 0.98876953125 0.17529296875 0.0224609375 0.0654296875
0 0.96826171875 0.35546875 0.0634765625 0.0859375
0 0.98876953125 0.0078125 0.0224609375 0.015625
0 0.22021484375 0.14208984375 0.0615234375 0.0615234375
0 0.68212890625 0.5498046875 0.0888671875 0.07421875
0 0.5576171875 0.5400390625 0.0625 0.056640625
0 0.97412109375 0.55322265625 0.0517578125 0.0947265625
0 0.8291015625 0.55322265625 0.080078125 0.0712890625
0 0.83642578125 0.6328125 0.0751953125 0.07421875
0 0.74609375 0.6376953125 0.083984375 0.0625
0 0.787109375 0.73046875 0.08203125 0.05859375
0 0.78662109375 0.83837890625 0.0869140625 0.0791015625
0 0.54052734375 0.66943359375 0.0576171875 0.0673828125
0 0.4775390625 0.68310546875 0.091796875 0.0693359375
0 0.2841796875 0.64697265625 0.064453125 0.0830078125
0 0.203125 0.56640625 0.091796875 0.111328125
0 0.201171875 0.67236328125 0.0625 0.0595703125
0 0.29541015625 0.73583984375 0.0693359375 0.0595703125
0 0.21484375 0.72998046875 0.078125 0.0478515625
0 0.150390625 0.7431640625 0.060546875 0.080078125
0 0.0556640625 0.59130859375 0.07421875 0.1005859375
0 0.1943359375 0.88671875 0.0859375 0.09375
0 0.32958984375 0.84765625 0.0810546875 0.103515625
0 0.3974609375 0.8720703125 0.056640625 0.048828125
0 0.49169921875 0.83642578125 0.0771484375 0.0888671875
0 0.58251953125 0.91455078125 0.0732421875 0.0986328125
0 0.68603515625 0.923828125 0.0615234375 0.087890625
0 0.7841796875 0.96240234375 0.07421875 0.0654296875
0 0.74267578125 0.98876953125 0.0595703125 0.0224609375
0 0.81494140625 0.98974609375 0.0966796875 0.0205078125
0 0.4384765625 0.9677734375 0.0859375 0.064453125
0 0.025390625 0.900390625 0.05078125 0.087890625
0 0.32958984375 0.11083984375 0.0537109375 0.0498046875
0 0.185546875 0.12158203125 0.060546875 0.0654296875
0 0.85205078125 0.1943359375 0.0576171875 0.037109375
0 0.78076171875 0.68701171875 0.0654296875 0.0498046875
0 0.63427734375 0.81689453125 0.0478515625 0.0263671875
0 0.61572265625 0.87939453125 0.0517578125 0.0458984375
0 0.5390625 0.83251953125 0.05078125 0.0537109375
