0 0.80419921875 0.5859375 0.0908203125 0.091796875
0 0.96044921875 0.55517578125 0.0791015625 0.0732421875
0 0.6826171875 0.673828125 0.103515625 0.10546875
0 0.57470703125 0.5927734375 0.1337890625 0.107421875
0 0.537109375 0.34814453125 0.068359375 0.0732421875
0 0.76416015625 0.2783203125 0.1396484375 0.0859375
0 0.87744140625 0.17626953125 0.1337890625 0.0966796875
0 0.4208984375 0.15234375 0.18359375 0.12109375
0 0.359375 0.373046875 0.1015625 0.091796875
0 0.37646484375 0.5615234375 0.1064453125 0.076171875
0 0.42333984375 0.6982421875 0.1123046875 0.095703125
0 0.16259765625 0.5712890625 0.1044921875 0.11328125
0 0.03515625 0.3037109375 0.0703125 0.09765625
0 0.03955078125 0.96923828125 0.0791015625 0.0615234375
0 0.009765625 0.2177734375 0.01953125 0.078125
0 0.09130859375 0.7998046875 0.0908203125 0.083984375
0 0.20947265625 0.94873046875 0.0986328125 0.0966796875
0 0.51708984375 0.93408203125 0.0849609375 0.0927734375
0 0.53369140625 0.869140625 0.0556640625 0.080078125
0 0.64453125 0.9453125 0.111328125 0.087890625
0 0.72802734375 0.97265625 0.0634765625 0.041015625
0 0.82421875 0.84716796875 0.048828125 0.0517578125
0 0.26123046875 0.80859375 0.0458984375 0.0546875
0 0.3837890625 0.77783203125 0.05078125 0.0498046875
0 0.61572265625 0.73828125 0.0498046875 0.0546875
0 0.57666015625 0.46435546875 0.1005859375 0.0439453125
0 0.58740234375 0.35986328125 0.0615234375 0.0830078125
0 0.2861328125 0.24560546875 0.103515625 0.0830078125
0 0.51904296875 0.41845703125 0.0634765625 0.0771484375
0 0.796875 0.400390625 0.09765625 0.05859375
0 0.8134765625 0.44580078125 0.07421875 0.0556640625
0 0.79638671875 0.50439453125 0.0732421875 0.0537109375
0 0.2109375 0.03759765625 0.1484375 0.0751953125
0 0.51904296875 0.09716796875 0.1005859375 0.0849609375
0 0.52880859375 0.02490234375 0.0908203125 0.0498046875
0 0.72705078125 0.0673828125 0.1279296875 0.076171875
0 0.67138671875 0.0185546875 0.1416015625 0.037109375
0 0.96435546875 0.0595703125 0.0712890625 0.083984375
0 0.97265625 0.3046875 0.0546875 0.072265625
0 0.9873046875 0.45263671875 0.025390625 0.0634765625
0 0.947265625 0.791015625 0.076171875 0.095703125
0 0.92529296875 0.89404296875 0.0712890625 0.0966796875
0 0.431640625 0.39111328125 0.046875 0.0400390625
