0 0.0947265625 0.18505859375 0.123046875 0.1298828125
0 0.05029296875 0.2412109375 0.0595703125 0.087890625
0 0.0654296875 0.431640625 0.103515625 0.091796875
0 0.1787109375 0.36474609375 0.197265625 0.0810546875
0 0.30712890625 0.267578125 0.0732421875 0.095703125
0 0.205078125 0.1708984375 0.109375 0.064453125
0 0.28759765625 0.08837890625 0.1396484375 0.0751953125
0 0.44921875 0.09814453125 0.087890625 0.0498046875
0 0.1708984375 0.05419921875 0.07421875 0.0654296875
0 0.08544921875 0.029296875 0.0634765625 0.05859375
0 0.56494140625 0.09912109375 0.0810546875 0.0693359375
0 0.53271484375 0.1650390625 0.1259765625 0.068359375
0 0.662109375 0.16552734375 0.060546875 0.0634765625
0 0.70703125 0.10595703125 0.07421875 0.1611328125
0 0.84423828125 0.1708984375 0.0673828125 0.048828125
0 0.6015625 0.24072265625 0.115234375 0.0595703125
0 0.6796875 0.30908203125 0.107421875 0.0712890625
0 0.6396484375 0.40283203125 0.140625 0.1044921875
0 0.4970703125 0.4970703125 0.08984375 0.0703125
0 0.3818359375 0.47314453125 0.080078125 0.1279296875
0 0.94287109375 0.0869140625 0.1142578125 0.056640625
0 0.8623046875 0.24755859375 0.056640625 0.0634765625
0 0.83251953125 0.5654296875 0.1240234375 0.0859375
0 0.7021484375 0.5400390625 0.115234375 0.052734375
0 0.7255859375 0.6572265625 0.07421875 0.109375
0 0.77978515625 0.650390625 0.0595703125 0.12109375
0 0.8984375 0.69580078125 0.0546875 0.0908203125
0 0.9501953125 0.75244140625 0.099609375 0.0986328125
0 0.646484375 0.70556640625 0.1015625 0.0693359375
0 0.5302734375 0.79443359375 0.0703125 0.1396484375
0 0.681640625 0.814453125 0.111328125 0.12109375
0 0.81201171875 0.822265625 0.1416015625 0.119140625
0 0.73388671875 0.92236328125 0.0869140625 0.1064453125
0 0.4404296875 0.75927734375 0.06640625 0.1181640625
0 0.3720703125 0.66796875 0.087890625 0.064453125
0 0.29052734375 0.689453125 0.0654296875 0.064453125
0 0.3251953125 0.85595703125 0.05859375 0.1240234375
0 0.41845703125 0.880859375 0.0869140625 0.12890625
0 0.380859375 0.96826171875 0.0859375 0.0634765625
0 0.2685546875 0.89013671875 0.126953125 0.1591796875
0 0.19873046875 0.6552734375 0.0556640625 0.083984375
0 0.197265625 0.5546875 0.07421875 0.05859375
0 0.033203125 0.58056640625 0.06640625 0.1240234375
0 0.02294921875 0.7333984375 0.0458984375 0.064453125
0 0.07080078125 0.94482421875 0.0986328125 0.1103515625
0 0.8408203125 0.46337890625 0.0625 0.0595703125
