0 0.3408203125 0.22265625 0.14453125 0.095703125
0 0.22265625 0.23828125 0.123046875 0.095703125
0 0.6552734375 0.05126953125 0.080078125 0.0771484375
0 0.75146484375 0.05810546875 0.0732421875 0.0908203125
0 0.900390625 0.13330078125 0.060546875 0.0908203125
0 0.9755859375 0.0947265625 0.048828125 0.08984375
0 0.76513671875 0.50341796875 0.0615234375 0.0732421875
0 0.67431640625 0.52783203125 0.0654296875 0.0712890625
0 0.55078125 0.5302734375 0.125 0.103515625
0 0.6494140625 0.62646484375 0.162109375 0.0771484375
0 0.79736328125 0.5869140625 0.0771484375 0.08984375
0 0.4130859375 0.61376953125 0.076171875 0.0751953125
0 0.32275390625 0.6494140625 0.0693359375 0.068359375
0 0.162109375 0.64013671875 0.09765625 0.0771484375
0 0.048828125 0.70654296875 0.09765625 0.0712890625
0 0.099609375 0.8056640625 0.119140625 0.111328125
0 0.55078125 0.7763671875 0.09765625 0.068359375
0 0.37939453125 0.74755859375 0.0869140625 0.0576171875
0 0.720703125 0.78173828125 0.099609375 0.0771484375
0 0.86083984375 0.73876953125 0.1044921875 0.0791015625
0 0.5859375 0.88330078125 0.095703125 0.0673828125
0 0.49853515625 0.93310546875 0.0712890625 0.1025390625
0 0.24169921875 0.9736328125 0.0927734375 0.052734375
0 0.658203125 0.974609375 0.08984375 0.05078125
0 0.91796875 0.96142578125 0.140625 0.0771484375
0 0.9755859375 0.8291015625 0.048828125 0.0859375
0 0.18798828125 0.72900390625 0.0498046875 0.0556640625
0 0.13720703125 0.33203125 0.0751953125 0.119140625
0 0.0517578125 0.32861328125 0.103515625 0.1103515625
0 0.02099609375 0.826171875 0.0419921875 0.10546875
0 0.58203125 0.11767578125 0.099609375 0.1513671875
