0 0.1708984375 0.3134765625 0.083984375 0.064453125
0 0.208984375 0.8740234375 0.0859375 0.05859375
0 0.5068359375 0.3447265625 0.078125 0.072265625
0 0.49560546875 0.06201171875 0.0712890625 0.0693359375
0 0.88134765625 0.04638671875 0.0732421875 0.0927734375
0 0.43017578125 0.1142578125 0.0849609375 0.064453125
0 0.3232421875 0.71142578125 0.0859375 0.0556640625
0 0.908203125 0.53759765625 0.060546875 0.0654296875
0 0.7421875 0.93798828125 0.04296875 0.0634765625
0 0.24951171875 0.07958984375 0.0869140625 0.0693359375
0 0.81640625 0.37255859375 0.0703125 0.0439453125
0 0.73193359375 0.1572265625 0.1318359375 0.080078125
0 0.55224609375 0.0302734375 0.0595703125 0.05859375
0 0.94384765625 0.65966796875 0.0654296875 0.0478515625
0 0.77294921875 0.01953125 0.0908203125 0.037109375
0 0.84912109375 0.341796875 0.0537109375 0.05859375
0 0.37109375 0.916015625 0.09765625 0.033203125
0 0.38720703125 0.4150390625 0.0615234375 0.033203125
0 0.630859375 0.89111328125 0.056640625 0.0478515625
0 0.2041015625 0.02734375 0.08203125 0.037109375
0 0.505859375 0.7294921875 0.05859375 0.041015625
0 0.36962890625 0.24951171875 0.0498046875 0.0380859375
0 0.4609375 0.88525390625 0.02734375 0.0654296875
0 0.7021484375 0.54296875 0.060546875 0.068359375
0 0.57861328125 0.623046875 0.0576171875 0.046875
0 0.43408203125 0.970703125 0.0712890625 0.0390625
0 0.126953125 0.46533203125 0.09375 0.0693359375
0 0.826171875 0.8447265625 0.080078125 0.04296875
0 0.548828125 0.6572265625 0.048828125 0.033203125
0 0.30859375 0.9765625 0.095703125 0.04296875
0 0.537109375 0.45361328125 0.044921875 0.0595703125
0 0.0859375 0.84033203125 0.072265625 0.0185546875
0 0.4404296875 0.01220703125 0.05078125 0.0224609375
0 0.92138671875 0.98291015625 0.0498046875 0.0302734375
0 0.91064453125 0.6796875 0.0712890625 0.0546875
0 0.07373046875 0.1201171875 0.0732421875 0.025390625
0 0.19921875 0.77734375 0.05859375 0.0390625
0 0.349609375 0.30224609375 0.052734375 0.0341796875
0 0.8544921875 0.06005859375 0.05078125 0.0439453125
0 0.08447265625 0.0888671875 0.0517578125 0.052734375
0 0.83544921875 0.982421875 0.0400390625 0.03515625
0 0.2451171875 0.01220703125 0.05078125 0.0244140625
0 0.3720703125 0.5185546875 0.072265625 0.044921875
0 0.95947265625 0.59326171875 0.0810546875 0.0419921875
0 0.81689453125 0.77880859375 0.0478515625 0.0361328125
0 0.6337890625 0.78955078125 0.07421875 0.0576171875
0 0.56591796875 0.87451171875 0.0732421875 0.0439453125
0 0.330078125 0.63720703125 0.03125 0.0478515625
0 0.08544921875 0.677734375 0.0654296875 0.025390625
0 0.2099609375 0.88671875 0.07421875 0.048828125
0 0.349609375 0.314453125 0.052734375 0.037109375
0 0.85546875 0.07080078125 0.05859375 0.0634765625
0 0.232421875 0.6767578125 0.0859375 0.044921875
0 0.876953125 0.708984375 0.044921875 0.05078125
0 0.638671875 0.65625 0.041015625 0.041015625
0 0.8466796875 0.8154296875 0.09765625 0.029296875
0 0.7919921875 0.7353515625 0.056640625 0.048828125
0 0.6689453125 0.5283203125 0.08984375 0.02734375
0 0.09814453125 0.818359375 0.0732421875 0.029296875
0 0.654296875 0.80908203125 0.052734375 0.0537109375
0 0.66064453125 0.6416015625 0.0517578125 0.04296875
0 0.8515625 0.697265625 0.056640625 0.04296875
0 0.5537109375 0.84326171875 0.05859375 0.0419921875
0 0.8486328125 0.95751953125 0.060546875 0.0419921875
0 0.24072265625 0.712890625 0.0458984375 0.046875
