0 0.888671875 0.45947265625 0.05859375 0.0849609375
0 0.7314453125 0.06591796875 0.078125 0.0751953125
0 0.810546875 0.2392578125 0.091796875 0.0703125
0 0.38427734375 0.087890625 0.0966796875 0.11328125
0 0.45703125 0.55517578125 0.07421875 0.0654296875
0 0.60693359375 0.29736328125 0.0927734375 0.0498046875
0 0.0712890625 0.18896484375 0.10546875 0.0595703125
0 0.7998046875 0.875 0.0859375 0.06640625
0 0.61328125 0.5966796875 0.091796875 0.044921875
0 0.2919921875 0.22412109375 0.126953125 0.0654296875
0 0.6943359375 0.69775390625 0.0859375 0.0654296875
0 0.0576171875 0.615234375 0.091796875 0.05078125
0 0.4296875 0.97314453125 0.064453125 0.0537109375
0 0.74658203125 0.119140625 0.0947265625 0.052734375
0 0.72021484375 0.22216796875 0.0439453125 0.0751953125
0 0.48095703125 0.8974609375 0.1064453125 0.08984375
0 0.84716796875 0.21240234375 0.0439453125 0.0693359375
0 0.0673828125 0.490234375 0.126953125 0.052734375
0 0.6728515625 0.03466796875 0.037109375 0.0673828125
0 0.16943359375 0.0234375 0.0654296875 0.044921875
0 0.18408203125 0.5400390625 0.0654296875 0.041015625
0 0.525390625 0.05126953125 0.1015625 0.0595703125
0 0.03662109375 0.69677734375 0.0732421875 0.0400390625
0 0.92626953125 0.54931640625 0.0771484375 0.0498046875
0 0.02099609375 0.3935546875 0.0400390625 0.064453125
0 0.98046875 0.71044921875 0.0390625 0.0244140625
0 0.38720703125 0.0341796875 0.0693359375 0.052734375
0 0.927734375 0.3603515625 0.1015625 0.0390625
0 0.4072265625 0.38818359375 0.095703125 0.0263671875
0 0.513671875 0.52392578125 0.083984375 0.0322265625
0 0.65283203125 0.79150390625 0.0751953125 0.0419921875
0 0.3154296875 0.0361328125 0.056640625 0.064453125
0 0.7138671875 0.26904296875 0.09765625 0.0341796875
0 0.21533203125 0.25146484375 0.1259765625 0.0517578125
0 0.087890625 0.76708984375 0.10546875 0.0458984375
0 0.92626953125 0.3134765625 0.0478515625 0.052734375
0 0.1240234375 0.39453125 0.09765625 0.04296875
0 0.97021484375 0.6015625 0.0537109375 0.03125
0 0.134765625 0.740234375 0.12890625 0.04296875
0 0.98193359375 0.64794921875 0.0361328125 0.0146484375
0 0.65966796875 0.23388671875 0.0673828125 0.0615234375
0 0.77978515625 0.80322265625 0.1162109375 0.0869140625
0 0.82421875 0.81884765625 0.138671875 0.0595703125
0 0.44140625 0.3525390625 0.07421875 0.029296875
0 0.41845703125 0.64697265625 0.1279296875 0.0419921875
0 0.908203125 0.73681640625 0.091796875 0.0400390625
0 0.03369140625 0.412109375 0.0576171875 0.03125
0 0.4619140625 0.45849609375 0.0546875 0.0517578125
0 0.251953125 0.36474609375 0.0859375 0.0380859375
0 0.75830078125 0.30126953125 0.1083984375 0.0341796875
0 0.7998046875 0.42822265625 0.072265625 0.0419921875
0 0.98046875 0.75537109375 0.0390625 0.0166015625
0 0.9736328125 0.880859375 0.052734375 0.02734375
0 0.2373046875 0.64892578125 0.099609375 0.0380859375
0 0.87744140625 0.2900390625 0.0458984375 0.060546875
0 0.97900390625 0.77294921875 0.0419921875 0.0244140625
0 0.95849609375 0.85302734375 0.0673828125 0.0302734375
0 0.23095703125 0.98779296875 0.1103515625 0.0244140625
0 0.4248046875 0.494140625 0.126953125 0.044921875
0 0.8486328125 0.5439453125 0.07421875 0.0390625
0 0.4794921875 0.630859375 0.05078125 0.05078125
0 0.23046875 0.841796875 0.197265625 0.0625
0 0.3544921875 0.3212890625 0.078125 0.05078125
0 0.66748046875 0.39892578125 0.0322265625 0.0380859375
0 0.03173828125 0.294921875 0.0634765625 0.04296875
0 0.017578125 0.13525390625 0.03515625 0.0380859375
0 0.12939453125 0.04638671875 0.0498046875 0.0458984375
0 0.19921875 0.76953125 0.12109375 0.033203125
0 0.7109375 0.80859375 0.056640625 0.0234375
0 0.90576171875 0.82421875 0.0673828125 0.0546875
0 0.90625 0.9775390625 0.10546875 0.044921875
0 0.02392578125 0.701171875 0.0478515625 0.068359375
