0 0.03955078125 0.0712890625 0.0791015625 0.0703125
0 0.19970703125 0.1015625 0.0673828125 0.048828125
0 0.27392578125 0.03564453125 0.0498046875 0.0517578125
0 0.349609375 0.04931640625 0.056640625 0.0751953125
0 0.44677734375 0.08056640625 0.0556640625 0.0771484375
0 0.40478515625 0.11767578125 0.0439453125 0.0693359375
0 0.5703125 0.0927734375 0.10546875 0.103515625
0 0.21142578125 0.26611328125 0.0634765625 0.0654296875
0 0.37158203125 0.32958984375 0.1259765625 0.1005859375
0 0.25048828125 0.3955078125 0.0947265625 0.111328125
0 0.3076171875 0.43408203125 0.06640625 0.0986328125
0 0.1396484375 0.3876953125 0.09765625 0.056640625
0 0.02685546875 0.39453125 0.0537109375 0.06640625
0 0.0634765625 0.45556640625 0.060546875 0.0751953125
0 0.16748046875 0.51025390625 0.0966796875 0.0556640625
0 0.05517578125 0.60205078125 0.0654296875 0.0693359375
0 0.03173828125 0.69189453125 0.0576171875 0.0712890625
0 0.2890625 0.60009765625 0.078125 0.0576171875
0 0.2216796875 0.66162109375 0.07421875 0.0771484375
0 0.39990234375 0.61083984375 0.0693359375 0.0634765625
0 0.328125 0.6572265625 0.052734375 0.0546875
0 0.48486328125 0.6689453125 0.0537109375 0.0546875
0 0.38232421875 0.70703125 0.0810546875 0.080078125
0 0.2021484375 0.78271484375 0.06640625 0.0966796875
0 0.32421875 0.83935546875 0.12109375 0.1201171875
0 0.55517578125 0.4931640625 0.0927734375 0.091796875
0 0.7431640625 0.45849609375 0.0859375 0.0869140625
0 0.8115234375 0.51806640625 0.05859375 0.0615234375
0 0.7001953125 0.55419921875 0.0625 0.0458984375
0 0.7158203125 0.61474609375 0.060546875 0.0693359375
0 0.6494140625 0.4755859375 0.078125 0.048828125
0 0.5791015625 0.38037109375 0.06640625 0.0927734375
0 0.5576171875 0.32763671875 0.060546875 0.0771484375
0 0.689453125 0.3935546875 0.078125 0.06640625
0 0.67138671875 0.27685546875 0.0771484375 0.1240234375
0 0.8046875 0.224609375 0.064453125 0.044921875
0 0.86962890625 0.1376953125 0.0771484375 0.052734375
0 0.7734375 0.1328125 0.056640625 0.048828125
0 0.89599609375 0.2197265625 0.0654296875 0.060546875
0 0.97705078125 0.19091796875 0.0458984375 0.0654296875
0 0.89501953125 0.38623046875 0.0791015625 0.0654296875
0 0.97021484375 0.0224609375 0.0595703125 0.044921875
0 0.96044921875 0.5556640625 0.0576171875 0.056640625
0 0.01953125 0.12548828125 0.0390625 0.0634765625
0 0.14111328125 0.01611328125 0.0654296875 0.0322265625
0 0.525390625 0.03173828125 0.068359375 0.0478515625
0 0.599609375 0.0087890625 0.0625 0.017578125
0 0.11181640625 0.50341796875 0.0478515625 0.0576171875
0 0.4951171875 0.9111328125 0.0546875 0.0546875
0 0.9091796875 0.94189453125 0.03125 0.0458984375
