0 0.46826171875 0.0595703125 0.1533203125 0.080078125
0 0.03515625 0.52001953125 0.0703125 0.1005859375
0 0.197265625 0.7880859375 0.125 0.08203125
0 0.9365234375 0.40771484375 0.099609375 0.0908203125
0 0.8681640625 0.44189453125 0.087890625 0.0751953125
0 0.8408203125 0.15478515625 0.09765625 0.0751953125
0 0.0185546875 0.1904296875 0.037109375 0.072265625
0 0.7568359375 0.390625 0.064453125 0.072265625
0 0.9296875 0.265625 0.10546875 0.08203125
0 0.9130859375 0.79931640625 0.1171875 0.0751953125
0 0.2021484375 0.35205078125 0.099609375 0.0693359375
0 0.1083984375 0.91748046875 0.115234375 0.0947265625
0 0.248046875 0.919921875 0.1171875 0.08984375
0 0.13330078125 0.01953125 0.0732421875 0.0390625
0 0.16552734375 0.279296875 0.0771484375 0.076171875
0 0.95849609375 0.85205078125 0.0830078125 0.0751953125
0 0.9638671875 0.63916015625 0.0703125 0.0849609375
0 0.2392578125 0.291015625 0.080078125 0.0625
0 0.9443359375 0.31787109375 0.08984375 0.0576171875
0 0.109375 0.96728515625 0.10546875 0.0654296875
0 0.97607421875 0.205078125 0.0478515625 0.068359375
