0 0.4169921875 0.8212890625 0.083984375 0.228515625
0 0.4365234375 0.96533203125 0.1171875 0.0673828125
0 0.35400390625 0.576171875 0.1494140625 0.107421875
0 0.5927734375 0.96533203125 0.064453125 0.0673828125
0 0.54150390625 0.91259765625 0.0810546875 0.0908203125
0 0.41015625 0.54345703125 0.130859375 0.2587890625
0 0.4990234375 0.169921875 0.123046875 0.142578125
0 0.84228515625 0.0517578125 0.1533203125 0.103515625
0 0.0439453125 0.75341796875 0.087890625 0.0732421875
0 0.95654296875 0.70947265625 0.0869140625 0.0771484375
0 0.77490234375 0.17626953125 0.1162109375 0.1630859375
0 0.41064453125 0.23388671875 0.1357421875 0.0927734375
0 0.0419921875 0.00390625 0.083984375 0.0078125
0 0.63232421875 0.20947265625 0.1748046875 0.1494140625
0 0.27685546875 0.34765625 0.1787109375 0.09765625
0 0.556640625 0.0810546875 0.09375 0.083984375
0 0.33154296875 0.31103515625 0.1064453125 0.0732421875
0 0.6435546875 0.90673828125 0.1171875 0.1416015625
0 0.61279296875 0.90478515625 0.0947265625 0.1572265625
0 0.5576171875 0.78662109375 0.0703125 0.0771484375
0 0.49267578125 0.73388671875 0.0517578125 0.1669921875
0 0.50048828125 0.70947265625 0.0888671875 0.0693359375
0 0.5986328125 0.70556640625 0.072265625 0.0693359375
0 0.712890625 0.77099609375 0.115234375 0.0869140625
0 0.59375 0.61767578125 0.083984375 0.0771484375
0 0.615234375 0.52392578125 0.0625 0.0673828125
0 0.68212890625 0.556640625 0.1005859375 0.046875
0 0.7109375 0.6015625 0.140625 0.078125
0 0.68994140625 0.6787109375 0.0888671875 0.08203125
