0 0.09423828125 0.056640625 0.0576171875 0.060546875
0 0.1533203125 0.05224609375 0.04296875 0.0673828125
0 0.14599609375 0.62060546875 0.0908203125 0.1142578125
0 0.00732421875 0.078125 0.0146484375 0.056640625
0 0.58984375 0.26611328125 0.087890625 0.1337890625
0 0.517578125 0.32568359375 0.064453125 0.1455078125
0 0.3037109375 0.45947265625 0.064453125 0.0693359375
0 0.26171875 0.60888671875 0.068359375 0.0615234375
0 0.25 0.6787109375 0.0625 0.064453125
0 0.43017578125 0.67431640625 0.0498046875 0.0751953125
0 0.55029296875 0.650390625 0.0712890625 0.0625
0 0.53662109375 0.5771484375 0.0595703125 0.044921875
0 0.6923828125 0.5419921875 0.064453125 0.068359375
0 0.7265625 0.42822265625 0.064453125 0.0849609375
0 0.82666015625 0.6015625 0.0673828125 0.068359375
0 0.79638671875 0.71337890625 0.1025390625 0.0830078125
0 0.65478515625 0.59423828125 0.0712890625 0.0458984375
0 0.65576171875 0.63916015625 0.0712890625 0.0458984375
0 0.7109375 0.63134765625 0.05859375 0.0615234375
0 0.7880859375 0.90869140625 0.06640625 0.0654296875
0 0.9462890625 0.8623046875 0.107421875 0.08984375
0 0.9775390625 0.5947265625 0.044921875 0.04296875
0 0.96142578125 0.4697265625 0.0576171875 0.09765625
0 0.96875 0.52392578125 0.0625 0.0556640625
0 0.9404296875 0.32861328125 0.060546875 0.1162109375
0 0.9775390625 0.337890625 0.044921875 0.076171875
0 0.90283203125 0.20556640625 0.1103515625 0.1123046875
0 0.9609375 0.23193359375 0.078125 0.0869140625
0 0.71826171875 0.080078125 0.0556640625 0.05078125
0 0.86962890625 0.03369140625 0.0869140625 0.0595703125
0 0.91015625 0.0947265625 0.0546875 0.037109375
0 0.97607421875 0.02783203125 0.0478515625 0.0478515625
