0 0.05712890625 0.56103515625 0.0810546875 0.1845703125
0 0.13134765625 0.35302734375 0.1162109375 0.1083984375
0 0.23095703125 0.31787109375 0.0947265625 0.1416015625
0 0.27490234375 0.5029296875 0.1181640625 0.150390625
0 0.05126953125 0.193359375 0.0888671875 0.072265625
0 0.447265625 0.01708984375 0.064453125 0.0341796875
0 0.3662109375 0.0537109375 0.0625 0.0703125
0 0.17333984375 0.091796875 0.2001953125 0.18359375
0 0.20263671875 0.1953125 0.0693359375 0.07421875
0 0.1240234375 0.21826171875 0.09375 0.1240234375
0 0.40380859375 0.1845703125 0.0712890625 0.115234375
0 0.283203125 0.14013671875 0.0859375 0.0771484375
0 0.455078125 0.37158203125 0.12890625 0.0986328125
0 0.626953125 0.36767578125 0.08203125 0.0888671875
0 0.69189453125 0.10302734375 0.0986328125 0.0615234375
0 0.44287109375 0.10693359375 0.0576171875 0.0986328125
0 0.833984375 0.02490234375 0.08984375 0.0498046875
0 0.9013671875 0.11181640625 0.076171875 0.0673828125
0 0.7255859375 0.41943359375 0.095703125 0.1005859375
0 0.85107421875 0.353515625 0.0751953125 0.080078125
0 0.7275390625 0.5205078125 0.0625 0.0546875
0 0.63720703125 0.5693359375 0.0712890625 0.10546875
0 0.4013671875 0.63134765625 0.078125 0.0712890625
0 0.1416015625 0.85546875 0.08203125 0.119140625
0 0.08544921875 0.9580078125 0.1708984375 0.083984375
0 0.41064453125 0.71533203125 0.1767578125 0.0986328125
0 0.26318359375 0.7744140625 0.0869140625 0.0703125
0 0.3037109375 0.8408203125 0.1484375 0.08984375
0 0.33447265625 0.8779296875 0.1044921875 0.08984375
0 0.296875 0.94287109375 0.115234375 0.0712890625
0 0.51220703125 0.97607421875 0.0869140625 0.0478515625
0 0.52001953125 0.912109375 0.0810546875 0.076171875
0 0.62109375 0.79638671875 0.140625 0.0791015625
0 0.74462890625 0.91015625 0.1123046875 0.0703125
0 0.6845703125 0.95458984375 0.0859375 0.0908203125
0 0.8740234375 0.96435546875 0.05859375 0.0712890625
0 0.95263671875 0.90576171875 0.0947265625 0.0888671875
0 0.8232421875 0.73876953125 0.08203125 0.0869140625
0 0.8203125 0.669921875 0.0703125 0.078125
0 0.91748046875 0.73193359375 0.1650390625 0.0849609375
0 0.9013671875 0.6572265625 0.060546875 0.091796875
0 0.8759765625 0.5771484375 0.078125 0.07421875
0 0.9638671875 0.6162109375 0.072265625 0.125
0 0.86767578125 0.89697265625 0.0732421875 0.0791015625
0 0.09033203125 0.52734375 0.0302734375 0.072265625
0 0.134765625 0.853515625 0.095703125 0.07421875
0 0.23974609375 0.984375 0.0810546875 0.03125
0 0.3125 0.9609375 0.119140625 0.076171875
0 0.90673828125 0.99169921875 0.0595703125 0.0166015625
0 0.26953125 0.5302734375 0.10546875 0.060546875
0 0.16015625 0.1533203125 0.11328125 0.15234375
0 0.98486328125 0.13916015625 0.0302734375 0.0556640625
0 0.990234375 0.24951171875 0.01953125 0.0751953125
