0 0.0810546875 0.24365234375 0.0703125 0.0791015625
0 0.0615234375 0.3388671875 0.072265625 0.056640625
0 0.03759765625 0.41796875 0.0751953125 0.08984375
0 0.064453125 0.4990234375 0.083984375 0.064453125
0 0.10595703125 0.8095703125 0.0810546875 0.095703125
0 0.083984375 0.96533203125 0.08203125 0.0693359375
0 0.2041015625 0.95947265625 0.05859375 0.0810546875
0 0.359375 0.96923828125 0.08984375 0.0556640625
0 0.462890625 0.8876953125 0.064453125 0.068359375
0 0.974609375 0.9248046875 0.05078125 0.0703125
0 0.888671875 0.71875 0.0625 0.07421875
0 0.89599609375 0.798828125 0.0908203125 0.06640625
0 0.5400390625 0.73486328125 0.07421875 0.0771484375
0 0.5087890625 0.8095703125 0.076171875 0.064453125
0 0.615234375 0.83984375 0.080078125 0.080078125
0 0.65576171875 0.7626953125 0.0732421875 0.06640625
0 0.26220703125 0.6630859375 0.0947265625 0.072265625
0 0.3310546875 0.666015625 0.064453125 0.060546875
0 0.3115234375 0.7412109375 0.08203125 0.0625
0 0.46923828125 0.57177734375 0.0849609375 0.0869140625
0 0.54296875 0.54345703125 0.072265625 0.0673828125
0 0.6201171875 0.59228515625 0.08203125 0.0712890625
0 0.87451171875 0.5322265625 0.1064453125 0.109375
0 0.8408203125 0.64208984375 0.076171875 0.0673828125
0 0.80419921875 0.7255859375 0.0556640625 0.064453125
0 0.6689453125 0.34912109375 0.078125 0.1240234375
0 0.3759765625 0.3603515625 0.06640625 0.05859375
0 0.19384765625 0.404296875 0.0869140625 0.111328125
0 0.36181640625 0.15576171875 0.0615234375 0.0810546875
0 0.451171875 0.12939453125 0.083984375 0.0927734375
0 0.4443359375 0.2109375 0.064453125 0.060546875
0 0.546875 0.27685546875 0.05859375 0.0732421875
0 0.630859375 0.1787109375 0.07421875 0.1015625
0 0.5693359375 0.1162109375 0.072265625 0.05859375
0 0.58154296875 0.03857421875 0.1142578125 0.0771484375
0 0.41015625 0.021484375 0.08203125 0.04296875
0 0.25341796875 0.0302734375 0.0712890625 0.060546875
0 0.09375 0.04345703125 0.076171875 0.0869140625
0 0.74560546875 0.04296875 0.0830078125 0.08203125
0 0.828125 0.103515625 0.078125 0.078125
0 0.76171875 0.17822265625 0.064453125 0.0810546875
0 0.81005859375 0.21533203125 0.0517578125 0.0576171875
0 0.8115234375 0.32568359375 0.060546875 0.0693359375
0 0.8701171875 0.3857421875 0.0546875 0.0546875
0 0.9580078125 0.341796875 0.060546875 0.087890625
0 0.89892578125 0.2099609375 0.0830078125 0.068359375
0 0.8876953125 0.2861328125 0.0625 0.076171875
0 0.658203125 0.423828125 0.056640625 0.0546875
0 0.064453125 0.7138671875 0.0859375 0.078125
0 0.43798828125 0.9658203125 0.0654296875 0.046875
0 0.9052734375 0.05078125 0.052734375 0.052734375
0 0.13671875 0.94677734375 0.044921875 0.0712890625
0 0.9658203125 0.9677734375 0.06640625 0.064453125
