0 0.666015625 0.43798828125 0.107421875 0.0771484375
0 0.2060546875 0.662109375 0.09765625 0.0703125
0 0.38232421875 0.50439453125 0.0751953125 0.0849609375
0 0.5673828125 0.13330078125 0.080078125 0.0830078125
0 0.73193359375 0.32080078125 0.0654296875 0.1181640625
0 0.24169921875 0.9169921875 0.0751953125 0.080078125
0 0.4921875 0.61181640625 0.16015625 0.0654296875
0 0.80078125 0.810546875 0.087890625 0.087890625
0 0.28173828125 0.85205078125 0.0751953125 0.1005859375
0 0.05615234375 0.6318359375 0.0673828125 0.064453125
0 0.431640625 0.38916015625 0.08984375 0.0849609375
0 0.0595703125 0.42822265625 0.119140625 0.1318359375
0 0.47216796875 0.99853515625 0.1298828125 0.0029296875
0 0.193359375 0.52197265625 0.11328125 0.1943359375
0 0.416015625 0.31689453125 0.16796875 0.0595703125
0 0.64453125 0.75341796875 0.115234375 0.1025390625
0 0.23583984375 0.3046875 0.0927734375 0.14453125
0 0.91357421875 0.47900390625 0.1240234375 0.0869140625
0 0.49560546875 0.97607421875 0.0869140625 0.0478515625
0 0.06494140625 0.1982421875 0.1298828125 0.2578125
0 0.54052734375 0.3623046875 0.1220703125 0.134765625
0 0.8046875 0.0458984375 0.294921875 0.087890625
0 0.3330078125 0.69189453125 0.09765625 0.0693359375
0 0.599609375 0.2470703125 0.189453125 0.125
0 0.7021484375 0.98974609375 0.10546875 0.0205078125
0 0.82177734375 0.17578125 0.0849609375 0.1484375
0 0.138671875 0.84423828125 0.107421875 0.1552734375
0 0.6083984375 0.9072265625 0.283203125 0.134765625
0 0.76611328125 0.96728515625 0.2822265625 0.0654296875
0 0.2021484375 0.8359375 0.109375 0.123046875
0 0.537109375 0.7783203125 0.08984375 0.11328125
0 0.255859375 0.130859375 0.373046875 0.072265625
0 0.5771484375 0.51416015625 0.294921875 0.0751953125
0 0.2646484375 0.3720703125 0.294921875 0.08984375
0 0.2744140625 0.53466796875 0.064453125 0.1806640625
0 0.20947265625 0.7470703125 0.0498046875 0.0546875
0 0.79931640625 0.94482421875 0.1103515625 0.1103515625
0 0.56298828125 0.96337890625 0.0771484375 0.0732421875
0 0.25439453125 0.7421875 0.0693359375 0.109375
0 0.2607421875 0.01025390625 0.09765625 0.0205078125
0 0.953125 0.32861328125 0.087890625 0.1376953125
0 0.9072265625 0.13232421875 0.060546875 0.1201171875
0 0.2158203125 0.20703125 0.087890625 0.060546875
0 0.63818359375 0.734375 0.1728515625 0.08984375
0 0.49560546875 0.50341796875 0.0673828125 0.2119140625
0 0.55224609375 0.63623046875 0.0498046875 0.1025390625
0 0.3857421875 0.404296875 0.052734375 0.150390625
0 0.97998046875 0.46044921875 0.0400390625 0.1025390625
0 0.1943359375 0.1708984375 0.08984375 0.04296875
