0 0.02197265625 0.1640625 0.0439453125 0.091796875
0 0.4296875 0.61083984375 0.060546875 0.0869140625
0 0.296875 0.60205078125 0.119140625 0.0634765625
0 0.103515625 0.8642578125 0.07421875 0.068359375
0 0.30517578125 0.2705078125 0.0615234375 0.1015625
0 0.7890625 0.18017578125 0.03515625 0.1044921875
0 0.89404296875 0.1748046875 0.0419921875 0.083984375
0 0.46923828125 0.220703125 0.1103515625 0.05859375
0 0.2353515625 0.47412109375 0.05859375 0.0908203125
0 0.2939453125 0.1962890625 0.044921875 0.099609375
0 0.4970703125 0.57958984375 0.05078125 0.0712890625
0 0.841796875 0.52490234375 0.09765625 0.0556640625
0 0.5322265625 0.5263671875 0.041015625 0.087890625
0 0.9462890625 0.47607421875 0.0234375 0.0732421875
0 0.87939453125 0.92626953125 0.0556640625 0.0751953125
0 0.56982421875 0.28662109375 0.0400390625 0.0595703125
0 0.96142578125 0.07568359375 0.0439453125 0.0341796875
0 0.1044921875 0.64453125 0.025390625 0.072265625
0 0.0146484375 0.89404296875 0.029296875 0.0537109375
0 0.359375 0.7021484375 0.044921875 0.05859375
0 0.9091796875 0.40087890625 0.025390625 0.0498046875
0 0.72705078125 0.6689453125 0.0576171875 0.05078125
0 0.75048828125 0.27099609375 0.0400390625 0.0732421875
0 0.341796875 0.03857421875 0.0390625 0.0439453125
0 0.28466796875 0.98828125 0.0537109375 0.0234375
0 0.61083984375 0.49072265625 0.0517578125 0.0380859375
0 0.07763671875 0.69921875 0.0517578125 0.04296875
0 0.0185546875 0.95361328125 0.037109375 0.0361328125
0 0.2431640625 0.525390625 0.05859375 0.060546875
0 0.607421875 0.94140625 0.05078125 0.060546875
0 0.451171875 0.5166015625 0.0546875 0.087890625
0 0.24462890625 0.03173828125 0.0634765625 0.0263671875
0 0.6435546875 0.62548828125 0.03125 0.0595703125
0 0.70751953125 0.375 0.0302734375 0.078125
0 0.9130859375 0.92919921875 0.025390625 0.0732421875
0 0.82861328125 0.53662109375 0.0732421875 0.0615234375
0 0.20703125 0.2353515625 0.0390625 0.05859375
0 0.84423828125 0.96484375 0.0498046875 0.03125
0 0.81005859375 0.3544921875 0.0400390625 0.05859375
0 0.869140625 0.01123046875 0.046875 0.0224609375
0 0.20751953125 0.92822265625 0.0556640625 0.0361328125
0 0.03125 0.62744140625 0.0625 0.0595703125
0 0.60009765625 0.06689453125 0.0361328125 0.0595703125
0 0.61279296875 0.86376953125 0.0537109375 0.0322265625
0 0.39306640625 0.93310546875 0.0908203125 0.0361328125
0 0.66015625 0.54638671875 0.046875 0.0634765625
0 0.7470703125 0.72412109375 0.029296875 0.0634765625
0 0.9189453125 0.26708984375 0.033203125 0.0654296875
0 0.1201171875 0.7275390625 0.03515625 0.056640625
0 0.669921875 0.24267578125 0.029296875 0.0654296875
0 0.77099609375 0.97412109375 0.0283203125 0.0478515625
0 0.01318359375 0.01220703125 0.0263671875 0.0224609375
0 0.07861328125 0.54296875 0.0361328125 0.048828125
0 0.5322265625 0.9619140625 0.060546875 0.044921875
0 0.60986328125 0.57275390625 0.0322265625 0.0634765625
0 0.73876953125 0.62548828125 0.0654296875 0.0498046875
0 0.853515625 0.6259765625 0.06640625 0.048828125
0 0.8955078125 0.76220703125 0.0546875 0.0478515625
0 0.70849609375 0.826171875 0.0771484375 0.0390625
0 0.57470703125 0.71923828125 0.1376953125 0.0361328125
0 0.56298828125 0.6181640625 0.0439453125 0.044921875
0 0.474609375 0.33203125 0.078125 0.05078125
0 0.45458984375 0.96044921875 0.0517578125 0.0693359375
0 0.87255859375 0.076171875 0.0947265625 0.05859375
0 0.4580078125 0.02001953125 0.056640625 0.0400390625
0 0.97705078125 0.89599609375 0.0458984375 0.0693359375
0 0.7802734375 0.9130859375 0.056640625 0.048828125
0 0.7021484375 0.91796875 0.048828125 0.046875
0 0.6103515625 0.9912109375 0.044921875 0.017578125
0 0.3623046875 0.97998046875 0.0546875 0.0400390625
