0 0.68994140625 0.794921875 0.0849609375 0.08203125
0 0.8173828125 0.4208984375 0.0625 0.07421875
0 0.8623046875 0.04638671875 0.07421875 0.0693359375
0 0.02685546875 0.7705078125 0.0537109375 0.04296875
0 0.2060546875 0.310546875 0.072265625 0.0546875
0 0.61962890625 0.27978515625 0.0458984375 0.0654296875
0 0.22265625 0.11279296875 0.078125 0.0712890625
0 0.7724609375 0.779296875 0.08984375 0.060546875
0 0.30712890625 0.15771484375 0.0576171875 0.0654296875
0 0.9345703125 0.75634765625 0.083984375 0.0751953125
0 0.21435546875 0.44287109375 0.0888671875 0.0634765625
0 0.9501953125 0.05224609375 0.052734375 0.0439453125
0 0.615234375 0.61279296875 0.1015625 0.0693359375
0 0.5478515625 0.1748046875 0.076171875 0.046875
0 0.6748046875 0.02685546875 0.0546875 0.0537109375
0 0.197265625 0.17919921875 0.107421875 0.0712890625
0 0.17626953125 0.45458984375 0.1123046875 0.0693359375
0 0.8994140625 0.78466796875 0.123046875 0.0654296875
0 0.12548828125 0.20361328125 0.0654296875 0.0419921875
0 0.23193359375 0.73095703125 0.0986328125 0.0419921875
0 0.62548828125 0.14306640625 0.1162109375 0.0654296875
0 0.322265625 0.72021484375 0.056640625 0.0361328125
0 0.12841796875 0.88525390625 0.1357421875 0.0712890625
0 0.18408203125 0.97119140625 0.0810546875 0.0400390625
0 0.04541015625 0.408203125 0.0869140625 0.064453125
0 0.27099609375 0.8876953125 0.0576171875 0.037109375
0 0.75830078125 0.0302734375 0.0556640625 0.04296875
0 0.36572265625 0.01708984375 0.0517578125 0.0322265625
0 0.193359375 0.75439453125 0.0703125 0.0478515625
0 0.37353515625 0.67333984375 0.0498046875 0.0283203125
0 0.513671875 0.083984375 0.080078125 0.05078125
0 0.27685546875 0.79150390625 0.0478515625 0.0732421875
0 0.3505859375 0.8505859375 0.05859375 0.033203125
0 0.74853515625 0.11328125 0.0830078125 0.0546875
0 0.57958984375 0.8857421875 0.0380859375 0.0703125
0 0.8857421875 0.7060546875 0.05859375 0.048828125
0 0.794921875 0.3515625 0.0546875 0.04296875
0 0.83544921875 0.53125 0.0419921875 0.0546875
0 0.587890625 0.23291015625 0.091796875 0.0595703125
0 0.69287109375 0.845703125 0.0791015625 0.05078125
0 0.1474609375 0.5302734375 0.078125 0.0390625
0 0.71337890625 0.55615234375 0.0751953125 0.0595703125
0 0.74072265625 0.9765625 0.0478515625 0.046875
0 0.642578125 0.556640625 0.08203125 0.05078125
0 0.91455078125 0.689453125 0.0478515625 0.0546875
0 0.06787109375 0.84033203125 0.0849609375 0.0380859375
0 0.08154296875 0.00634765625 0.0869140625 0.0126953125
0 0.958984375 0.22509765625 0.033203125 0.0478515625
0 0.82470703125 0.12646484375 0.0576171875 0.0712890625
0 0.65869140625 0.46630859375 0.1259765625 0.0634765625
0 0.06884765625 0.1015625 0.0791015625 0.060546875
0 0.3857421875 0.82080078125 0.048828125 0.0419921875
0 0.1611328125 0.12451171875 0.072265625 0.0361328125
0 0.5888671875 0.83740234375 0.07421875 0.0537109375
0 0.4482421875 0.912109375 0.046875 0.033203125
0 0.41015625 0.8955078125 0.09375 0.056640625
0 0.91015625 0.51318359375 0.041015625 0.0361328125
0 0.9169921875 0.13427734375 0.044921875 0.0458984375
0 0.7158203125 0.13232421875 0.07421875 0.0654296875
0 0.0556640625 0.865234375 0.06640625 0.037109375
