0 0.072265625 0.25732421875 0.1015625 0.0791015625
0 0.02099609375 0.1142578125 0.0419921875 0.111328125
0 0.119140625 0.09814453125 0.0703125 0.0908203125
0 0.05078125 0.01123046875 0.08203125 0.0224609375
0 0.01904296875 0.6416015625 0.0380859375 0.123046875
0 0.09814453125 0.56982421875 0.0908203125 0.1181640625
0 0.078125 0.67236328125 0.04296875 0.0751953125
0 0.18798828125 0.71728515625 0.0654296875 0.1083984375
0 0.05712890625 0.81396484375 0.0888671875 0.0654296875
0 0.08447265625 0.9560546875 0.0712890625 0.087890625
0 0.017578125 0.97998046875 0.03515625 0.0400390625
0 0.1572265625 0.97705078125 0.060546875 0.0458984375
0 0.8193359375 0.0849609375 0.10546875 0.16796875
0 0.92724609375 0.10498046875 0.1416015625 0.1181640625
0 0.962890625 0.2197265625 0.07421875 0.10546875
0 0.60595703125 0.24560546875 0.0712890625 0.0654296875
0 0.60791015625 0.32568359375 0.0810546875 0.1083984375
0 0.33642578125 0.31689453125 0.1123046875 0.0693359375
0 0.193359375 0.27392578125 0.04296875 0.0673828125
0 0.275390625 0.181640625 0.048828125 0.044921875
0 0.33984375 0.13720703125 0.060546875 0.0830078125
0 0.88623046875 0.32470703125 0.0986328125 0.0830078125
0 0.9501953125 0.44580078125 0.083984375 0.1240234375
0 0.8759765625 0.51416015625 0.0625 0.0732421875
0 0.5654296875 0.44091796875 0.0625 0.0986328125
0 0.4853515625 0.4384765625 0.080078125 0.083984375
0 0.6376953125 0.54638671875 0.107421875 0.1005859375
0 0.82421875 0.66162109375 0.119140625 0.1318359375
0 0.97314453125 0.5927734375 0.0537109375 0.0859375
0 0.96923828125 0.72265625 0.0615234375 0.138671875
0 0.48876953125 0.6904296875 0.0830078125 0.134765625
0 0.33935546875 0.685546875 0.1064453125 0.091796875
0 0.3671875 0.52783203125 0.076171875 0.0947265625
0 0.39013671875 0.3974609375 0.0712890625 0.056640625
0 0.26220703125 0.56103515625 0.1044921875 0.0712890625
0 0.2705078125 0.7548828125 0.078125 0.08984375
0 0.4599609375 0.84521484375 0.1015625 0.1142578125
0 0.6689453125 0.8388671875 0.09765625 0.111328125
0 0.5498046875 0.740234375 0.07421875 0.08203125
0 0.85009765625 0.94921875 0.1123046875 0.09375
0 0.41259765625 0.97998046875 0.0517578125 0.0400390625
0 0.248046875 0.9189453125 0.05859375 0.056640625
0 0.951171875 0.82177734375 0.080078125 0.1123046875
