0 0.6005859375 0.03369140625 0.0625 0.0673828125
0 0.9423828125 0.0419921875 0.115234375 0.083984375
0 0.91748046875 0.13330078125 0.0966796875 0.1240234375
0 0.6533203125 0.162109375 0.078125 0.09375
0 0.419921875 0.0498046875 0.064453125 0.07421875
0 0.25830078125 0.1611328125 0.0732421875 0.08203125
0 0.11328125 0.1025390625 0.11328125 0.048828125
0 0.17431640625 0.3349609375 0.0615234375 0.0625
0 0.2021484375 0.38232421875 0.0546875 0.0595703125
0 0.2412109375 0.2783203125 0.072265625 0.04296875
0 0.37255859375 0.2734375 0.0595703125 0.080078125
0 0.515625 0.349609375 0.06640625 0.109375
0 0.861328125 0.3193359375 0.072265625 0.1015625
0 0.98828125 0.291015625 0.0234375 0.126953125
0 0.267578125 0.47265625 0.09375 0.0703125
0 0.2607421875 0.583984375 0.111328125 0.0703125
0 0.1845703125 0.67822265625 0.056640625 0.1025390625
0 0.05810546875 0.78271484375 0.0693359375 0.0771484375
0 0.0185546875 0.62109375 0.037109375 0.12109375
0 0.4287109375 0.6474609375 0.09765625 0.21875
0 0.56201171875 0.70703125 0.1162109375 0.078125
0 0.46533203125 0.8662109375 0.0458984375 0.041015625
0 0.42431640625 0.904296875 0.0556640625 0.109375
0 0.455078125 0.97021484375 0.0625 0.0517578125
0 0.22412109375 0.87744140625 0.0576171875 0.0576171875
0 0.166015625 0.97265625 0.0625 0.0546875
0 0.8359375 0.74609375 0.11328125 0.115234375
0 0.8662109375 0.5830078125 0.08984375 0.1171875
0 0.89453125 0.88720703125 0.076171875 0.1455078125
0 0.982421875 0.53662109375 0.03515625 0.0908203125
