0 0.0185546875 0.10546875 0.037109375 0.052734375
0 0.01220703125 0.208984375 0.0244140625 0.083984375
0 0.0615234375 0.24169921875 0.1015625 0.0869140625
0 0.14697265625 0.208984375 0.0927734375 0.06640625
0 0.1669921875 0.09033203125 0.052734375 0.0751953125
0 0.06787109375 0.037109375 0.1005859375 0.07421875
0 0.267578125 0.130859375 0.048828125 0.068359375
0 0.33935546875 0.1728515625 0.0673828125 0.0625
0 0.42138671875 0.3291015625 0.0751953125 0.078125
0 0.482421875 0.20947265625 0.07421875 0.0615234375
0 0.46728515625 0.0927734375 0.0888671875 0.078125
0 0.56396484375 0.1162109375 0.1474609375 0.060546875
0 0.64794921875 0.1337890625 0.1220703125 0.078125
0 0.7783203125 0.29248046875 0.087890625 0.1162109375
0 0.849609375 0.24365234375 0.041015625 0.0556640625
0 0.8701171875 0.03369140625 0.0703125 0.0673828125
0 0.947265625 0.09033203125 0.10546875 0.0927734375
0 0.9560546875 0.2607421875 0.072265625 0.130859375
0 0.97265625 0.38232421875 0.0546875 0.0810546875
0 0.8388671875 0.3974609375 0.06640625 0.07421875
0 0.81640625 0.48876953125 0.0625 0.0693359375
0 0.9453125 0.50732421875 0.08203125 0.0595703125
0 0.7001953125 0.47607421875 0.0546875 0.0732421875
0 0.56103515625 0.46435546875 0.0634765625 0.0888671875
0 0.5048828125 0.39111328125 0.0859375 0.0869140625
0 0.60693359375 0.58251953125 0.0791015625 0.1220703125
0 0.19677734375 0.42822265625 0.1064453125 0.0810546875
0 0.21044921875 0.53662109375 0.1064453125 0.0732421875
0 0.0283203125 0.4912109375 0.056640625 0.119140625
0 0.0263671875 0.90380859375 0.052734375 0.1181640625
0 0.11181640625 0.931640625 0.0537109375 0.0703125
0 0.1513671875 0.9404296875 0.052734375 0.064453125
0 0.4453125 0.966796875 0.0703125 0.06640625
0 0.3447265625 0.8505859375 0.09375 0.162109375
0 0.41748046875 0.7109375 0.0673828125 0.1015625
0 0.458984375 0.68505859375 0.048828125 0.0556640625
0 0.4990234375 0.720703125 0.060546875 0.048828125
0 0.5849609375 0.84521484375 0.076171875 0.0732421875
0 0.5283203125 0.8935546875 0.060546875 0.0625
0 0.67138671875 0.98291015625 0.0673828125 0.0341796875
0 0.65283203125 0.89208984375 0.0634765625 0.0537109375
0 0.7060546875 0.84228515625 0.0625 0.1240234375
0 0.7265625 0.73828125 0.08984375 0.095703125
0 0.78271484375 0.83984375 0.0517578125 0.072265625
0 0.85791015625 0.80615234375 0.0458984375 0.0654296875
0 0.888671875 0.75439453125 0.056640625 0.0634765625
0 0.830078125 0.66796875 0.064453125 0.078125
0 0.861328125 0.86328125 0.05859375 0.06640625
0 0.98583984375 0.8369140625 0.0283203125 0.0625
0 0.986328125 0.943359375 0.02734375 0.11328125
0 0.98876953125 0.68994140625 0.0224609375 0.0751953125
0 0.9443359375 0.5830078125 0.111328125 0.076171875
0 0.306640625 0.052734375 0.05859375 0.060546875
0 0.4091796875 0.2998046875 0.0625 0.068359375
0 0.24658203125 0.82470703125 0.0361328125 0.0380859375
0 0.93505859375 0.23876953125 0.0673828125 0.1064453125
0 0.94384765625 0.31494140625 0.0927734375 0.0615234375
