0 0.47705078125 0.61328125 0.1005859375 0.107421875
0 0.10986328125 0.3046875 0.1103515625 0.099609375
0 0.509765625 0.29443359375 0.08984375 0.1044921875
0 0.1572265625 0.42919921875 0.10546875 0.0947265625
0 0.3994140625 0.9609375 0.109375 0.078125
0 0.46044921875 0.38427734375 0.0927734375 0.0947265625
0 0.0380859375 0.58544921875 0.07421875 0.0751953125
0 0.48486328125 0.751953125 0.0751953125 0.07421875
0 0.306640625 0.49609375 0.080078125 0.09765625
0 0.5859375 0.97998046875 0.123046875 0.0400390625
0 0.85986328125 0.68359375 0.1123046875 0.087890625
0 0.609375 0.9208984375 0.185546875 0.091796875
0 0.1533203125 0.541015625 0.15234375 0.1171875
0 0.1220703125 0.7919921875 0.095703125 0.099609375
0 0.25927734375 0.83349609375 0.1201171875 0.0771484375
0 0.9091796875 0.095703125 0.134765625 0.091796875
0 0.7919921875 0.32470703125 0.10546875 0.0947265625
0 0.353515625 0.23046875 0.072265625 0.1171875
0 0.21923828125 0.7734375 0.1103515625 0.087890625
0 0.759765625 0.40478515625 0.08984375 0.1201171875
0 0.27392578125 0.22998046875 0.0732421875 0.1611328125
0 0.42333984375 0.1259765625 0.0771484375 0.107421875
0 0.92578125 0.3095703125 0.08203125 0.080078125
0 0.94970703125 0.77978515625 0.0966796875 0.1123046875
0 0.93310546875 0.376953125 0.1220703125 0.08984375
0 0.947265625 0.51708984375 0.10546875 0.1142578125
0 0.27001953125 0.38720703125 0.0517578125 0.0869140625
0 0.48193359375 0.17822265625 0.0849609375 0.0830078125
0 0.630859375 0.13671875 0.08203125 0.08984375
0 0.37939453125 0.06103515625 0.0927734375 0.1201171875
0 0.6279296875 0.3486328125 0.724609375 0.697265625
0 0.2431640625 0.14990234375 0.0546875 0.0849609375
