0 0.9365234375 0.5087890625 0.0546875 0.08203125
0 0.94482421875 0.36572265625 0.0498046875 0.0869140625
0 0.5185546875 0.0966796875 0.0625 0.080078125
0 0.259765625 0.44970703125 0.05859375 0.0693359375
0 0.46728515625 0.51611328125 0.1240234375 0.0595703125
0 0.73388671875 0.79052734375 0.0927734375 0.0732421875
0 0.29150390625 0.1943359375 0.0791015625 0.08203125
0 0.21728515625 0.23291015625 0.0810546875 0.0537109375
0 0.21240234375 0.17138671875 0.0498046875 0.0712890625
0 0.21484375 0.61572265625 0.1015625 0.0654296875
0 0.2353515625 0.087890625 0.07421875 0.0625
0 0.48046875 0.85986328125 0.0625 0.0771484375
0 0.59814453125 0.77197265625 0.0673828125 0.0517578125
0 0.578125 0.5361328125 0.09375 0.052734375
0 0.89013671875 0.4189453125 0.0908203125 0.05859375
0 0.03857421875 0.26953125 0.0771484375 0.056640625
0 0.8369140625 0.71826171875 0.07421875 0.0849609375
0 0.521484375 0.9140625 0.1328125 0.068359375
0 0.5546875 0.01904296875 0.076171875 0.0361328125
0 0.41943359375 0.2314453125 0.1142578125 0.064453125
0 0.10595703125 0.259765625 0.0615234375 0.04296875
0 0.767578125 0.51806640625 0.08984375 0.0517578125
0 0.05224609375 0.16162109375 0.0634765625 0.0517578125
0 0.46923828125 0.45263671875 0.0615234375 0.0693359375
0 0.27490234375 0.013671875 0.0751953125 0.025390625
0 0.7451171875 0.54052734375 0.052734375 0.0517578125
0 0.751953125 0.6611328125 0.0546875 0.05078125
0 0.66357421875 0.03369140625 0.0888671875 0.0498046875
0 0.5302734375 0.580078125 0.0703125 0.0390625
0 0.61376953125 0.74267578125 0.0302734375 0.0732421875
0 0.5283203125 0.6748046875 0.068359375 0.044921875
0 0.439453125 0.31201171875 0.06640625 0.0576171875
0 0.10498046875 0.4892578125 0.0751953125 0.05078125
0 0.36865234375 0.697265625 0.1162109375 0.05078125
0 0.0322265625 0.716796875 0.064453125 0.05078125
0 0.6484375 0.63330078125 0.07421875 0.0419921875
0 0.55224609375 0.49560546875 0.1181640625 0.0771484375
0 0.97998046875 0.47412109375 0.0400390625 0.0478515625
0 0.6103515625 0.3125 0.076171875 0.044921875
0 0.86572265625 0.7763671875 0.0498046875 0.060546875
0 0.60693359375 0.65087890625 0.1103515625 0.0673828125
0 0.60986328125 0.0185546875 0.0263671875 0.037109375
0 0.92578125 0.01318359375 0.033203125 0.0263671875
0 0.20458984375 0.56787109375 0.0615234375 0.0283203125
0 0.39453125 0.6328125 0.05859375 0.0546875
0 0.52734375 0.62060546875 0.0625 0.0400390625
0 0.7490234375 0.865234375 0.044921875 0.041015625
0 0.76708984375 0.919921875 0.0556640625 0.044921875
0 0.345703125 0.7705078125 0.06640625 0.037109375
0 0.3466796875 0.60205078125 0.0625 0.0478515625
0 0.26708984375 0.03759765625 0.0654296875 0.0341796875
0 0.2275390625 0.677734375 0.048828125 0.029296875
0 0.36279296875 0.7431640625 0.0927734375 0.04296875
0 0.97607421875 0.9599609375 0.0478515625 0.04296875
0 0.13671875 0.1416015625 0.044921875 0.03515625
0 0.58251953125 0.96826171875 0.0693359375 0.0498046875
0 0.33251953125 0.66357421875 0.0595703125 0.0380859375
0 0.06640625 0.447265625 0.0546875 0.080078125
0 0.49365234375 0.220703125 0.0537109375 0.052734375
0 0.79345703125 0.26953125 0.0556640625 0.06640625
0 0.6943359375 0.8310546875 0.06640625 0.056640625
0 0.43994140625 0.09521484375 0.0458984375 0.0537109375
0 0.87744140625 0.68603515625 0.0419921875 0.0478515625
0 0.50830078125 0.64208984375 0.0634765625 0.0400390625
