0 0.01953125 0.9599609375 0.0390625 0.056640625
0 0.16552734375 0.9833984375 0.0595703125 0.033203125
0 0.046875 0.91064453125 0.0625 0.0556640625
0 0.1279296875 0.908203125 0.068359375 0.0625
0 0.07421875 0.837890625 0.0859375 0.06640625
0 0.2607421875 0.8857421875 0.087890625 0.08203125
0 0.06494140625 0.67626953125 0.0595703125 0.0771484375
0 0.029296875 0.6044921875 0.05859375 0.0859375
0 0.0830078125 0.5771484375 0.07421875 0.060546875
0 0.142578125 0.62548828125 0.126953125 0.0673828125
0 0.15185546875 0.5654296875 0.0595703125 0.064453125
0 0.11376953125 0.11669921875 0.0693359375 0.0654296875
0 0.13037109375 0.02490234375 0.0732421875 0.0498046875
0 0.24365234375 0.05078125 0.0556640625 0.0859375
0 0.43994140625 0.06103515625 0.0654296875 0.0771484375
0 0.28662109375 0.1513671875 0.0986328125 0.080078125
0 0.20947265625 0.29833984375 0.0810546875 0.0654296875
0 0.2451171875 0.2470703125 0.064453125 0.0625
0 0.41796875 0.1640625 0.076171875 0.056640625
0 0.060546875 0.41064453125 0.0625 0.0654296875
0 0.1650390625 0.3681640625 0.068359375 0.06640625
0 0.09814453125 0.4521484375 0.0634765625 0.068359375
0 0.0380859375 0.46142578125 0.05859375 0.0693359375
0 0.3046875 0.4482421875 0.080078125 0.072265625
0 0.357421875 0.51416015625 0.0703125 0.0595703125
0 0.43310546875 0.44384765625 0.0712890625 0.1337890625
0 0.38330078125 0.42333984375 0.0537109375 0.0634765625
0 0.3876953125 0.36181640625 0.072265625 0.0673828125
0 0.6015625 0.42431640625 0.083984375 0.0712890625
0 0.65673828125 0.43505859375 0.0537109375 0.0654296875
0 0.66845703125 0.35546875 0.0537109375 0.064453125
0 0.77099609375 0.35400390625 0.0888671875 0.0537109375
0 0.7353515625 0.46240234375 0.091796875 0.0595703125
0 0.4326171875 0.6953125 0.0625 0.10546875
0 0.47900390625 0.60986328125 0.0712890625 0.0947265625
0 0.49951171875 0.77490234375 0.0576171875 0.0595703125
0 0.56640625 0.78271484375 0.056640625 0.0439453125
0 0.578125 0.8251953125 0.08203125 0.05078125
0 0.60888671875 0.716796875 0.0654296875 0.107421875
0 0.66015625 0.75537109375 0.08203125 0.0849609375
0 0.72900390625 0.61767578125 0.0693359375 0.0634765625
0 0.6875 0.6875 0.080078125 0.072265625
0 0.46240234375 0.91259765625 0.1005859375 0.0712890625
0 0.52783203125 0.955078125 0.0693359375 0.076171875
0 0.71435546875 0.93603515625 0.0830078125 0.0869140625
0 0.7138671875 0.95263671875 0.1171875 0.0947265625
0 0.74658203125 0.8310546875 0.0517578125 0.07421875
0 0.7978515625 0.82958984375 0.064453125 0.0673828125
0 0.89453125 0.95751953125 0.103515625 0.0849609375
0 0.943359375 0.9541015625 0.056640625 0.05859375
0 0.859375 0.5498046875 0.064453125 0.076171875
0 0.89697265625 0.5732421875 0.0771484375 0.166015625
0 0.95751953125 0.337890625 0.0849609375 0.083984375
0 0.970703125 0.2705078125 0.05859375 0.072265625
0 0.8857421875 0.25 0.0625 0.091796875
0 0.51708984375 0.09033203125 0.0537109375 0.0478515625
0 0.57470703125 0.099609375 0.0576171875 0.052734375
0 0.59521484375 0.05126953125 0.0771484375 0.0595703125
0 0.765625 0.1259765625 0.05859375 0.056640625
0 0.85693359375 0.11328125 0.0537109375 0.05078125
0 0.0078125 0.67431640625 0.015625 0.0810546875
0 0.47802734375 0.01220703125 0.0439453125 0.0244140625
