0 0.03564453125 0.54736328125 0.0712890625 0.0849609375
0 0.90576171875 0.48876953125 0.0791015625 0.0673828125
0 0.53271484375 0.37255859375 0.0693359375 0.1162109375
0 0.18896484375 0.20166015625 0.0693359375 0.0810546875
0 0.09619140625 0.27294921875 0.0498046875 0.0693359375
0 0.94921875 0.1689453125 0.0546875 0.103515625
0 0.40771484375 0.9150390625 0.0478515625 0.078125
0 0.37255859375 0.7734375 0.0693359375 0.0625
0 0.59326171875 0.095703125 0.0732421875 0.072265625
0 0.94970703125 0.30908203125 0.0576171875 0.0693359375
0 0.34814453125 0.50732421875 0.0439453125 0.0908203125
0 0.65087890625 0.56201171875 0.0283203125 0.0830078125
0 0.60205078125 0.4541015625 0.0263671875 0.103515625
0 0.17138671875 0.12548828125 0.0244140625 0.0888671875
0 0.6640625 0.12548828125 0.0546875 0.0712890625
0 0.84912109375 0.5830078125 0.0478515625 0.083984375
0 0.72119140625 0.53271484375 0.0400390625 0.0751953125
0 0.0244140625 0.8681640625 0.048828125 0.048828125
0 0.115234375 0.798828125 0.072265625 0.044921875
0 0.2509765625 0.90283203125 0.0390625 0.0712890625
0 0.26904296875 0.78564453125 0.0634765625 0.0595703125
0 0.7705078125 0.7314453125 0.029296875 0.080078125
0 0.39892578125 0.62841796875 0.0361328125 0.0576171875
0 0.48828125 0.60302734375 0.0390625 0.0810546875
0 0.3154296875 0.6318359375 0.072265625 0.046875
0 0.07470703125 0.20751953125 0.0361328125 0.0615234375
0 0.38623046875 0.14697265625 0.0498046875 0.1298828125
0 0.70751953125 0.2509765625 0.0302734375 0.076171875
0 0.93359375 0.83740234375 0.03125 0.0888671875
0 0.4248046875 0.12109375 0.037109375 0.072265625
0 0.46533203125 0.19921875 0.0576171875 0.087890625
0 0.3583984375 0.154296875 0.05078125 0.07421875
0 0.62744140625 0.9169921875 0.0634765625 0.064453125
0 0.1171875 0.5673828125 0.05859375 0.052734375
0 0.9248046875 0.83447265625 0.03125 0.0908203125
0 0.98193359375 0.70166015625 0.0361328125 0.0732421875
0 0.16015625 0.87646484375 0.076171875 0.0283203125
0 0.15234375 0.015625 0.0390625 0.03125
0 0.02587890625 0.81591796875 0.0517578125 0.0595703125
0 0.60693359375 0.15966796875 0.0302734375 0.0986328125
0 0.873046875 0.884765625 0.0546875 0.060546875
0 0.81201171875 0.2197265625 0.0654296875 0.04296875
0 0.6640625 0.8828125 0.041015625 0.056640625
0 0.005859375 0.66015625 0.01171875 0.03515625
0 0.7041015625 0.9736328125 0.02734375 0.052734375
0 0.7568359375 0.20654296875 0.048828125 0.0654296875
0 0.6650390625 0.7158203125 0.0234375 0.0625
0 0.98583984375 0.91015625 0.0283203125 0.05859375
0 0.451171875 0.2646484375 0.103515625 0.048828125
0 0.533203125 0.90673828125 0.05078125 0.0439453125
0 0.4052734375 0.71044921875 0.04296875 0.0419921875
0 0.94677734375 0.02294921875 0.0361328125 0.0458984375
0 0.1533203125 0.20947265625 0.041015625 0.0654296875
0 0.8408203125 0.02392578125 0.037109375 0.0478515625
0 0.482421875 0.98291015625 0.03515625 0.0341796875
0 0.63427734375 0.880859375 0.0400390625 0.05078125
0 0.83447265625 0.83935546875 0.0556640625 0.0400390625
