0 0.12890625 0.5615234375 0.076171875 0.107421875
0 0.19677734375 0.5673828125 0.0458984375 0.0625
0 0.12646484375 0.4609375 0.0771484375 0.078125
0 0.205078125 0.44482421875 0.091796875 0.0576171875
0 0.20263671875 0.30615234375 0.0634765625 0.0712890625
0 0.22900390625 0.19775390625 0.1162109375 0.0732421875
0 0.0185546875 0.2353515625 0.037109375 0.076171875
0 0.033203125 0.12548828125 0.06640625 0.1005859375
0 0.08544921875 0.1220703125 0.0634765625 0.111328125
0 0.0341796875 0.0361328125 0.060546875 0.072265625
0 0.412109375 0.193359375 0.06640625 0.1015625
0 0.40673828125 0.31787109375 0.0419921875 0.0478515625
0 0.599609375 0.27978515625 0.0546875 0.1025390625
0 0.5537109375 0.1572265625 0.05859375 0.095703125
0 0.6552734375 0.16162109375 0.0625 0.1259765625
0 0.73583984375 0.12890625 0.0654296875 0.14453125
0 0.82275390625 0.2802734375 0.0634765625 0.080078125
0 0.91455078125 0.26513671875 0.0556640625 0.0986328125
0 0.97216796875 0.21240234375 0.0556640625 0.0966796875
0 0.9013671875 0.17919921875 0.123046875 0.0693359375
0 0.8701171875 0.12109375 0.119140625 0.099609375
0 0.91748046875 0.0498046875 0.0830078125 0.06640625
0 0.609375 0.40234375 0.08203125 0.158203125
0 0.47900390625 0.43017578125 0.0693359375 0.0517578125
0 0.64453125 0.5517578125 0.0625 0.068359375
0 0.79052734375 0.56201171875 0.0654296875 0.0595703125
0 0.953125 0.39013671875 0.0625 0.0654296875
0 0.84423828125 0.66748046875 0.0556640625 0.0810546875
0 0.6513671875 0.744140625 0.068359375 0.060546875
0 0.57666015625 0.7509765625 0.0732421875 0.05859375
0 0.4521484375 0.65625 0.09375 0.087890625
0 0.3515625 0.61474609375 0.060546875 0.0712890625
0 0.27685546875 0.61376953125 0.0791015625 0.0771484375
0 0.07470703125 0.62646484375 0.0478515625 0.0478515625
0 0.1748046875 0.83154296875 0.103515625 0.0634765625
0 0.1875 0.931640625 0.068359375 0.076171875
0 0.25830078125 0.9814453125 0.1240234375 0.037109375
0 0.4814453125 0.96435546875 0.08203125 0.0537109375
0 0.4541015625 0.8388671875 0.056640625 0.08984375
0 0.5546875 0.8125 0.044921875 0.06640625
0 0.6357421875 0.837890625 0.080078125 0.076171875
0 0.6318359375 0.89013671875 0.05859375 0.0498046875
0 0.7255859375 0.86376953125 0.05859375 0.0595703125
0 0.75146484375 0.78662109375 0.0712890625 0.0693359375
0 0.83544921875 0.7841796875 0.0595703125 0.078125
0 0.904296875 0.810546875 0.056640625 0.076171875
0 0.931640625 0.716796875 0.0546875 0.08984375
0 0.9794921875 0.705078125 0.041015625 0.080078125
0 0.9609375 0.6298828125 0.076171875 0.068359375
0 0.79345703125 0.9423828125 0.0986328125 0.0546875
0 0.8310546875 0.86865234375 0.09375 0.0693359375
0 0.91455078125 0.88623046875 0.0537109375 0.0595703125
0 0.337890625 0.95654296875 0.12109375 0.0869140625
0 0.33642578125 0.85693359375 0.0478515625 0.0517578125
0 0.68115234375 0.9794921875 0.0517578125 0.041015625
