0 0.5283203125 0.609375 0.1328125 0.08984375
0 0.31396484375 0.89794921875 0.0927734375 0.0791015625
0 0.4619140625 0.1357421875 0.10546875 0.09765625
0 0.45068359375 0.3095703125 0.1181640625 0.08984375
0 0.669921875 0.7236328125 0.125 0.078125
0 0.54345703125 0.8671875 0.1220703125 0.10546875
0 0.927734375 0.8623046875 0.14453125 0.078125
0 0.5380859375 0.76904296875 0.15625 0.0888671875
0 0.220703125 0.5234375 0.091796875 0.087890625
0 0.390625 0.7880859375 0.09375 0.09375
0 0.44482421875 0.91162109375 0.0791015625 0.0732421875
0 0.21484375 0.15185546875 0.080078125 0.0751953125
0 0.89013671875 0.64306640625 0.0947265625 0.0771484375
0 0.18701171875 0.30810546875 0.1103515625 0.0830078125
0 0.44189453125 0.61962890625 0.1494140625 0.0849609375
0 0.33349609375 0.5986328125 0.0830078125 0.142578125
0 0.2470703125 0.58203125 0.119140625 0.0703125
0 0.0380859375 0.076171875 0.0625 0.107421875
0 0.20849609375 0.02685546875 0.0927734375 0.0498046875
0 0.7099609375 0.3203125 0.1328125 0.044921875
0 0.97412109375 0.74462890625 0.0517578125 0.0673828125
