0 0.890625 0.21240234375 0.1328125 0.0751953125
0 0.0341796875 0.197265625 0.068359375 0.068359375
0 0.89306640625 0.4169921875 0.1123046875 0.10546875
0 0.91015625 0.7138671875 0.087890625 0.080078125
0 0.08837890625 0.3232421875 0.0771484375 0.068359375
0 0.9326171875 0.5263671875 0.068359375 0.078125
0 0.74951171875 0.0302734375 0.0927734375 0.060546875
0 0.0224609375 0.5146484375 0.044921875 0.095703125
0 0.76611328125 0.50830078125 0.1123046875 0.1083984375
0 0.05859375 0.74951171875 0.072265625 0.1455078125
0 0.63232421875 0.193359375 0.1650390625 0.15234375
0 0.81201171875 0.4296875 0.1103515625 0.080078125
0 0.18408203125 0.7431640625 0.1748046875 0.0703125
0 0.68017578125 0.619140625 0.0849609375 0.08984375
0 0.9521484375 0.29931640625 0.08203125 0.0732421875
0 0.95703125 0.0771484375 0.0859375 0.064453125
0 0.978515625 0.5322265625 0.04296875 0.048828125
