0 0.095703125 0.4599609375 0.04296875 0.142578125
0 0.49853515625 0.34716796875 0.0439453125 0.0947265625
0 0.02685546875 0.5029296875 0.0283203125 0.078125
0 0.49658203125 0.15478515625 0.0263671875 0.0966796875
0 0.1318359375 0.162109375 0.05859375 0.125
0 0.2919921875 0.62109375 0.048828125 0.109375
0 0.58447265625 0.24267578125 0.0576171875 0.0498046875
0 0.91796875 0.423828125 0.064453125 0.04296875
0 0.94482421875 0.2060546875 0.0244140625 0.08203125
0 0.56494140625 0.1181640625 0.0537109375 0.052734375
0 0.779296875 0.28173828125 0.025390625 0.0576171875
0 0.3984375 0.3212890625 0.064453125 0.048828125
0 0.93017578125 0.89306640625 0.0595703125 0.0400390625
0 0.2666015625 0.5283203125 0.0625 0.0546875
0 0.08740234375 0.23583984375 0.0478515625 0.0517578125
0 0.75048828125 0.25537109375 0.0263671875 0.0751953125
0 0.4365234375 0.52978515625 0.080078125 0.0439453125
0 0.931640625 0.208984375 0.037109375 0.080078125
0 0.57177734375 0.423828125 0.0830078125 0.044921875
0 0.4755859375 0.66552734375 0.056640625 0.0498046875
0 0.89013671875 0.48828125 0.0263671875 0.052734375
0 0.56884765625 0.52783203125 0.0888671875 0.0322265625
0 0.7919921875 0.76904296875 0.0546875 0.0615234375
0 0.8955078125 0.15478515625 0.060546875 0.0634765625
0 0.81640625 0.3232421875 0.0390625 0.08984375
0 0.1279296875 0.7021484375 0.080078125 0.04296875
0 0.25 0.57080078125 0.111328125 0.0458984375
0 0.78271484375 0.6201171875 0.0302734375 0.0546875
0 0.0966796875 0.27587890625 0.037109375 0.0361328125
0 0.685546875 0.1982421875 0.0390625 0.060546875
0 0.77978515625 0.5068359375 0.0439453125 0.052734375
0 0.77587890625 0.32421875 0.0986328125 0.083984375
0 0.576171875 0.916015625 0.041015625 0.041015625
0 0.88623046875 0.53759765625 0.0380859375 0.0576171875
0 0.82666015625 0.5712890625 0.0439453125 0.037109375
0 0.56005859375 0.5380859375 0.0810546875 0.037109375
0 0.4609375 0.17919921875 0.05078125 0.0556640625
0 0.8525390625 0.49951171875 0.029296875 0.0751953125
0 0.861328125 0.33056640625 0.046875 0.0478515625
0 0.3603515625 0.94384765625 0.0703125 0.0263671875
0 0.55810546875 0.0537109375 0.0419921875 0.029296875
0 0.541015625 0.486328125 0.05078125 0.064453125
0 0.17529296875 0.07275390625 0.0478515625 0.0244140625
0 0.35498046875 0.9658203125 0.0712890625 0.029296875
0 0.09765625 0.41943359375 0.0390625 0.0849609375
0 0.4384765625 0.7080078125 0.1171875 0.052734375
0 0.54931640625 0.76171875 0.0751953125 0.0703125
0 0.23828125 0.90625 0.072265625 0.060546875
0 0.2177734375 0.80615234375 0.064453125 0.0556640625
0 0.72412109375 0.48388671875 0.0869140625 0.0732421875
0 0.3916015625 0.84619140625 0.056640625 0.0419921875
0 0.26904296875 0.85107421875 0.0654296875 0.0712890625
0 0.51318359375 0.82373046875 0.0517578125 0.0419921875
0 0.54638671875 0.8466796875 0.0537109375 0.03125
0 0.50341796875 0.8740234375 0.0771484375 0.0625
0 0.45654296875 0.8798828125 0.0654296875 0.04296875
0 0.93310546875 0.51416015625 0.0283203125 0.0322265625
