0 0.7822265625 0.560546875 0.115234375 0.09765625
0 0.70556640625 0.40966796875 0.0908203125 0.0986328125
0 0.2958984375 0.31103515625 0.1640625 0.0849609375
0 0.67333984375 0.54296875 0.0654296875 0.080078125
0 0.8134765625 0.439453125 0.126953125 0.099609375
0 0.25537109375 0.64501953125 0.1279296875 0.1083984375
0 0.060546875 0.99853515625 0.09765625 0.0029296875
0 0.0361328125 0.8056640625 0.072265625 0.107421875
0 0.6845703125 0.78173828125 0.1171875 0.0751953125
0 0.80078125 0.8857421875 0.154296875 0.134765625
0 0.79443359375 0.21337890625 0.1435546875 0.1201171875
0 0.095703125 0.3134765625 0.09765625 0.08203125
0 0.02978515625 0.4267578125 0.0595703125 0.115234375
0 0.6416015625 0.146484375 0.0703125 0.0703125
0 0.87158203125 0.0927734375 0.1181640625 0.126953125
0 0.77978515625 0.33544921875 0.1162109375 0.0869140625
0 0.72216796875 0.10986328125 0.0751953125 0.0595703125
0 0.0859375 0.42041015625 0.078125 0.0869140625
0 0.0341796875 0.146484375 0.068359375 0.1328125
