0 0.658203125 0.08447265625 0.09765625 0.0810546875
0 0.6533203125 0.17822265625 0.091796875 0.0810546875
0 0.72216796875 0.216796875 0.0634765625 0.06640625
0 0.79150390625 0.26611328125 0.0888671875 0.0712890625
0 0.6416015625 0.2890625 0.080078125 0.0703125
0 0.4609375 0.36474609375 0.072265625 0.0693359375
0 0.34130859375 0.28466796875 0.0791015625 0.0615234375
0 0.2744140625 0.11572265625 0.103515625 0.0673828125
0 0.12939453125 0.07373046875 0.0908203125 0.0673828125
0 0.2587890625 0.37841796875 0.095703125 0.0849609375
0 0.4501953125 0.6396484375 0.0859375 0.107421875
0 0.12744140625 0.51708984375 0.0908203125 0.0771484375
0 0.17333984375 0.42822265625 0.0673828125 0.0576171875
0 0.0478515625 0.35791015625 0.087890625 0.0634765625
0 0.640625 0.40625 0.08203125 0.078125
0 0.78564453125 0.36962890625 0.0595703125 0.0673828125
0 0.88818359375 0.41650390625 0.0693359375 0.0693359375
0 0.96435546875 0.2705078125 0.0712890625 0.072265625
0 0.97021484375 0.43017578125 0.0595703125 0.0693359375
0 0.06591796875 0.71142578125 0.1318359375 0.0810546875
0 0.3466796875 0.74072265625 0.1484375 0.0869140625
0 0.21923828125 0.77783203125 0.0751953125 0.0751953125
0 0.06689453125 0.8369140625 0.1337890625 0.087890625
0 0.2607421875 0.94580078125 0.099609375 0.0810546875
0 0.1005859375 0.96923828125 0.0703125 0.0615234375
0 0.0302734375 0.94482421875 0.056640625 0.0947265625
0 0.4638671875 0.93115234375 0.11328125 0.0986328125
0 0.56689453125 0.896484375 0.0888671875 0.056640625
0 0.6650390625 0.81884765625 0.103515625 0.0810546875
0 0.6025390625 0.70654296875 0.0703125 0.0595703125
0 0.6689453125 0.64111328125 0.080078125 0.0634765625
0 0.50830078125 0.69580078125 0.0869140625 0.0810546875
0 0.720703125 0.892578125 0.080078125 0.078125
0 0.81591796875 0.81982421875 0.0791015625 0.0634765625
0 0.97021484375 0.86181640625 0.0595703125 0.0595703125
0 0.9873046875 0.75830078125 0.025390625 0.0673828125
0 0.47900390625 0.15283203125 0.0947265625 0.0791015625
0 0.708984375 0.330078125 0.048828125 0.056640625
0 0.349609375 0.3896484375 0.09375 0.091796875
0 0.5625 0.78173828125 0.08984375 0.1123046875
