0 0.751953125 0.03857421875 0.109375 0.0771484375
0 0.35498046875 0.24462890625 0.1162109375 0.0947265625
0 0.310546875 0.7587890625 0.109375 0.087890625
0 0.87060546875 0.9404296875 0.1376953125 0.11328125
0 0.03466796875 0.814453125 0.0693359375 0.10546875
0 0.16064453125 0.787109375 0.1181640625 0.099609375
0 0.41162109375 0.49853515625 0.1201171875 0.0947265625
0 0.216796875 0.73486328125 0.095703125 0.0947265625
0 0.04931640625 0.48193359375 0.0947265625 0.0849609375
0 0.53564453125 0.087890625 0.0947265625 0.095703125
0 0.662109375 0.14599609375 0.279296875 0.1123046875
0 0.083984375 0.62548828125 0.119140625 0.2236328125
0 0.92333984375 0.8671875 0.1533203125 0.1328125
0 0.27197265625 0.04248046875 0.1748046875 0.0849609375
0 0.14697265625 0.03662109375 0.1357421875 0.0732421875
0 0.15576171875 0.61669921875 0.0732421875 0.2099609375
0 0.09814453125 0.93359375 0.0927734375 0.1328125
0 0.197265625 0.29443359375 0.14453125 0.1552734375
0 0.8525390625 0.177734375 0.294921875 0.23046875
0 0.2470703125 0.5205078125 0.080078125 0.0625
0 0.13916015625 0.24609375 0.0849609375 0.107421875
0 0.56201171875 0.2431640625 0.0947265625 0.08203125
0 0.20849609375 0.64306640625 0.0537109375 0.1064453125
