0 0.01611328125 0.44384765625 0.0322265625 0.1240234375
0 0.07763671875 0.71728515625 0.1123046875 0.1669921875
0 0.29248046875 0.76806640625 0.0849609375 0.1279296875
0 0.2021484375 0.912109375 0.123046875 0.140625
0 0.41650390625 0.7568359375 0.1123046875 0.1328125
0 0.58056640625 0.5576171875 0.0966796875 0.1015625
0 0.72998046875 0.6865234375 0.0791015625 0.091796875
0 0.85302734375 0.48046875 0.1865234375 0.0859375
0 0.818359375 0.56884765625 0.078125 0.0498046875
0 0.4873046875 0.400390625 0.095703125 0.06640625
0 0.5107421875 0.296875 0.103515625 0.1015625
0 0.2978515625 0.24609375 0.09375 0.07421875
0 0.04541015625 0.1806640625 0.0908203125 0.103515625
0 0.4482421875 0.162109375 0.099609375 0.06640625
0 0.5830078125 0.1826171875 0.1171875 0.072265625
0 0.67041015625 0.29052734375 0.1513671875 0.0732421875
0 0.7353515625 0.40234375 0.08984375 0.05859375
0 0.974609375 0.255859375 0.05078125 0.05078125
0 0.96533203125 0.314453125 0.0693359375 0.07421875
0 0.974609375 0.48876953125 0.05078125 0.0673828125
0 0.94140625 0.71484375 0.095703125 0.142578125
