0 0.0224609375 0.51513671875 0.044921875 0.0458984375
0 0.05322265625 0.169921875 0.1064453125 0.080078125
0 0.1640625 0.12158203125 0.06640625 0.1435546875
0 0.04052734375 0.72705078125 0.0810546875 0.0947265625
0 0.04248046875 0.64208984375 0.0849609375 0.0693359375
0 0.42236328125 0.64013671875 0.1220703125 0.1025390625
0 0.546875 0.5 0.091796875 0.1171875
0 0.01904296875 0.90234375 0.0380859375 0.08203125
0 0.05224609375 0.84326171875 0.0869140625 0.1083984375
0 0.10595703125 0.91650390625 0.1220703125 0.0869140625
0 0.29736328125 0.96435546875 0.2783203125 0.0712890625
0 0.412109375 0.82080078125 0.064453125 0.1005859375
0 0.3515625 0.84326171875 0.078125 0.1123046875
0 0.52099609375 0.8349609375 0.1181640625 0.158203125
0 0.52978515625 0.94287109375 0.0693359375 0.1103515625
0 0.75830078125 0.11083984375 0.0751953125 0.0947265625
0 0.9140625 0.03466796875 0.115234375 0.0673828125
0 0.9404296875 0.2236328125 0.119140625 0.111328125
0 0.93994140625 0.11083984375 0.1162109375 0.0849609375
0 0.7763671875 0.4228515625 0.087890625 0.09375
0 0.90673828125 0.42333984375 0.1240234375 0.1435546875
0 0.49951171875 0.400390625 0.2236328125 0.298828125
0 0.7451171875 0.53076171875 0.201171875 0.0927734375
0 0.9267578125 0.6630859375 0.146484375 0.078125
0 0.7275390625 0.84619140625 0.123046875 0.0791015625
0 0.90185546875 0.87109375 0.1962890625 0.103515625
0 0.76416015625 0.974609375 0.0869140625 0.05078125
0 0.84228515625 0.9775390625 0.1103515625 0.044921875
0 0.0888671875 0.1865234375 0.09765625 0.06640625
0 0.47265625 0.857421875 0.072265625 0.046875
0 0.5673828125 0.75390625 0.048828125 0.044921875
0 0.43896484375 0.01513671875 0.0478515625 0.0302734375
0 0.39453125 0.01806640625 0.037109375 0.0361328125
0 0.41015625 0.12353515625 0.140625 0.2138671875
0 0.9755859375 0.58154296875 0.048828125 0.0458984375
0 0.84716796875 0.5712890625 0.3056640625 0.17578125
0 0.97607421875 0.056640625 0.0478515625 0.05078125
0 0.47705078125 0.79248046875 0.0810546875 0.0908203125
