0 0.88427734375 0.32177734375 0.1552734375 0.1181640625
0 0.8017578125 0.91845703125 0.134765625 0.1201171875
0 0.859375 0.20849609375 0.125 0.0869140625
0 0.63525390625 0.69091796875 0.0673828125 0.0771484375
0 0.59619140625 0.6083984375 0.1591796875 0.044921875
0 0.87158203125 0.02978515625 0.0908203125 0.0595703125
0 0.89892578125 0.5966796875 0.1357421875 0.0546875
0 0.9208984375 0.5546875 0.15625 0.068359375
0 0.95068359375 0.041015625 0.0986328125 0.078125
0 0.7041015625 0.42138671875 0.072265625 0.0654296875
