0 0.88525390625 0.955078125 0.0595703125 0.08984375
0 0.2607421875 0.1220703125 0.056640625 0.107421875
0 0.92333984375 0.041015625 0.0478515625 0.08203125
0 0.9541015625 0.69189453125 0.06640625 0.0986328125
0 0.06201171875 0.65087890625 0.0615234375 0.0791015625
0 0.0166015625 0.47216796875 0.033203125 0.0888671875
0 0.0205078125 0.2314453125 0.041015625 0.080078125
0 0.216796875 0.08056640625 0.056640625 0.1142578125
0 0.923828125 0.1904296875 0.072265625 0.138671875
0 0.443359375 0.19970703125 0.056640625 0.0927734375
0 0.546875 0.4453125 0.064453125 0.091796875
0 0.83251953125 0.16650390625 0.0517578125 0.0693359375
0 0.3251953125 0.890625 0.0546875 0.08984375
0 0.22412109375 0.21435546875 0.0498046875 0.0966796875
0 0.6181640625 0.63330078125 0.05859375 0.0869140625
0 0.2978515625 0.22314453125 0.046875 0.0732421875
0 0.7041015625 0.4619140625 0.09765625 0.0703125
0 0.0205078125 0.65869140625 0.041015625 0.0732421875
0 0.7607421875 0.38232421875 0.02734375 0.0966796875
0 0.51318359375 0.55126953125 0.0478515625 0.0771484375
0 0.37548828125 0.7197265625 0.0615234375 0.064453125
0 0.552734375 0.12451171875 0.05859375 0.0947265625
0 0.51953125 0.53759765625 0.056640625 0.0927734375
0 0.44873046875 0.0927734375 0.0849609375 0.056640625
0 0.54833984375 0.41357421875 0.0673828125 0.0673828125
0 0.0478515625 0.17138671875 0.0625 0.0537109375
0 0.9091796875 0.36767578125 0.033203125 0.0634765625
0 0.64306640625 0.443359375 0.0361328125 0.08203125
0 0.15185546875 0.20361328125 0.0478515625 0.0771484375
0 0.10986328125 0.115234375 0.0361328125 0.1015625
0 0.41162109375 0.783203125 0.1083984375 0.05078125
0 0.6728515625 0.6318359375 0.060546875 0.072265625
0 0.0537109375 0.49462890625 0.0546875 0.0693359375
0 0.52880859375 0.02099609375 0.0263671875 0.0419921875
0 0.13330078125 0.9873046875 0.0751953125 0.025390625
0 0.02783203125 0.5693359375 0.0556640625 0.0625
0 0.45556640625 0.56494140625 0.0322265625 0.0927734375
0 0.6650390625 0.6943359375 0.03515625 0.080078125
0 0.78173828125 0.29931640625 0.0576171875 0.0634765625
0 0.2548828125 0.560546875 0.048828125 0.033203125
0 0.7880859375 0.7509765625 0.046875 0.07421875
0 0.951171875 0.5498046875 0.041015625 0.068359375
0 0.9560546875 0.9599609375 0.03125 0.080078125
0 0.13330078125 0.48046875 0.0693359375 0.083984375
0 0.31689453125 0.93017578125 0.0634765625 0.0673828125
0 0.51171875 0.89794921875 0.0546875 0.0771484375
0 0.6552734375 0.080078125 0.041015625 0.091796875
0 0.60009765625 0.25244140625 0.0595703125 0.0439453125
0 0.36181640625 0.5263671875 0.0517578125 0.072265625
0 0.771484375 0.86083984375 0.03125 0.0693359375
0 0.1435546875 0.5283203125 0.06640625 0.0703125
0 0.5498046875 0.7880859375 0.048828125 0.091796875
0 0.2041015625 0.85986328125 0.076171875 0.0498046875
0 0.29052734375 0.0234375 0.0576171875 0.03515625
0 0.61865234375 0.9716796875 0.0654296875 0.056640625
0 0.68115234375 0.01904296875 0.0322265625 0.0380859375
0 0.423828125 0.521484375 0.06640625 0.0625
0 0.34423828125 0.83349609375 0.0791015625 0.0615234375
0 0.72412109375 0.828125 0.0751953125 0.1171875
0 0.2529296875 0.92431640625 0.044921875 0.0498046875
0 0.69140625 0.5927734375 0.05078125 0.052734375
0 0.1767578125 0.01708984375 0.04296875 0.0341796875
0 0.673828125 0.30908203125 0.037109375 0.0654296875
0 0.24169921875 0.826171875 0.0595703125 0.044921875
0 0.64306640625 0.54345703125 0.0556640625 0.0634765625
0 0.60693359375 0.2080078125 0.0849609375 0.041015625
0 0.41357421875 0.01513671875 0.0380859375 0.0302734375
0 0.56005859375 0.89697265625 0.0517578125 0.0517578125
0 0.73388671875 0.4169921875 0.0322265625 0.072265625
0 0.20654296875 0.00732421875 0.0439453125 0.0146484375
0 0.1689453125 0.8564453125 0.04296875 0.0390625
0 0.39794921875 0.572265625 0.0478515625 0.068359375
0 0.68310546875 0.1435546875 0.0791015625 0.04296875
0 0.05859375 0.06640625 0.076171875 0.083984375
0 0.6357421875 0.12451171875 0.08203125 0.0517578125
0 0.83056640625 0.93701171875 0.0380859375 0.0615234375
