0 0.9189453125 0.7373046875 0.119140625 0.0703125
0 0.79833984375 0.10107421875 0.1279296875 0.0810546875
0 0.86767578125 0.52783203125 0.1357421875 0.0830078125
0 0.76220703125 0.32470703125 0.0869140625 0.0595703125
0 0.8759765625 0.4033203125 0.126953125 0.0625
0 0.65966796875 0.42822265625 0.1240234375 0.0751953125
0 0.2060546875 0.99853515625 0.072265625 0.0029296875
0 0.79296875 0.669921875 0.109375 0.060546875
0 0.939453125 0.6806640625 0.115234375 0.078125
0 0.94970703125 0.35791015625 0.1005859375 0.1025390625
0 0.748046875 0.2744140625 0.08203125 0.099609375
0 0.95068359375 0.19677734375 0.0869140625 0.0849609375
0 0.9599609375 0.06640625 0.078125 0.099609375
0 0.9697265625 0.87255859375 0.060546875 0.0595703125
