0 0.85791015625 0.6591796875 0.0966796875 0.07421875
0 0.7109375 0.7333984375 0.142578125 0.107421875
0 0.69189453125 0.23486328125 0.1005859375 0.1201171875
0 0.36181640625 0.79541015625 0.0849609375 0.0693359375
0 0.47119140625 0.86083984375 0.0673828125 0.0830078125
0 0.53955078125 0.10302734375 0.0849609375 0.0673828125
0 0.67822265625 0.97998046875 0.1279296875 0.0400390625
0 0.412109375 0.57080078125 0.0703125 0.0771484375
0 0.6728515625 0.044921875 0.080078125 0.048828125
0 0.10986328125 0.12841796875 0.0849609375 0.0927734375
0 0.123046875 0.7998046875 0.08203125 0.08984375
0 0.6123046875 0.7109375 0.099609375 0.087890625
0 0.58447265625 0.8984375 0.0751953125 0.087890625
0 0.48291015625 0.30322265625 0.0576171875 0.0576171875
0 0.56201171875 0.6123046875 0.0751953125 0.0546875
0 0.16455078125 0.91064453125 0.0849609375 0.0576171875
0 0.48779296875 0.4111328125 0.0654296875 0.041015625
0 0.662109375 0.4130859375 0.07421875 0.107421875
0 0.3505859375 0.5419921875 0.107421875 0.080078125
0 0.86865234375 0.0771484375 0.0634765625 0.048828125
0 0.109375 0.0302734375 0.087890625 0.056640625
0 0.0234375 0.2822265625 0.04296875 0.14453125
0 0.46728515625 0.7197265625 0.0654296875 0.099609375
0 0.31201171875 0.63037109375 0.0751953125 0.0673828125
0 0.09423828125 0.203125 0.0849609375 0.072265625
0 0.37060546875 0.62841796875 0.0673828125 0.0673828125
0 0.7255859375 0.02197265625 0.072265625 0.0400390625
0 0.06884765625 0.49072265625 0.0615234375 0.0458984375
0 0.49560546875 0.66845703125 0.0673828125 0.1025390625
