0 0.3896484375 0.23095703125 0.140625 0.3173828125
0 0.78857421875 0.7890625 0.3349609375 0.14453125
0 0.5869140625 0.27197265625 0.189453125 0.1591796875
0 0.6005859375 0.416015625 0.1875 0.142578125
0 0.638671875 0.6474609375 0.216796875 0.109375
0 0.52734375 0.96826171875 0.1484375 0.0634765625
0 0.91748046875 0.91650390625 0.1650390625 0.1142578125
0 0.224609375 0.95458984375 0.134765625 0.0908203125
0 0.58984375 0.08740234375 0.12109375 0.1162109375
0 0.90869140625 0.2900390625 0.1298828125 0.150390625
0 0.0595703125 0.1162109375 0.119140625 0.1953125
