0 0.18603515625 0.1630859375 0.0498046875 0.072265625
0 0.1962890625 0.08935546875 0.052734375 0.0478515625
0 0.10205078125 0.1767578125 0.0732421875 0.078125
0 0.21826171875 0.02392578125 0.1318359375 0.0478515625
0 0.376953125 0.08642578125 0.076171875 0.0576171875
0 0.24462890625 0.15478515625 0.0654296875 0.0693359375
0 0.4208984375 0.04638671875 0.076171875 0.0576171875
0 0.93115234375 0.01806640625 0.1220703125 0.0361328125
0 0.6298828125 0.09521484375 0.0703125 0.0771484375
0 0.7314453125 0.12255859375 0.076171875 0.0830078125
0 0.53125 0.1962890625 0.080078125 0.080078125
0 0.43017578125 0.265625 0.0869140625 0.087890625
0 0.1201171875 0.33642578125 0.078125 0.1240234375
0 0.1953125 0.52685546875 0.09765625 0.1083984375
0 0.32666015625 0.62060546875 0.0849609375 0.0888671875
0 0.42529296875 0.58984375 0.0849609375 0.15625
0 0.54443359375 0.77587890625 0.1201171875 0.1611328125
0 0.23583984375 0.7255859375 0.0654296875 0.05078125
0 0.1630859375 0.7529296875 0.072265625 0.0703125
0 0.3388671875 0.82421875 0.080078125 0.115234375
0 0.3984375 0.748046875 0.080078125 0.080078125
0 0.03955078125 0.9208984375 0.0791015625 0.0703125
0 0.07275390625 0.9638671875 0.0673828125 0.072265625
0 0.18408203125 0.96533203125 0.0830078125 0.0693359375
0 0.3173828125 0.9501953125 0.080078125 0.099609375
0 0.23828125 0.8525390625 0.119140625 0.091796875
0 0.61474609375 0.87109375 0.0458984375 0.064453125
0 0.6787109375 0.92138671875 0.095703125 0.0673828125
0 0.87646484375 0.8505859375 0.0849609375 0.07421875
0 0.951171875 0.8447265625 0.083984375 0.0703125
0 0.80224609375 0.5556640625 0.0732421875 0.068359375
0 0.7724609375 0.36962890625 0.0625 0.0771484375
0 0.853515625 0.15576171875 0.06640625 0.0693359375
0 0.9140625 0.0712890625 0.08203125 0.08984375
0 0.86865234375 0.42236328125 0.0576171875 0.0810546875
0 0.9345703125 0.396484375 0.05859375 0.072265625
0 0.923828125 0.22265625 0.083984375 0.080078125
0 0.9638671875 0.50927734375 0.072265625 0.0615234375
0 0.23779296875 0.43701171875 0.0556640625 0.0439453125
0 0.6689453125 0.66015625 0.083984375 0.056640625
0 0.41162109375 0.96240234375 0.0673828125 0.0517578125
0 0.09326171875 0.05224609375 0.0654296875 0.0595703125
0 0.25439453125 0.615234375 0.0888671875 0.0625
0 0.7763671875 0.4921875 0.119140625 0.068359375
