0 0.0185546875 0.41845703125 0.037109375 0.0927734375
0 0.046875 0.681640625 0.0859375 0.0703125
0 0.13427734375 0.7509765625 0.1005859375 0.072265625
0 0.07958984375 0.7919921875 0.0712890625 0.0703125
0 0.0341796875 0.83642578125 0.068359375 0.0615234375
0 0.30078125 0.76708984375 0.095703125 0.0576171875
0 0.3369140625 0.84033203125 0.10546875 0.0869140625
0 0.3095703125 0.90380859375 0.095703125 0.0751953125
0 0.2919921875 0.96875 0.076171875 0.0625
0 0.22705078125 0.62255859375 0.0732421875 0.0751953125
0 0.35888671875 0.5625 0.0849609375 0.07421875
0 0.10009765625 0.3720703125 0.0595703125 0.09375
0 0.4189453125 0.41015625 0.06640625 0.154296875
0 0.4072265625 0.31982421875 0.06640625 0.0595703125
0 0.5283203125 0.48828125 0.072265625 0.07421875
0 0.626953125 0.373046875 0.072265625 0.072265625
0 0.47802734375 0.30224609375 0.0654296875 0.0791015625
0 0.47119140625 0.2158203125 0.1044921875 0.072265625
0 0.52783203125 0.17919921875 0.0693359375 0.0810546875
0 0.7431640625 0.20166015625 0.087890625 0.1005859375
0 0.1201171875 0.0634765625 0.078125 0.091796875
0 0.212890625 0.0693359375 0.099609375 0.103515625
0 0.67041015625 0.029296875 0.1123046875 0.05859375
0 0.76513671875 0.0869140625 0.0771484375 0.091796875
0 0.83935546875 0.18359375 0.1455078125 0.09375
0 0.98291015625 0.36328125 0.0341796875 0.12890625
0 0.62744140625 0.5791015625 0.0908203125 0.078125
0 0.66455078125 0.67236328125 0.0830078125 0.0751953125
0 0.4892578125 0.7529296875 0.0625 0.06640625
0 0.685546875 0.78125 0.076171875 0.087890625
0 0.81005859375 0.69140625 0.0771484375 0.08984375
0 0.9541015625 0.62353515625 0.072265625 0.0693359375
0 0.79345703125 0.9169921875 0.0712890625 0.091796875
0 0.62109375 0.91748046875 0.095703125 0.0673828125
0 0.58056640625 0.96826171875 0.0576171875 0.0634765625
0 0.5263671875 0.97314453125 0.0625 0.0537109375
0 0.90234375 0.94921875 0.060546875 0.08984375
0 0.751953125 0.841796875 0.0625 0.0625
0 0.02197265625 0.75048828125 0.0439453125 0.0537109375
0 0.0439453125 0.39599609375 0.072265625 0.0849609375
0 0.87158203125 0.01806640625 0.0771484375 0.0361328125
0 0.43701171875 0.171875 0.0478515625 0.044921875
0 0.47900390625 0.986328125 0.0419921875 0.025390625
0 0.02880859375 0.1298828125 0.0322265625 0.037109375
0 0.01416015625 0.20556640625 0.0283203125 0.0478515625
0 0.98876953125 0.01318359375 0.0224609375 0.0263671875
0 0.912109375 0.892578125 0.05859375 0.060546875
0 0.47802734375 0.25244140625 0.0458984375 0.0322265625
0 0.3369140625 0.0078125 0.044921875 0.015625
0 0.14892578125 0.3759765625 0.0263671875 0.02734375
