0 0.51611328125 0.5439453125 0.0634765625 0.09765625
0 0.72119140625 0.5419921875 0.0615234375 0.095703125
0 0.56298828125 0.40283203125 0.0517578125 0.0751953125
0 0.1787109375 0.490234375 0.056640625 0.103515625
0 0.34765625 0.18408203125 0.056640625 0.0810546875
0 0.24951171875 0.14501953125 0.0537109375 0.0849609375
0 0.29833984375 0.48486328125 0.0478515625 0.1123046875
0 0.0986328125 0.87451171875 0.046875 0.0986328125
0 0.13916015625 0.16943359375 0.0908203125 0.0673828125
0 0.25390625 0.51904296875 0.080078125 0.0693359375
0 0.56787109375 0.5546875 0.0654296875 0.076171875
0 0.232421875 0.548828125 0.046875 0.078125
0 0.35888671875 0.06591796875 0.0732421875 0.0751953125
0 0.62353515625 0.18603515625 0.0322265625 0.0986328125
0 0.455078125 0.81396484375 0.041015625 0.0693359375
0 0.154296875 0.64208984375 0.095703125 0.0712890625
0 0.19140625 0.333984375 0.037109375 0.072265625
0 0.77734375 0.048828125 0.064453125 0.09765625
0 0.646484375 0.6103515625 0.025390625 0.05859375
0 0.6572265625 0.27783203125 0.025390625 0.0947265625
0 0.8857421875 0.29833984375 0.033203125 0.0908203125
0 0.90771484375 0.52294921875 0.0263671875 0.0732421875
0 0.83642578125 0.947265625 0.0517578125 0.060546875
0 0.33251953125 0.92333984375 0.0478515625 0.0458984375
0 0.314453125 0.0556640625 0.0546875 0.072265625
0 0.7041015625 0.22412109375 0.025390625 0.0791015625
0 0.9248046875 0.1142578125 0.04296875 0.10546875
0 0.96875 0.666015625 0.052734375 0.04296875
0 0.36181640625 0.26220703125 0.0400390625 0.0537109375
0 0.169921875 0.2490234375 0.04296875 0.06640625
0 0.9296875 0.251953125 0.0390625 0.0625
0 0.2841796875 0.64990234375 0.048828125 0.0615234375
0 0.658203125 0.87841796875 0.052734375 0.0556640625
0 0.97412109375 0.453125 0.0263671875 0.05859375
0 0.763671875 0.44482421875 0.029296875 0.1337890625
0 0.02880859375 0.43359375 0.0458984375 0.099609375
0 0.6748046875 0.4833984375 0.033203125 0.072265625
0 0.35498046875 0.5771484375 0.0302734375 0.06640625
0 0.2392578125 0.35888671875 0.044921875 0.0419921875
0 0.71484375 0.814453125 0.02734375 0.05078125
0 0.79931640625 0.94677734375 0.0361328125 0.0615234375
0 0.34619140625 0.02294921875 0.0302734375 0.0458984375
0 0.845703125 0.115234375 0.033203125 0.0546875
0 0.31689453125 0.0166015625 0.0322265625 0.033203125
0 0.798828125 0.66015625 0.06640625 0.037109375
0 0.33447265625 0.71435546875 0.0712890625 0.0556640625
0 0.98095703125 0.2001953125 0.0380859375 0.068359375
0 0.6708984375 0.03857421875 0.025390625 0.0693359375
0 0.275390625 0.02734375 0.046875 0.0546875
0 0.99072265625 0.1484375 0.0185546875 0.0703125
0 0.7158203125 0.4453125 0.048828125 0.046875
0 0.88134765625 0.01025390625 0.0341796875 0.0205078125
0 0.3359375 0.7900390625 0.052734375 0.04296875
0 0.01318359375 0.6416015625 0.0263671875 0.046875
0 0.94873046875 0.20654296875 0.0595703125 0.0947265625
0 0.34326171875 0.62548828125 0.0556640625 0.0517578125
