0 0.0498046875 0.08447265625 0.099609375 0.1689453125
0 0.57373046875 0.123046875 0.1142578125 0.091796875
0 0.41796875 0.68603515625 0.072265625 0.0810546875
0 0.212890625 0.40673828125 0.142578125 0.1201171875
0 0.8408203125 0.54296875 0.162109375 0.09765625
0 0.3740234375 0.44580078125 0.13671875 0.1025390625
0 0.0947265625 0.2646484375 0.14453125 0.109375
0 0.2421875 0.2470703125 0.140625 0.10546875
0 0.0966796875 0.52978515625 0.125 0.1318359375
0 0.9404296875 0.7431640625 0.119140625 0.08203125
0 0.73681640625 0.16943359375 0.1396484375 0.1396484375
0 0.828125 0.21826171875 0.173828125 0.1513671875
0 0.88330078125 0.42822265625 0.1083984375 0.1123046875
0 0.95849609375 0.68212890625 0.0830078125 0.0654296875
0 0.55712890625 0.99853515625 0.1748046875 0.0029296875
0 0.96875 0.61962890625 0.0625 0.0654296875
0 0.87548828125 0.31884765625 0.0517578125 0.0537109375
