0 0.7109375 0.33203125 0.123046875 0.095703125
0 0.04833984375 0.07568359375 0.0654296875 0.0673828125
0 0.22705078125 0.36083984375 0.1298828125 0.1025390625
0 0.3681640625 0.162109375 0.171875 0.099609375
0 0.095703125 0.24462890625 0.11328125 0.1044921875
0 0.64013671875 0.6083984375 0.1220703125 0.1171875
0 0.45458984375 0.54443359375 0.1044921875 0.0947265625
0 0.39208984375 0.8955078125 0.1044921875 0.1171875
0 0.322265625 0.02978515625 0.099609375 0.0595703125
0 0.12451171875 0.744140625 0.0849609375 0.0703125
0 0.609375 0.0283203125 0.150390625 0.056640625
0 0.63330078125 0.82470703125 0.1669921875 0.1044921875
0 0.10205078125 0.58203125 0.1396484375 0.08984375
0 0.5458984375 0.12109375 0.142578125 0.1171875
0 0.35546875 0.5732421875 0.107421875 0.068359375
0 0.19580078125 0.51953125 0.0927734375 0.0859375
0 0.02490234375 0.1123046875 0.0498046875 0.044921875
