0 0.22412109375 0.8828125 0.0849609375 0.06640625
0 0.037109375 0.64697265625 0.07421875 0.1103515625
0 0.4892578125 0.52099609375 0.09765625 0.1064453125
0 0.92919921875 0.49755859375 0.0537109375 0.0908203125
0 0.6650390625 0.2861328125 0.04296875 0.0546875
0 0.69775390625 0.60107421875 0.0654296875 0.0888671875
0 0.15380859375 0.67138671875 0.0478515625 0.0478515625
0 0.1376953125 0.84423828125 0.068359375 0.0595703125
0 0.9287109375 0.0595703125 0.08203125 0.119140625
0 0.7294921875 0.97509765625 0.083984375 0.0498046875
0 0.0869140625 0.931640625 0.126953125 0.09375
0 0.89990234375 0.541015625 0.1005859375 0.130859375
0 0.02392578125 0.419921875 0.0458984375 0.076171875
0 0.0576171875 0.16845703125 0.115234375 0.1298828125
0 0.3291015625 0.47314453125 0.06640625 0.0888671875
0 0.79931640625 0.86181640625 0.0654296875 0.0732421875
0 0.97119140625 0.1318359375 0.0576171875 0.130859375
0 0.28515625 0.1650390625 0.056640625 0.12890625
0 0.5078125 0.74365234375 0.12109375 0.1005859375
0 0.94873046875 0.9130859375 0.0712890625 0.09765625
0 0.5888671875 0.07275390625 0.0859375 0.1279296875
0 0.94580078125 0.3564453125 0.0888671875 0.13671875
0 0.47119140625 0.1845703125 0.0927734375 0.060546875
0 0.35595703125 0.63037109375 0.1123046875 0.0732421875
0 0.9697265625 0.27978515625 0.0546875 0.0927734375
0 0.04541015625 0.43701171875 0.0537109375 0.0654296875
0 0.9091796875 0.68017578125 0.08203125 0.0634765625
0 0.9736328125 0.720703125 0.052734375 0.083984375
0 0.6240234375 0.5361328125 0.06640625 0.0703125
0 0.6865234375 0.51904296875 0.05859375 0.0673828125
0 0.791015625 0.59912109375 0.076171875 0.0771484375
0 0.73779296875 0.71484375 0.0712890625 0.080078125
0 0.775390625 0.7724609375 0.08203125 0.078125
0 0.681640625 0.748046875 0.07421875 0.109375
0 0.25244140625 0.9521484375 0.0810546875 0.060546875
0 0.40576171875 0.37109375 0.0634765625 0.05859375
0 0.7451171875 0.51611328125 0.052734375 0.0517578125
0 0.79345703125 0.49560546875 0.0654296875 0.0634765625
0 0.97216796875 0.50537109375 0.0556640625 0.0556640625
0 0.69580078125 0.669921875 0.0537109375 0.037109375
