0 0.0380859375 0.28271484375 0.076171875 0.0751953125
0 0.09814453125 0.0771484375 0.0751953125 0.08203125
0 0.27783203125 0.05908203125 0.1044921875 0.1181640625
0 0.31689453125 0.23876953125 0.0693359375 0.0908203125
0 0.4296875 0.228515625 0.09765625 0.095703125
0 0.4619140625 0.19384765625 0.13671875 0.0810546875
0 0.58203125 0.09423828125 0.134765625 0.0615234375
0 0.66943359375 0.04736328125 0.0947265625 0.0654296875
0 0.50146484375 0.05517578125 0.0849609375 0.0849609375
0 0.50634765625 0.30517578125 0.0830078125 0.0771484375
0 0.3310546875 0.41650390625 0.07421875 0.0927734375
0 0.5400390625 0.421875 0.072265625 0.09375
0 0.11767578125 0.66943359375 0.0634765625 0.0986328125
0 0.1533203125 0.81005859375 0.0703125 0.0595703125
0 0.10498046875 0.85986328125 0.0654296875 0.0595703125
0 0.2822265625 0.884765625 0.107421875 0.15625
0 0.05224609375 0.89208984375 0.0634765625 0.0771484375
0 0.0380859375 0.9873046875 0.076171875 0.025390625
0 0.19189453125 0.984375 0.0498046875 0.03125
0 0.63818359375 0.88037109375 0.0615234375 0.0654296875
0 0.662109375 0.7841796875 0.06640625 0.068359375
0 0.724609375 0.91357421875 0.087890625 0.0908203125
0 0.87939453125 0.93310546875 0.0947265625 0.0712890625
0 0.96923828125 0.87939453125 0.0615234375 0.0634765625
0 0.90966796875 0.8349609375 0.0791015625 0.10546875
0 0.89208984375 0.52734375 0.0771484375 0.08203125
0 0.70263671875 0.5810546875 0.0986328125 0.125
0 0.88232421875 0.31591796875 0.0849609375 0.0751953125
0 0.849609375 0.19482421875 0.068359375 0.0791015625
0 0.90869140625 0.09765625 0.0732421875 0.103515625
0 0.97021484375 0.03515625 0.0595703125 0.06640625
0 0.74462890625 0.18115234375 0.0556640625 0.0634765625
0 0.17041015625 0.9365234375 0.0869140625 0.080078125
0 0.068359375 0.78662109375 0.07421875 0.0966796875
0 0.271484375 0.091796875 0.103515625 0.052734375
0 0.4541015625 0.01513671875 0.07421875 0.0302734375
0 0.76025390625 0.35205078125 0.0595703125 0.0654296875
0 0.96240234375 0.65673828125 0.0419921875 0.0478515625
