0 0.12158203125 0.23388671875 0.0634765625 0.0615234375
0 0.2021484375 0.2216796875 0.07421875 0.06640625
0 0.15478515625 0.29248046875 0.0986328125 0.0654296875
0 0.25146484375 0.39306640625 0.0673828125 0.0888671875
0 0.30615234375 0.40625 0.0732421875 0.0859375
0 0.38525390625 0.42333984375 0.1025390625 0.0595703125
0 0.04345703125 0.40771484375 0.0751953125 0.0888671875
0 0.13818359375 0.8037109375 0.0517578125 0.068359375
0 0.091796875 0.947265625 0.083984375 0.10546875
0 0.14306640625 0.92529296875 0.0849609375 0.1064453125
0 0.20458984375 0.982421875 0.1005859375 0.03515625
0 0.22900390625 0.8916015625 0.1083984375 0.111328125
0 0.40771484375 0.9521484375 0.0693359375 0.095703125
0 0.52197265625 0.93212890625 0.0732421875 0.0771484375
0 0.63525390625 0.9443359375 0.0986328125 0.1015625
0 0.79296875 0.96142578125 0.0703125 0.0771484375
0 0.72265625 0.84130859375 0.072265625 0.0615234375
0 0.77294921875 0.7158203125 0.0791015625 0.109375
0 0.599609375 0.7060546875 0.0859375 0.134765625
0 0.31982421875 0.61376953125 0.0576171875 0.0986328125
0 0.24072265625 0.54248046875 0.0712890625 0.1240234375
0 0.1923828125 0.4794921875 0.06640625 0.083984375
0 0.111328125 0.42529296875 0.068359375 0.0751953125
0 0.59228515625 0.52978515625 0.0849609375 0.0537109375
0 0.697265625 0.56005859375 0.064453125 0.0673828125
0 0.74560546875 0.57763671875 0.0830078125 0.0751953125
0 0.87841796875 0.5458984375 0.1689453125 0.09765625
0 0.8994140625 0.51513671875 0.083984375 0.0556640625
0 0.97021484375 0.662109375 0.0595703125 0.115234375
0 0.9248046875 0.38525390625 0.0703125 0.0986328125
0 0.97021484375 0.40283203125 0.0595703125 0.0712890625
0 0.66064453125 0.31689453125 0.1298828125 0.0673828125
0 0.6640625 0.37158203125 0.1171875 0.0751953125
0 0.6396484375 0.4501953125 0.111328125 0.09765625
0 0.74951171875 0.44580078125 0.0771484375 0.0556640625
0 0.33740234375 0.0341796875 0.0673828125 0.068359375
0 0.56591796875 0.0361328125 0.1376953125 0.072265625
0 0.49609375 0.0615234375 0.109375 0.080078125
0 0.48291015625 0.150390625 0.0634765625 0.109375
0 0.38818359375 0.2021484375 0.0478515625 0.060546875
0 0.5947265625 0.21142578125 0.115234375 0.0595703125
0 0.681640625 0.22607421875 0.087890625 0.0517578125
0 0.7275390625 0.10888671875 0.09765625 0.0751953125
0 0.93408203125 0.03466796875 0.0517578125 0.0693359375
0 0.97216796875 0.119140625 0.0556640625 0.0625
0 0.53857421875 0.291015625 0.0830078125 0.052734375
0 0.5341796875 0.3466796875 0.09765625 0.08203125
0 0.27392578125 0.798828125 0.0810546875 0.07421875
0 0.39208984375 0.80419921875 0.0849609375 0.1142578125
0 0.53564453125 0.57763671875 0.0576171875 0.0634765625
