0 0.95458984375 0.21923828125 0.0908203125 0.0654296875
0 0.86279296875 0.22119140625 0.0693359375 0.0615234375
0 0.7587890625 0.16162109375 0.078125 0.0634765625
0 0.78076171875 0.25146484375 0.0576171875 0.0654296875
0 0.8447265625 0.32958984375 0.046875 0.0478515625
0 0.6767578125 0.294921875 0.068359375 0.064453125
0 0.55810546875 0.248046875 0.0810546875 0.0859375
0 0.4892578125 0.2529296875 0.064453125 0.076171875
0 0.41748046875 0.18798828125 0.0712890625 0.0556640625
0 0.4921875 0.1025390625 0.060546875 0.091796875
0 0.6650390625 0.08154296875 0.09375 0.0791015625
0 0.72314453125 0.05224609375 0.1455078125 0.0693359375
0 0.8603515625 0.11083984375 0.06640625 0.0556640625
0 0.3330078125 0.11767578125 0.076171875 0.0478515625
0 0.29638671875 0.16748046875 0.1044921875 0.0517578125
0 0.28515625 0.19677734375 0.1015625 0.0634765625
0 0.1875 0.267578125 0.099609375 0.056640625
0 0.15966796875 0.3447265625 0.0595703125 0.046875
0 0.23828125 0.38671875 0.083984375 0.052734375
0 0.06884765625 0.185546875 0.0751953125 0.107421875
0 0.0439453125 0.2451171875 0.087890625 0.0625
0 0.056640625 0.11279296875 0.0625 0.0712890625
0 0.119140625 0.0712890625 0.0625 0.080078125
0 0.2080078125 0.07177734375 0.09375 0.0810546875
0 0.14990234375 0.02099609375 0.0771484375 0.0419921875
0 0.03076171875 0.03662109375 0.0615234375 0.0732421875
0 0.4482421875 0.30224609375 0.087890625 0.0576171875
0 0.51416015625 0.3291015625 0.0732421875 0.0546875
0 0.48486328125 0.60546875 0.0869140625 0.06640625
0 0.36572265625 0.62841796875 0.0908203125 0.0654296875
0 0.1953125 0.578125 0.0859375 0.048828125
0 0.0888671875 0.61474609375 0.103515625 0.0673828125
0 0.1767578125 0.712890625 0.0546875 0.046875
0 0.39501953125 0.697265625 0.1044921875 0.05859375
0 0.435546875 0.65478515625 0.076171875 0.0556640625
0 0.6103515625 0.74853515625 0.078125 0.0615234375
0 0.64306640625 0.66064453125 0.0615234375 0.0595703125
0 0.8505859375 0.51611328125 0.072265625 0.0751953125
0 0.96337890625 0.5703125 0.0732421875 0.0625
0 0.8798828125 0.6962890625 0.076171875 0.05859375
0 0.94775390625 0.7568359375 0.0576171875 0.0625
0 0.7734375 0.80224609375 0.107421875 0.0810546875
0 0.72802734375 0.7373046875 0.0986328125 0.083984375
0 0.6328125 0.82177734375 0.068359375 0.0654296875
0 0.74951171875 0.8701171875 0.0556640625 0.05859375
0 0.53857421875 0.8916015625 0.0732421875 0.068359375
0 0.68994140625 0.97119140625 0.0869140625 0.0576171875
0 0.27783203125 0.83935546875 0.0615234375 0.0654296875
0 0.33642578125 0.82666015625 0.0556640625 0.0341796875
0 0.16259765625 0.810546875 0.0849609375 0.046875
0 0.0751953125 0.830078125 0.06640625 0.0546875
0 0.35009765625 0.9306640625 0.0595703125 0.05859375
0 0.13818359375 0.9453125 0.0732421875 0.0546875
0 0.810546875 0.5947265625 0.076171875 0.05078125
0 0.5234375 0.73095703125 0.0546875 0.0478515625
0 0.5244140625 0.64111328125 0.064453125 0.0517578125
0 0.36865234375 0.85400390625 0.0576171875 0.0380859375
0 0.900390625 0.833984375 0.04296875 0.048828125
0 0.9111328125 0.63427734375 0.052734375 0.0439453125
0 0.69970703125 0.88330078125 0.0537109375 0.0439453125
