0 0.02490234375 0.29638671875 0.0498046875 0.0400390625
0 0.037109375 0.0849609375 0.07421875 0.04296875
0 0.09619140625 0.0546875 0.1142578125 0.072265625
0 0.1494140625 0.3212890625 0.06640625 0.03515625
0 0.1474609375 0.57470703125 0.134765625 0.0810546875
0 0.03271484375 0.517578125 0.0654296875 0.0859375
0 0.052734375 0.60009765625 0.10546875 0.0771484375
0 0.021484375 0.7490234375 0.04296875 0.04296875
0 0.1640625 0.70166015625 0.068359375 0.0341796875
0 0.19873046875 0.0546875 0.1181640625 0.0625
0 0.22412109375 0.16357421875 0.1513671875 0.0947265625
0 0.36083984375 0.1162109375 0.0458984375 0.052734375
0 0.390625 0.24951171875 0.076171875 0.0634765625
0 0.38623046875 0.34130859375 0.0595703125 0.0498046875
0 0.19921875 0.32568359375 0.09765625 0.0576171875
0 0.44091796875 0.12646484375 0.0732421875 0.0908203125
0 0.56103515625 0.072265625 0.0673828125 0.041015625
0 0.5625 0.05859375 0.052734375 0.0234375
0 0.5439453125 0.08740234375 0.06640625 0.0576171875
0 0.6162109375 0.0908203125 0.064453125 0.0546875
0 0.71337890625 0.12158203125 0.1005859375 0.0478515625
0 0.35791015625 0.4970703125 0.0419921875 0.03125
0 0.4931640625 0.6943359375 0.0625 0.044921875
0 0.43408203125 0.7060546875 0.0439453125 0.046875
0 0.6865234375 0.69140625 0.048828125 0.06640625
0 0.72509765625 0.5693359375 0.0576171875 0.0625
0 0.6728515625 0.28369140625 0.072265625 0.0654296875
0 0.75244140625 0.3037109375 0.1142578125 0.0390625
0 0.85400390625 0.10107421875 0.0888671875 0.0712890625
0 0.8896484375 0.05615234375 0.046875 0.0556640625
0 0.8828125 0.14208984375 0.052734375 0.1240234375
0 0.94091796875 0.1318359375 0.0400390625 0.142578125
0 0.95849609375 0.42041015625 0.0478515625 0.0615234375
0 0.46826171875 0.58837890625 0.0458984375 0.0498046875
0 0.87841796875 0.7060546875 0.1240234375 0.078125
0 0.9267578125 0.783203125 0.056640625 0.111328125
0 0.7958984375 0.75244140625 0.115234375 0.0615234375
0 0.68798828125 0.7421875 0.0673828125 0.046875
0 0.587890625 0.80712890625 0.087890625 0.0869140625
0 0.18603515625 0.76318359375 0.0498046875 0.0673828125
0 0.4482421875 0.81982421875 0.078125 0.0556640625
0 0.412109375 0.98388671875 0.08984375 0.0322265625
