0 0.4150390625 0.7587890625 0.09375 0.09765625
0 0.48779296875 0.359375 0.0830078125 0.140625
0 0.47607421875 0.22265625 0.0556640625 0.072265625
0 0.45751953125 0.8623046875 0.1201171875 0.12109375
0 0.609375 0.4990234375 0.1484375 0.078125
0 0.02685546875 0.150390625 0.0537109375 0.083984375
0 0.97607421875 0.1787109375 0.0478515625 0.115234375
0 0.98681640625 0.2666015625 0.0263671875 0.05859375
0 0.3134765625 0.94091796875 0.0859375 0.0791015625
0 0.734375 0.029296875 0.048828125 0.05859375
0 0.64794921875 0.40576171875 0.0712890625 0.0791015625
0 0.6689453125 0.4970703125 0.158203125 0.078125
0 0.4169921875 0.22998046875 0.0703125 0.1083984375
0 0.87060546875 0.0263671875 0.0771484375 0.052734375
0 0.2763671875 0.50146484375 0.16796875 0.0732421875
0 0.5869140625 0.01220703125 0.068359375 0.0244140625
0 0.5908203125 0.39599609375 0.095703125 0.0673828125
0 0.9794921875 0.82275390625 0.041015625 0.0576171875
0 0.3232421875 0.23291015625 0.05859375 0.1357421875
0 0.91552734375 0.4091796875 0.1064453125 0.1015625
0 0.95068359375 0.265625 0.0576171875 0.07421875
0 0.9091796875 0.69775390625 0.177734375 0.1005859375
0 0.90234375 0.595703125 0.087890625 0.13671875
0 0.04150390625 0.951171875 0.0830078125 0.068359375
0 0.921875 0.8857421875 0.09765625 0.076171875
0 0.798828125 0.14501953125 0.103515625 0.0517578125
0 0.16015625 0.76806640625 0.109375 0.0615234375
0 0.130859375 0.79541015625 0.0703125 0.0849609375
0 0.53466796875 0.69384765625 0.0712890625 0.0986328125
0 0.60888671875 0.7099609375 0.0830078125 0.08203125
0 0.556640625 0.78076171875 0.064453125 0.1279296875
0 0.66455078125 0.72802734375 0.0771484375 0.1298828125
0 0.44970703125 0.45361328125 0.0419921875 0.0400390625
0 0.791015625 0.82421875 0.146484375 0.048828125
0 0.7861328125 0.9033203125 0.166015625 0.1171875
0 0.791015625 0.9326171875 0.138671875 0.111328125
0 0.68310546875 0.8388671875 0.1298828125 0.12109375
0 0.794921875 0.0107421875 0.046875 0.021484375
