0 0.720703125 0.888671875 0.099609375 0.087890625
0 0.67236328125 0.57080078125 0.1552734375 0.1181640625
0 0.6591796875 0.19580078125 0.125 0.1279296875
0 0.7919921875 0.73583984375 0.134765625 0.0869140625
0 0.8037109375 0.38232421875 0.142578125 0.1298828125
0 0.908203125 0.248046875 0.087890625 0.15234375
0 0.77734375 0.21435546875 0.115234375 0.0947265625
0 0.63330078125 0.849609375 0.0732421875 0.0703125
0 0.80810546875 0.9736328125 0.1728515625 0.052734375
0 0.91162109375 0.56689453125 0.1279296875 0.0576171875
0 0.783203125 0.08203125 0.162109375 0.125
0 0.6103515625 0.4287109375 0.095703125 0.1171875
0 0.564453125 0.08837890625 0.0703125 0.0927734375
0 0.63671875 0.0908203125 0.08984375 0.09765625
0 0.728515625 0.4609375 0.09765625 0.072265625
0 0.80078125 0.26953125 0.142578125 0.060546875
0 0.787109375 0.93359375 0.109375 0.0625
0 0.48193359375 0.07421875 0.0693359375 0.064453125
0 0.765625 0.59326171875 0.087890625 0.0732421875
0 0.9599609375 0.3310546875 0.080078125 0.052734375
0 0.92578125 0.0908203125 0.1484375 0.177734375
0 0.712890625 0.0380859375 0.107421875 0.072265625
0 0.95361328125 0.85693359375 0.0927734375 0.0751953125
