0 0.080078125 0.0302734375 0.09765625 0.060546875
0 0.1357421875 0.1337890625 0.09375 0.0703125
0 0.4375 0.189453125 0.09765625 0.048828125
0 0.10888671875 0.50634765625 0.0634765625 0.0751953125
0 0.25830078125 0.564453125 0.0927734375 0.046875
0 0.01904296875 0.3466796875 0.0380859375 0.041015625
0 0.4189453125 0.65380859375 0.0703125 0.0693359375
0 0.62451171875 0.0859375 0.0478515625 0.09375
0 0.544921875 0.15283203125 0.078125 0.0966796875
0 0.31494140625 0.453125 0.0810546875 0.10546875
0 0.60693359375 0.451171875 0.1005859375 0.041015625
0 0.38525390625 0.42431640625 0.1279296875 0.0791015625
0 0.01513671875 0.16455078125 0.0302734375 0.0693359375
0 0.97021484375 0.6708984375 0.0595703125 0.048828125
0 0.486328125 0.56494140625 0.072265625 0.0615234375
0 0.93115234375 0.630859375 0.0478515625 0.064453125
0 0.0244140625 0.94580078125 0.048828125 0.0810546875
0 0.67138671875 0.36181640625 0.0712890625 0.0283203125
0 0.30615234375 0.32470703125 0.1005859375 0.0576171875
0 0.19873046875 0.72216796875 0.0517578125 0.0830078125
0 0.578125 0.53271484375 0.06640625 0.0458984375
0 0.4345703125 0.5576171875 0.068359375 0.052734375
0 0.0224609375 0.69091796875 0.044921875 0.1669921875
0 0.6494140625 0.53466796875 0.08984375 0.0517578125
0 0.76611328125 0.63818359375 0.1064453125 0.0849609375
0 0.2216796875 0.662109375 0.107421875 0.056640625
0 0.064453125 0.42333984375 0.103515625 0.0380859375
0 0.89892578125 0.58154296875 0.0673828125 0.0302734375
0 0.798828125 0.98974609375 0.056640625 0.0205078125
0 0.4482421875 0.3447265625 0.158203125 0.052734375
0 0.369140625 0.73095703125 0.107421875 0.0361328125
0 0.94921875 0.89990234375 0.09765625 0.0361328125
0 0.4375 0.58740234375 0.064453125 0.0380859375
0 0.35107421875 0.248046875 0.0576171875 0.068359375
0 0.1181640625 0.64990234375 0.052734375 0.0732421875
0 0.43212890625 0.98876953125 0.0634765625 0.0166015625
0 0.02685546875 0.60791015625 0.0537109375 0.0146484375
0 0.77294921875 0.2744140625 0.0322265625 0.05078125
0 0.56982421875 0.3515625 0.0849609375 0.044921875
0 0.138671875 0.42626953125 0.0390625 0.0556640625
0 0.97998046875 0.61669921875 0.0400390625 0.0634765625
0 0.52001953125 0.833984375 0.1005859375 0.033203125
0 0.58251953125 0.0234375 0.1201171875 0.044921875
0 0.67431640625 0.58056640625 0.0478515625 0.0556640625
0 0.0146484375 0.67333984375 0.029296875 0.0595703125
0 0.60498046875 0.2646484375 0.0693359375 0.05078125
0 0.10791015625 0.0166015625 0.0302734375 0.033203125
0 0.30322265625 0.078125 0.0537109375 0.021484375
0 0.384765625 0.30712890625 0.05859375 0.0791015625
0 0.98046875 0.9267578125 0.0390625 0.017578125
0 0.5810546875 0.2197265625 0.0625 0.037109375
0 0.56005859375 0.90625 0.0947265625 0.056640625
0 0.51708984375 0.95751953125 0.1064453125 0.0576171875
0 0.09814453125 0.255859375 0.1650390625 0.06640625
0 0.9228515625 0.5126953125 0.056640625 0.0546875
0 0.8115234375 0.1904296875 0.107421875 0.115234375
0 0.22509765625 0.3046875 0.0556640625 0.056640625
0 0.57763671875 0.8251953125 0.0458984375 0.048828125
