0 0.2880859375 0.35205078125 0.048828125 0.0791015625
0 0.70166015625 0.453125 0.0732421875 0.10546875
0 0.19287109375 0.26513671875 0.0615234375 0.0771484375
0 0.52490234375 0.85546875 0.0615234375 0.072265625
0 0.9736328125 0.07958984375 0.052734375 0.0927734375
0 0.32568359375 0.95458984375 0.0576171875 0.0693359375
0 0.53662109375 0.240234375 0.0400390625 0.10546875
0 0.02685546875 0.2822265625 0.0537109375 0.0859375
0 0.19189453125 0.59716796875 0.0771484375 0.0771484375
0 0.376953125 0.07666015625 0.064453125 0.0751953125
0 0.79541015625 0.08642578125 0.0634765625 0.0849609375
0 0.408203125 0.3134765625 0.0546875 0.09765625
0 0.2080078125 0.42431640625 0.083984375 0.0712890625
0 0.5390625 0.10302734375 0.041015625 0.0869140625
0 0.15966796875 0.43701171875 0.0634765625 0.0693359375
0 0.048828125 0.078125 0.0859375 0.080078125
0 0.212890625 0.9189453125 0.080078125 0.056640625
0 0.439453125 0.39208984375 0.06640625 0.0869140625
0 0.755859375 0.6298828125 0.05078125 0.087890625
0 0.95947265625 0.7890625 0.0380859375 0.083984375
0 0.45068359375 0.31396484375 0.0712890625 0.0830078125
0 0.67138671875 0.2705078125 0.0556640625 0.080078125
0 0.5498046875 0.607421875 0.05859375 0.064453125
0 0.87353515625 0.51611328125 0.0380859375 0.0888671875
0 0.65283203125 0.08154296875 0.0478515625 0.0712890625
0 0.2333984375 0.65576171875 0.068359375 0.0537109375
0 0.9755859375 0.546875 0.048828125 0.09375
0 0.310546875 0.15185546875 0.05078125 0.0869140625
0 0.17626953125 0.96484375 0.0517578125 0.060546875
0 0.546875 0.55859375 0.064453125 0.076171875
0 0.11474609375 0.9296875 0.0576171875 0.060546875
0 0.5439453125 0.96533203125 0.048828125 0.0693359375
0 0.60498046875 0.44482421875 0.0634765625 0.0888671875
0 0.93017578125 0.5556640625 0.0400390625 0.087890625
0 0.72900390625 0.892578125 0.0986328125 0.072265625
0 0.1962890625 0.66943359375 0.0625 0.0595703125
0 0.3271484375 0.22265625 0.05859375 0.068359375
0 0.326171875 0.076171875 0.056640625 0.064453125
0 0.0576171875 0.22802734375 0.08203125 0.0966796875
0 0.93798828125 0.8076171875 0.0439453125 0.10546875
0 0.0595703125 0.45751953125 0.072265625 0.0712890625
0 0.5048828125 0.08984375 0.044921875 0.072265625
0 0.5029296875 0.365234375 0.046875 0.142578125
0 0.81005859375 0.5361328125 0.0478515625 0.08984375
0 0.75244140625 0.5712890625 0.0869140625 0.1171875
0 0.09228515625 0.740234375 0.1572265625 0.068359375
0 0.6279296875 0.84765625 0.04296875 0.15234375
0 0.0615234375 0.41455078125 0.119140625 0.0771484375
0 0.28857421875 0.271484375 0.0556640625 0.05078125
0 0.3671875 0.2861328125 0.0625 0.08984375
0 0.15283203125 0.8349609375 0.0498046875 0.0625
0 0.87548828125 0.10693359375 0.0556640625 0.0595703125
0 0.884765625 0.67724609375 0.044921875 0.0595703125
0 0.4072265625 0.88134765625 0.06640625 0.0732421875
0 0.837890625 0.11474609375 0.033203125 0.0712890625
0 0.03564453125 0.1328125 0.0556640625 0.1015625
0 0.25390625 0.9765625 0.037109375 0.046875
0 0.81884765625 0.8955078125 0.0537109375 0.08203125
0 0.6904296875 0.810546875 0.109375 0.09765625
0 0.78564453125 0.02001953125 0.0439453125 0.0380859375
0 0.203125 0.11181640625 0.087890625 0.0615234375
0 0.02099609375 0.97998046875 0.0400390625 0.0361328125
0 0.40625 0.02685546875 0.048828125 0.0537109375
0 0.17333984375 0.712890625 0.0498046875 0.048828125
0 0.3330078125 0.01953125 0.04296875 0.0390625
0 0.45556640625 0.908203125 0.0498046875 0.0703125
0 0.5283203125 0.47607421875 0.041015625 0.1083984375
0 0.10888671875 0.79833984375 0.0498046875 0.0537109375
0 0.32421875 0.43798828125 0.119140625 0.0634765625
0 0.46875 0.76904296875 0.05859375 0.0556640625
0 0.705078125 0.3388671875 0.0546875 0.046875
0 0.5537109375 0.544921875 0.060546875 0.072265625
0 0.4599609375 0.9541015625 0.04296875 0.056640625
0 0.9150390625 0.64892578125 0.041015625 0.0380859375
0 0.70947265625 0.32373046875 0.0498046875 0.0341796875
0 0.435546875 0.0263671875 0.048828125 0.05078125
0 0.36962890625 0.3876953125 0.0302734375 0.064453125
0 0.71728515625 0.8212890625 0.0712890625 0.0625
0 0.0146484375 0.2255859375 0.029296875 0.056640625
0 0.51806640625 0.47607421875 0.0322265625 0.1005859375
0 0.9287109375 0.04833984375 0.044921875 0.0380859375
