0 0.24951171875 0.02783203125 0.0673828125 0.0556640625
0 0.20703125 0.1015625 0.06640625 0.072265625
0 0.08544921875 0.111328125 0.0712890625 0.09765625
0 0.3935546875 0.10302734375 0.078125 0.0615234375
0 0.04052734375 0.27783203125 0.0791015625 0.0615234375
0 0.14599609375 0.31103515625 0.0966796875 0.0693359375
0 0.38671875 0.43212890625 0.072265625 0.0908203125
0 0.2177734375 0.55517578125 0.076171875 0.0830078125
0 0.1591796875 0.609375 0.087890625 0.056640625
0 0.0810546875 0.6630859375 0.080078125 0.0625
0 0.35595703125 0.57373046875 0.0927734375 0.1142578125
0 0.45068359375 0.60009765625 0.0830078125 0.0693359375
0 0.48974609375 0.548828125 0.0751953125 0.06640625
0 0.07080078125 0.79296875 0.1123046875 0.06640625
0 0.12744140625 0.82470703125 0.0556640625 0.0595703125
0 0.08251953125 0.8955078125 0.0654296875 0.083984375
0 0.32958984375 0.81787109375 0.0556640625 0.0634765625
0 0.3671875 0.72607421875 0.052734375 0.0634765625
0 0.43701171875 0.837890625 0.1044921875 0.072265625
0 0.3388671875 0.96044921875 0.0546875 0.0791015625
0 0.279296875 0.9599609375 0.052734375 0.068359375
0 0.79443359375 0.9580078125 0.0654296875 0.083984375
0 0.712890625 0.83984375 0.0546875 0.0625
0 0.7802734375 0.82275390625 0.068359375 0.0595703125
0 0.8359375 0.8681640625 0.068359375 0.0625
0 0.642578125 0.77734375 0.07421875 0.064453125
0 0.63671875 0.7177734375 0.068359375 0.060546875
0 0.5439453125 0.71923828125 0.1171875 0.0654296875
0 0.83056640625 0.76611328125 0.0615234375 0.0537109375
0 0.85107421875 0.70068359375 0.0849609375 0.0615234375
0 0.92578125 0.708984375 0.0703125 0.0546875
0 0.970703125 0.24560546875 0.05859375 0.0595703125
0 0.970703125 0.12841796875 0.05859375 0.0888671875
0 0.89453125 0.0947265625 0.064453125 0.05859375
0 0.92041015625 0.03076171875 0.0908203125 0.0615234375
0 0.794921875 0.0625 0.076171875 0.064453125
0 0.71875 0.1240234375 0.099609375 0.072265625
0 0.57177734375 0.2841796875 0.0712890625 0.072265625
0 0.7109375 0.45556640625 0.072265625 0.0908203125
0 0.63427734375 0.560546875 0.0849609375 0.08203125
0 0.32373046875 0.1328125 0.0791015625 0.080078125
0 0.013671875 0.86279296875 0.02734375 0.0439453125
0 0.98974609375 0.8759765625 0.0205078125 0.04296875
0 0.98681640625 0.62548828125 0.0263671875 0.0419921875
0 0.01416015625 0.46728515625 0.0283203125 0.0673828125
