0 0.02978515625 0.5849609375 0.0595703125 0.072265625
0 0.0458984375 0.1826171875 0.0625 0.08984375
0 0.16455078125 0.28369140625 0.0830078125 0.0654296875
0 0.09326171875 0.34814453125 0.0634765625 0.0771484375
0 0.04248046875 0.4130859375 0.0771484375 0.0703125
0 0.10400390625 0.4375 0.0615234375 0.056640625
0 0.16015625 0.4755859375 0.056640625 0.0703125
0 0.20849609375 0.4970703125 0.0595703125 0.0625
0 0.123046875 0.5556640625 0.0859375 0.080078125
0 0.22021484375 0.5810546875 0.0634765625 0.083984375
0 0.33642578125 0.6484375 0.0947265625 0.08203125
0 0.30078125 0.37158203125 0.09765625 0.0986328125
0 0.22314453125 0.2216796875 0.0771484375 0.05859375
0 0.0927734375 0.02197265625 0.0625 0.0419921875
0 0.9814453125 0.05419921875 0.037109375 0.0576171875
0 0.91650390625 0.07275390625 0.0830078125 0.0830078125
0 0.68115234375 0.02197265625 0.0673828125 0.0439453125
0 0.75146484375 0.0947265625 0.1005859375 0.07421875
0 0.650390625 0.10791015625 0.072265625 0.0947265625
0 0.59033203125 0.0537109375 0.0537109375 0.0625
0 0.51025390625 0.03173828125 0.0615234375 0.0634765625
0 0.4169921875 0.087890625 0.109375 0.06640625
0 0.34326171875 0.11376953125 0.0712890625 0.0732421875
0 0.26611328125 0.05224609375 0.0595703125 0.0615234375
0 0.0205078125 0.9150390625 0.041015625 0.060546875
0 0.02685546875 0.8251953125 0.0537109375 0.07421875
0 0.04248046875 0.751953125 0.0712890625 0.083984375
0 0.07958984375 0.97021484375 0.0595703125 0.0595703125
0 0.3125 0.9228515625 0.091796875 0.068359375
0 0.2197265625 0.919921875 0.076171875 0.072265625
0 0.25390625 0.81103515625 0.07421875 0.0927734375
0 0.33544921875 0.84130859375 0.0654296875 0.0830078125
0 0.43505859375 0.97802734375 0.0966796875 0.0439453125
0 0.443359375 0.919921875 0.076171875 0.068359375
0 0.46875 0.79150390625 0.11328125 0.1279296875
0 0.6015625 0.86865234375 0.1015625 0.0751953125
0 0.70947265625 0.8203125 0.1552734375 0.0859375
0 0.95166015625 0.8466796875 0.0966796875 0.07421875
0 0.912109375 0.77978515625 0.09375 0.0751953125
0 0.65966796875 0.60546875 0.0927734375 0.087890625
0 0.45458984375 0.6337890625 0.0791015625 0.111328125
0 0.98681640625 0.39404296875 0.0263671875 0.0712890625
0 0.71923828125 0.44189453125 0.0693359375 0.0537109375
0 0.73779296875 0.31884765625 0.0888671875 0.1005859375
0 0.55224609375 0.3359375 0.1298828125 0.07421875
0 0.4521484375 0.3876953125 0.064453125 0.103515625
0 0.39501953125 0.28759765625 0.1474609375 0.0673828125
0 0.40380859375 0.462890625 0.0654296875 0.060546875
0 0.111328125 0.87744140625 0.078125 0.0615234375
0 0.08642578125 0.4853515625 0.0361328125 0.037109375
0 0.03564453125 0.525390625 0.0673828125 0.0859375
0 0.55322265625 0.96875 0.0888671875 0.044921875
0 0.51904296875 0.9775390625 0.0947265625 0.044921875
0 0.49072265625 0.93994140625 0.0615234375 0.0537109375
0 0.552734375 0.5 0.048828125 0.048828125
0 0.12548828125 0.21337890625 0.0732421875 0.0693359375
0 0.166015625 0.9208984375 0.056640625 0.109375
