0 0.02197265625 0.80078125 0.0419921875 0.0546875
0 0.07958984375 0.8037109375 0.0771484375 0.08984375
0 0.05859375 0.88525390625 0.05859375 0.0595703125
0 0.0927734375 0.93603515625 0.091796875 0.0908203125
0 0.1728515625 0.94580078125 0.078125 0.0654296875
0 0.291015625 0.96630859375 0.09375 0.0673828125
0 0.37109375 0.97021484375 0.0703125 0.0595703125
0 0.21484375 0.765625 0.07421875 0.06640625
0 0.2490234375 0.84228515625 0.095703125 0.0791015625
0 0.322265625 0.80810546875 0.103515625 0.0830078125
0 0.43359375 0.88134765625 0.080078125 0.0693359375
0 0.37255859375 0.65673828125 0.0732421875 0.1064453125
0 0.1171875 0.4677734375 0.07421875 0.064453125
0 0.23095703125 0.486328125 0.0732421875 0.078125
0 0.1982421875 0.533203125 0.041015625 0.091796875
0 0.24072265625 0.53271484375 0.0556640625 0.0576171875
0 0.2861328125 0.5791015625 0.072265625 0.0625
0 0.3447265625 0.52978515625 0.060546875 0.0595703125
0 0.3935546875 0.56982421875 0.06640625 0.0654296875
0 0.31201171875 0.48486328125 0.0791015625 0.0458984375
0 0.2177734375 0.3515625 0.06640625 0.072265625
0 0.259765625 0.32275390625 0.060546875 0.0498046875
0 0.2080078125 0.25927734375 0.072265625 0.0732421875
0 0.42626953125 0.3349609375 0.0693359375 0.068359375
0 0.46875 0.4892578125 0.07421875 0.0703125
0 0.55810546875 0.4521484375 0.1044921875 0.1015625
0 0.3857421875 0.1904296875 0.078125 0.064453125
0 0.64697265625 0.32177734375 0.0673828125 0.0712890625
0 0.70068359375 0.3349609375 0.0654296875 0.060546875
0 0.72216796875 0.546875 0.0751953125 0.095703125
0 0.70849609375 0.6357421875 0.0791015625 0.07421875
0 0.568359375 0.7763671875 0.07421875 0.078125
0 0.677734375 0.85205078125 0.078125 0.1083984375
0 0.7333984375 0.7705078125 0.0703125 0.076171875
0 0.6171875 0.89892578125 0.076171875 0.0751953125
0 0.57763671875 0.9765625 0.0654296875 0.046875
0 0.7060546875 0.96923828125 0.12109375 0.0615234375
0 0.744140625 0.90869140625 0.06640625 0.0576171875
0 0.9716796875 0.9560546875 0.056640625 0.0703125
0 0.95556640625 0.84912109375 0.0888671875 0.0693359375
0 0.9287109375 0.75537109375 0.076171875 0.0673828125
0 0.84033203125 0.76953125 0.0654296875 0.07421875
0 0.89306640625 0.5322265625 0.0830078125 0.048828125
0 0.884765625 0.5810546875 0.05859375 0.0546875
0 0.80224609375 0.55615234375 0.0654296875 0.0810546875
0 0.81884765625 0.36083984375 0.0810546875 0.0712890625
0 0.85107421875 0.29736328125 0.0751953125 0.0634765625
0 0.9384765625 0.2998046875 0.0625 0.05859375
0 0.8974609375 0.22607421875 0.0859375 0.0771484375
0 0.88720703125 0.103515625 0.0634765625 0.056640625
0 0.3388671875 0.10595703125 0.072265625 0.0693359375
0 0.271484375 0.09033203125 0.072265625 0.0732421875
0 0.1494140625 0.0771484375 0.0703125 0.0859375
0 0.087890625 0.04541015625 0.078125 0.0751953125
0 0.02734375 0.0419921875 0.0546875 0.068359375
0 0.3046875 0.01513671875 0.087890625 0.0302734375
0 0.55908203125 0.01708984375 0.0693359375 0.0341796875
0 0.82080078125 0.03125 0.0634765625 0.0625
0 0.48046875 0.0830078125 0.0703125 0.056640625
0 0.80810546875 0.9482421875 0.0810546875 0.0703125
0 0.23388671875 0.07177734375 0.0439453125 0.0556640625
0 0.32373046875 0.9111328125 0.0419921875 0.04296875
0 0.3740234375 0.90771484375 0.044921875 0.0654296875
0 0.42236328125 0.9775390625 0.0341796875 0.044921875
0 0.52783203125 0.9931640625 0.0556640625 0.013671875
0 0.11328125 0.9912109375 0.087890625 0.017578125
0 0.22412109375 0.912109375 0.0556640625 0.037109375
