0 0.19091796875 0.97607421875 0.0771484375 0.0478515625
0 0.1259765625 0.93310546875 0.123046875 0.1044921875
0 0.072265625 0.83447265625 0.103515625 0.1162109375
0 0.02294921875 0.64453125 0.0458984375 0.078125
0 0.18603515625 0.63232421875 0.0810546875 0.0673828125
0 0.26220703125 0.78662109375 0.0810546875 0.1572265625
0 0.19482421875 0.82275390625 0.0810546875 0.0693359375
0 0.14404296875 0.86669921875 0.1005859375 0.1591796875
0 0.3291015625 0.861328125 0.091796875 0.11328125
0 0.3271484375 0.62841796875 0.169921875 0.2373046875
0 0.41357421875 0.7890625 0.0947265625 0.056640625
0 0.06591796875 0.46240234375 0.0810546875 0.0830078125
0 0.029296875 0.31298828125 0.05859375 0.0908203125
0 0.16162109375 0.384765625 0.0849609375 0.083984375
0 0.130859375 0.048828125 0.080078125 0.0859375
0 0.36279296875 0.25244140625 0.0810546875 0.0849609375
0 0.390625 0.37841796875 0.07421875 0.1162109375
0 0.27001953125 0.091796875 0.0615234375 0.07421875
0 0.181640625 0.1162109375 0.06640625 0.060546875
0 0.49462890625 0.02734375 0.0986328125 0.0546875
0 0.6806640625 0.0849609375 0.083984375 0.068359375
0 0.76904296875 0.06298828125 0.0615234375 0.0888671875
0 0.5 0.50634765625 0.12109375 0.0771484375
0 0.63037109375 0.4482421875 0.0732421875 0.076171875
0 0.701171875 0.46728515625 0.095703125 0.0615234375
0 0.66845703125 0.56591796875 0.0751953125 0.1005859375
0 0.736328125 0.6123046875 0.08984375 0.11328125
0 0.72119140625 0.509765625 0.0693359375 0.06640625
0 0.87744140625 0.50390625 0.0576171875 0.05078125
0 0.9677734375 0.8359375 0.064453125 0.1328125
0 0.83056640625 0.8173828125 0.0908203125 0.12890625
0 0.7177734375 0.81640625 0.06640625 0.07421875
0 0.642578125 0.7880859375 0.13671875 0.119140625
0 0.82177734375 0.9775390625 0.0712890625 0.044921875
0 0.94970703125 0.03076171875 0.1005859375 0.0615234375
0 0.06982421875 0.34326171875 0.0380859375 0.0771484375
0 0.1611328125 0.02001953125 0.111328125 0.0400390625
0 0.98974609375 0.43017578125 0.0205078125 0.0712890625
0 0.89599609375 0.4443359375 0.1513671875 0.099609375
0 0.72119140625 0.56201171875 0.0673828125 0.0634765625
0 0.7548828125 0.990234375 0.064453125 0.01953125
