0 0.0341796875 0.41259765625 0.068359375 0.0791015625
0 0.6171875 0.865234375 0.123046875 0.07421875
0 0.353515625 0.984375 0.115234375 0.03125
0 0.25830078125 0.83203125 0.0771484375 0.072265625
0 0.5908203125 0.9765625 0.13671875 0.046875
0 0.07421875 0.50830078125 0.08984375 0.0673828125
0 0.16552734375 0.44970703125 0.0927734375 0.0947265625
0 0.48974609375 0.57080078125 0.0947265625 0.0927734375
0 0.36328125 0.1171875 0.123046875 0.1796875
0 0.31201171875 0.61474609375 0.1142578125 0.0947265625
0 0.88720703125 0.09521484375 0.1123046875 0.0673828125
0 0.658203125 0.5712890625 0.109375 0.083984375
0 0.87451171875 0.64990234375 0.1357421875 0.0751953125
0 0.10205078125 0.2021484375 0.0791015625 0.080078125
0 0.34716796875 0.5576171875 0.1552734375 0.11328125
0 0.86376953125 0.9296875 0.1220703125 0.044921875
0 0.20361328125 0.1708984375 0.0927734375 0.09765625
0 0.826171875 0.70556640625 0.099609375 0.0673828125
0 0.76806640625 0.61328125 0.0927734375 0.052734375
0 0.02490234375 0.2783203125 0.0498046875 0.056640625
0 0.02392578125 0.03076171875 0.0478515625 0.0615234375
0 0.2646484375 0.03369140625 0.0703125 0.0673828125
0 0.20751953125 0.0361328125 0.0498046875 0.072265625
0 0.62060546875 0.26171875 0.1376953125 0.08984375
0 0.96728515625 0.1494140625 0.0654296875 0.060546875
