0 0.23876953125 0.0625 0.0673828125 0.046875
0 0.75537109375 0.27685546875 0.0966796875 0.0810546875
0 0.1298828125 0.16650390625 0.09375 0.0673828125
0 0.306640625 0.158203125 0.078125 0.052734375
0 0.1640625 0.08056640625 0.083984375 0.0693359375
0 0.86767578125 0.04052734375 0.0791015625 0.0810546875
0 0.79345703125 0.177734375 0.0810546875 0.1171875
0 0.09130859375 0.72900390625 0.1748046875 0.0791015625
0 0.37451171875 0.744140625 0.1806640625 0.072265625
0 0.42822265625 0.07421875 0.1337890625 0.083984375
0 0.4033203125 0.2109375 0.083984375 0.07421875
0 0.23291015625 0.1572265625 0.0947265625 0.072265625
0 0.0283203125 0.3564453125 0.056640625 0.0703125
0 0.12353515625 0.0419921875 0.1376953125 0.06640625
0 0.44970703125 0.82958984375 0.1240234375 0.1259765625
0 0.94970703125 0.87060546875 0.0771484375 0.1162109375
0 0.1708984375 0.35302734375 0.126953125 0.0947265625
0 0.07958984375 0.4482421875 0.1533203125 0.107421875
0 0.51513671875 0.06005859375 0.1494140625 0.1201171875
0 0.0927734375 0.54638671875 0.1015625 0.0810546875
0 0.32421875 0.4560546875 0.087890625 0.109375
0 0.52294921875 0.19091796875 0.1357421875 0.1064453125
0 0.0478515625 0.14599609375 0.095703125 0.0576171875
0 0.0400390625 0.7998046875 0.064453125 0.046875
0 0.38525390625 0.94091796875 0.0947265625 0.0810546875
0 0.63623046875 0.72021484375 0.1201171875 0.0849609375
0 0.12109375 0.2529296875 0.13671875 0.072265625
0 0.8671875 0.12841796875 0.07421875 0.0732421875
0 0.8388671875 0.07666015625 0.064453125 0.0966796875
0 0.396484375 0.85009765625 0.080078125 0.0908203125
0 0.16064453125 0.9580078125 0.0849609375 0.0703125
0 0.32470703125 0.9638671875 0.0830078125 0.0703125
0 0.20458984375 0.7919921875 0.1005859375 0.072265625
0 0.27880859375 0.6025390625 0.0888671875 0.07421875
0 0.02490234375 0.64453125 0.0498046875 0.0859375
0 0.7783203125 0.4501953125 0.0703125 0.068359375
0 0.82763671875 0.4599609375 0.0634765625 0.044921875
0 0.2724609375 0.2197265625 0.033203125 0.044921875
0 0.07958984375 0.814453125 0.0595703125 0.095703125
