0 0.71240234375 0.06787109375 0.0849609375 0.0888671875
0 0.06494140625 0.6416015625 0.0966796875 0.076171875
0 0.81298828125 0.90087890625 0.0849609375 0.0673828125
0 0.2900390625 0.5498046875 0.109375 0.068359375
0 0.04443359375 0.53759765625 0.0869140625 0.0654296875
0 0.537109375 0.521484375 0.0625 0.076171875
0 0.43115234375 0.1962890625 0.0732421875 0.099609375
0 0.8466796875 0.0751953125 0.076171875 0.080078125
0 0.0673828125 0.2412109375 0.087890625 0.087890625
0 0.48291015625 0.51416015625 0.0634765625 0.0712890625
0 0.62109375 0.38818359375 0.0546875 0.0673828125
0 0.9580078125 0.5166015625 0.064453125 0.064453125
0 0.83251953125 0.58935546875 0.0439453125 0.0732421875
0 0.57861328125 0.02685546875 0.0888671875 0.0439453125
0 0.95654296875 0.82958984375 0.0830078125 0.1318359375
0 0.134765625 0.14404296875 0.099609375 0.1044921875
0 0.8544921875 0.6806640625 0.1171875 0.095703125
0 0.3486328125 0.23974609375 0.103515625 0.0732421875
0 0.47509765625 0.92919921875 0.0947265625 0.0693359375
0 0.4541015625 0.55322265625 0.1015625 0.0654296875
0 0.62548828125 0.27685546875 0.0947265625 0.1083984375
0 0.30810546875 0.2802734375 0.0634765625 0.0546875
0 0.1279296875 0.97265625 0.05078125 0.0546875
0 0.298828125 0.18115234375 0.0546875 0.0712890625
0 0.2998046875 0.37548828125 0.1015625 0.0458984375
0 0.4580078125 0.029296875 0.064453125 0.05859375
0 0.05322265625 0.587890625 0.0517578125 0.068359375
0 0.36669921875 0.34521484375 0.1005859375 0.0576171875
0 0.04443359375 0.93603515625 0.0888671875 0.0576171875
0 0.79345703125 0.5087890625 0.0791015625 0.08203125
0 0.9111328125 0.37939453125 0.046875 0.0751953125
0 0.970703125 0.6611328125 0.05859375 0.044921875
0 0.912109375 0.25537109375 0.095703125 0.0693359375
0 0.4990234375 0.88818359375 0.0625 0.0654296875
0 0.72412109375 0.3515625 0.0732421875 0.064453125
0 0.11181640625 0.8984375 0.0634765625 0.05078125
0 0.03955078125 0.32421875 0.0791015625 0.064453125
0 0.7705078125 0.92626953125 0.06640625 0.0380859375
0 0.23681640625 0.96875 0.0693359375 0.044921875
0 0.45458984375 0.76123046875 0.0693359375 0.0419921875
0 0.630859375 0.916015625 0.08984375 0.033203125
0 0.61474609375 0.89111328125 0.0595703125 0.0302734375
0 0.482421875 0.3388671875 0.064453125 0.068359375
0 0.88427734375 0.98876953125 0.0791015625 0.0185546875
0 0.28515625 0.7666015625 0.06640625 0.04296875
0 0.20556640625 0.98828125 0.0439453125 0.0234375
0 0.240234375 0.9052734375 0.115234375 0.048828125
0 0.638671875 0.703125 0.0625 0.0625
0 0.26806640625 0.1171875 0.0810546875 0.037109375
0 0.01953125 0.76806640625 0.037109375 0.0419921875
0 0.943359375 0.18017578125 0.0625 0.0732421875
0 0.60888671875 0.64306640625 0.0771484375 0.0400390625
0 0.6494140625 0.97802734375 0.076171875 0.0400390625
0 0.71435546875 0.69677734375 0.1005859375 0.0673828125
0 0.02734375 0.3876953125 0.0546875 0.06640625
0 0.486328125 0.68603515625 0.0625 0.0517578125
0 0.27197265625 0.9375 0.0869140625 0.041015625
0 0.10107421875 0.39013671875 0.0888671875 0.0517578125
0 0.51025390625 0.3115234375 0.0673828125 0.029296875
0 0.5185546875 0.3310546875 0.05859375 0.029296875
0 0.15185546875 0.46533203125 0.0537109375 0.0537109375
0 0.4658203125 0.40185546875 0.0625 0.0576171875
0 0.1982421875 0.87841796875 0.037109375 0.0537109375
0 0.646484375 0.01123046875 0.05078125 0.0224609375
0 0.97900390625 0.2158203125 0.0419921875 0.060546875
0 0.9453125 0.6396484375 0.07421875 0.056640625
0 0.873046875 0.96630859375 0.08984375 0.0498046875
0 0.97900390625 0.91845703125 0.0419921875 0.0498046875
0 0.20068359375 0.62255859375 0.0673828125 0.0478515625
0 0.14111328125 0.32861328125 0.0595703125 0.0576171875
0 0.4501953125 0.86376953125 0.06640625 0.0791015625
0 0.30908203125 0.599609375 0.0478515625 0.05078125
0 0.529296875 0.0693359375 0.05078125 0.05859375
0 0.26171875 0.15966796875 0.052734375 0.0751953125
