0 0.8369140625 0.65771484375 0.060546875 0.1025390625
0 0.037109375 0.95263671875 0.07421875 0.0927734375
0 0.556640625 0.73828125 0.0546875 0.08203125
0 0.26416015625 0.33642578125 0.0654296875 0.1240234375
0 0.21240234375 0.1728515625 0.0595703125 0.16015625
0 0.16357421875 0.82568359375 0.0419921875 0.0869140625
0 0.89697265625 0.94580078125 0.0712890625 0.0732421875
0 0.65478515625 0.09130859375 0.0576171875 0.0751953125
0 0.2958984375 0.6171875 0.083984375 0.083984375
0 0.033203125 0.5849609375 0.06640625 0.1015625
0 0.466796875 0.48828125 0.078125 0.10546875
0 0.21337890625 0.10595703125 0.0791015625 0.0986328125
0 0.21923828125 0.46875 0.0322265625 0.087890625
0 0.09765625 0.2392578125 0.0546875 0.09375
0 0.04541015625 0.29296875 0.0400390625 0.1015625
0 0.142578125 0.48681640625 0.05859375 0.0654296875
0 0.94580078125 0.17333984375 0.0654296875 0.0654296875
0 0.05029296875 0.06103515625 0.0478515625 0.1044921875
0 0.7568359375 0.25732421875 0.064453125 0.0888671875
0 0.5009765625 0.24072265625 0.07421875 0.1064453125
0 0.7099609375 0.03955078125 0.029296875 0.0791015625
0 0.33349609375 0.439453125 0.0244140625 0.08984375
0 0.82763671875 0.51416015625 0.0322265625 0.0966796875
0 0.65087890625 0.24267578125 0.0712890625 0.1298828125
0 0.86962890625 0.546875 0.0439453125 0.0859375
0 0.8779296875 0.71337890625 0.029296875 0.0966796875
0 0.30224609375 0.95458984375 0.0556640625 0.0908203125
0 0.07421875 0.5478515625 0.052734375 0.111328125
0 0.50146484375 0.9716796875 0.0458984375 0.056640625
0 0.1396484375 0.96826171875 0.0234375 0.0634765625
0 0.1142578125 0.798828125 0.064453125 0.076171875
0 0.97265625 0.82568359375 0.0546875 0.0673828125
0 0.57421875 0.0546875 0.037109375 0.10546875
0 0.4248046875 0.46826171875 0.0234375 0.0869140625
0 0.466796875 0.6796875 0.03515625 0.103515625
0 0.63720703125 0.55126953125 0.0478515625 0.0771484375
0 0.3759765625 0.9482421875 0.041015625 0.060546875
0 0.84765625 0.23388671875 0.0390625 0.1083984375
0 0.96044921875 0.12939453125 0.0302734375 0.1103515625
0 0.4638671875 0.4228515625 0.041015625 0.078125
0 0.7119140625 0.5185546875 0.095703125 0.068359375
0 0.81787109375 0.95556640625 0.0400390625 0.0830078125
0 0.671875 0.4189453125 0.142578125 0.060546875
0 0.513671875 0.68408203125 0.025390625 0.0732421875
0 0.31591796875 0.25830078125 0.1201171875 0.1259765625
0 0.91162109375 0.5087890625 0.0615234375 0.03515625
0 0.70166015625 0.6162109375 0.0283203125 0.08984375
0 0.51708984375 0.89892578125 0.0400390625 0.0791015625
0 0.35302734375 0.52734375 0.0263671875 0.123046875
0 0.86962890625 0.03955078125 0.0478515625 0.0791015625
0 0.13916015625 0.1337890625 0.0498046875 0.08984375
0 0.4814453125 0.16357421875 0.107421875 0.1865234375
0 0.23681640625 0.56103515625 0.0673828125 0.0341796875
0 0.2626953125 0.96533203125 0.060546875 0.0576171875
0 0.93115234375 0.81689453125 0.0556640625 0.1708984375
0 0.900390625 0.427734375 0.078125 0.06640625
0 0.90380859375 0.89208984375 0.0322265625 0.0712890625
0 0.13671875 0.083984375 0.048828125 0.044921875
0 0.6875 0.373046875 0.0234375 0.07421875
0 0.60302734375 0.21484375 0.0576171875 0.078125
0 0.31103515625 0.341796875 0.0869140625 0.095703125
0 0.35400390625 0.25341796875 0.0322265625 0.0927734375
0 0.65087890625 0.79638671875 0.0361328125 0.0498046875
0 0.60791015625 0.8955078125 0.0439453125 0.04296875
0 0.1181640625 0.5380859375 0.048828125 0.04296875
0 0.763671875 0.98388671875 0.064453125 0.0322265625
0 0.46435546875 0.380859375 0.1611328125 0.060546875
0 0.10546875 0.38427734375 0.0390625 0.0498046875
0 0.951171875 0.69873046875 0.029296875 0.0595703125
0 0.70849609375 0.98291015625 0.0400390625 0.0341796875
0 0.49462890625 0.6083984375 0.0302734375 0.04296875
0 0.95361328125 0.98046875 0.0498046875 0.0390625
0 0.74755859375 0.958984375 0.0380859375 0.0546875
0 0.7451171875 0.89111328125 0.044921875 0.0908203125
0 0.3447265625 0.53076171875 0.021484375 0.1181640625
0 0.64599609375 0.99365234375 0.0537109375 0.0126953125
0 0.013671875 0.82568359375 0.02734375 0.0419921875
