0 0.7490234375 0.83544921875 0.08984375 0.0849609375
0 0.5771484375 0.62548828125 0.12890625 0.1396484375
0 0.6884765625 0.78076171875 0.080078125 0.0791015625
0 0.6220703125 0.91015625 0.140625 0.09765625
0 0.091796875 0.73876953125 0.056640625 0.1611328125
0 0.642578125 0.68603515625 0.09375 0.0986328125
0 0.046875 0.42529296875 0.09375 0.1005859375
0 0.5107421875 0.71923828125 0.08203125 0.1162109375
0 0.4423828125 0.84814453125 0.115234375 0.1357421875
0 0.46923828125 0.4130859375 0.0849609375 0.15625
0 0.90576171875 0.63330078125 0.1142578125 0.1220703125
0 0.046875 0.49560546875 0.09375 0.0966796875
0 0.4560546875 0.703125 0.111328125 0.1171875
0 0.69775390625 0.037109375 0.0947265625 0.07421875
0 0.79296875 0.208984375 0.09375 0.13671875
0 0.09228515625 0.37890625 0.0810546875 0.140625
0 0.87158203125 0.06494140625 0.1318359375 0.0712890625
0 0.77587890625 0.5625 0.1376953125 0.140625
0 0.67529296875 0.55517578125 0.1064453125 0.1494140625
0 0.455078125 0.0859375 0.076171875 0.064453125
0 0.501953125 0.947265625 0.1171875 0.10546875
0 0.3623046875 0.017578125 0.107421875 0.03515625
0 0.16845703125 0.412109375 0.1337890625 0.20703125
0 0.1025390625 0.169921875 0.12109375 0.1171875
0 0.1005859375 0.89697265625 0.09765625 0.1103515625
0 0.013671875 0.9501953125 0.02734375 0.099609375
0 0.3740234375 0.4560546875 0.15625 0.142578125
0 0.2783203125 0.53662109375 0.130859375 0.0673828125
0 0.626953125 0.35400390625 0.09765625 0.1572265625
0 0.4248046875 0.55322265625 0.126953125 0.0810546875
0 0.0537109375 0.74267578125 0.087890625 0.1591796875
0 0.80517578125 0.537109375 0.1611328125 0.087890625
0 0.02099609375 0.787109375 0.0419921875 0.06640625
0 0.90478515625 0.33349609375 0.0595703125 0.0712890625
0 0.9560546875 0.3125 0.078125 0.0546875
