0 0.1494140625 0.10546875 0.060546875 0.09375
0 0.1708984375 0.05712890625 0.076171875 0.0595703125
0 0.0849609375 0.017578125 0.08203125 0.03515625
0 0.029296875 0.076171875 0.05859375 0.064453125
0 0.03125 0.17431640625 0.0625 0.0615234375
0 0.31103515625 0.0830078125 0.1123046875 0.08984375
0 0.48193359375 0.11962890625 0.0966796875 0.1005859375
0 0.62060546875 0.0380859375 0.0947265625 0.076171875
0 0.7822265625 0.10205078125 0.130859375 0.1396484375
0 0.85888671875 0.1103515625 0.1708984375 0.169921875
0 0.984375 0.0712890625 0.03125 0.11328125
0 0.94775390625 0.0458984375 0.0361328125 0.0859375
0 0.98291015625 0.19189453125 0.0341796875 0.0771484375
0 0.85986328125 0.38671875 0.0849609375 0.072265625
0 0.82470703125 0.24951171875 0.1162109375 0.1103515625
0 0.7138671875 0.30810546875 0.125 0.1357421875
0 0.783203125 0.40576171875 0.060546875 0.0712890625
0 0.85107421875 0.474609375 0.1279296875 0.138671875
0 0.58349609375 0.35400390625 0.1005859375 0.0947265625
0 0.40771484375 0.3359375 0.0888671875 0.0703125
0 0.3876953125 0.244140625 0.083984375 0.05859375
0 0.1982421875 0.29736328125 0.1640625 0.0849609375
0 0.193359375 0.412109375 0.083984375 0.130859375
0 0.36328125 0.44677734375 0.083984375 0.1474609375
0 0.59130859375 0.53662109375 0.1552734375 0.1611328125
0 0.80908203125 0.60888671875 0.1689453125 0.1376953125
0 0.95947265625 0.6201171875 0.0810546875 0.109375
0 0.376953125 0.8779296875 0.072265625 0.087890625
0 0.10986328125 0.76513671875 0.0732421875 0.0556640625
0 0.02734375 0.79150390625 0.0546875 0.0654296875
0 0.05419921875 0.8779296875 0.1083984375 0.060546875
0 0.13720703125 0.9267578125 0.0966796875 0.0625
0 0.22314453125 0.97900390625 0.1025390625 0.0419921875
0 0.62548828125 0.99072265625 0.1162109375 0.0185546875
0 0.7490234375 0.9580078125 0.09375 0.083984375
0 0.86767578125 0.95166015625 0.0693359375 0.0966796875
0 0.9326171875 0.869140625 0.06640625 0.072265625
0 0.45849609375 0.9306640625 0.0712890625 0.0546875
0 0.20361328125 0.59521484375 0.0810546875 0.0595703125
0 0.47021484375 0.27685546875 0.0693359375 0.0478515625
0 0.7021484375 0.16845703125 0.115234375 0.0595703125
0 0.0439453125 0.27294921875 0.087890625 0.0693359375
0 0.89404296875 0.3623046875 0.1259765625 0.087890625
