0 0.541015625 0.53662109375 0.1796875 0.1181640625
0 0.21923828125 0.17529296875 0.1650390625 0.0947265625
0 0.64013671875 0.42919921875 0.1630859375 0.1201171875
0 0.7021484375 0.18310546875 0.140625 0.0771484375
0 0.47119140625 0.42138671875 0.1552734375 0.1318359375
0 0.89501953125 0.94287109375 0.2099609375 0.1142578125
0 0.72265625 0.52294921875 0.169921875 0.1181640625
0 0.61181640625 0.0537109375 0.1455078125 0.107421875
0 0.55712890625 0.0361328125 0.1748046875 0.072265625
0 0.5703125 0.38818359375 0.080078125 0.0771484375
0 0.92822265625 0.166015625 0.1201171875 0.0859375
