0 0.103515625 0.04833984375 0.0546875 0.0634765625
0 0.05517578125 0.03955078125 0.0400390625 0.0498046875
0 0.05810546875 0.10009765625 0.0947265625 0.0556640625
0 0.9775390625 0.10546875 0.044921875 0.103515625
0 0.28955078125 0.02978515625 0.0673828125 0.0537109375
0 0.41650390625 0.08447265625 0.0615234375 0.0693359375
0 0.16015625 0.16015625 0.048828125 0.064453125
0 0.12158203125 0.201171875 0.1005859375 0.0546875
0 0.22607421875 0.32421875 0.0712890625 0.087890625
0 0.57080078125 0.31298828125 0.0634765625 0.0712890625
0 0.74267578125 0.03564453125 0.0615234375 0.0712890625
0 0.845703125 0.044921875 0.07421875 0.0625
0 0.70263671875 0.16357421875 0.0849609375 0.0654296875
0 0.86376953125 0.134765625 0.1083984375 0.044921875
0 0.40087890625 0.314453125 0.0673828125 0.080078125
0 0.3515625 0.26318359375 0.0859375 0.1455078125
0 0.46240234375 0.4150390625 0.1181640625 0.072265625
0 0.84765625 0.35986328125 0.046875 0.0830078125
0 0.9375 0.35107421875 0.125 0.0947265625
0 0.91015625 0.4208984375 0.060546875 0.0625
0 0.74365234375 0.44482421875 0.0673828125 0.0751953125
0 0.86767578125 0.49560546875 0.0888671875 0.0947265625
0 0.7060546875 0.572265625 0.10546875 0.06640625
0 0.5986328125 0.51220703125 0.072265625 0.0556640625
0 0.9560546875 0.60205078125 0.087890625 0.0888671875
0 0.48779296875 0.5673828125 0.0654296875 0.0625
0 0.28271484375 0.44384765625 0.0693359375 0.0517578125
0 0.13818359375 0.47900390625 0.0791015625 0.0615234375
0 0.203125 0.53857421875 0.123046875 0.1025390625
0 0.33544921875 0.572265625 0.0966796875 0.056640625
0 0.63037109375 0.6904296875 0.0693359375 0.12890625
0 0.7353515625 0.728515625 0.048828125 0.05078125
0 0.84375 0.85302734375 0.09765625 0.1982421875
0 0.70166015625 0.83447265625 0.0693359375 0.0576171875
0 0.39990234375 0.6611328125 0.0986328125 0.0703125
0 0.4638671875 0.6640625 0.0625 0.044921875
0 0.3388671875 0.76416015625 0.103515625 0.1201171875
0 0.31396484375 0.900390625 0.0869140625 0.095703125
0 0.36279296875 0.93701171875 0.0595703125 0.0556640625
0 0.1005859375 0.927734375 0.0546875 0.076171875
0 0.22216796875 0.8466796875 0.1259765625 0.123046875
0 0.0283203125 0.66796875 0.056640625 0.154296875
0 0.03271484375 0.5419921875 0.0654296875 0.056640625
0 0.0302734375 0.88037109375 0.056640625 0.1357421875
0 0.20263671875 0.4482421875 0.0615234375 0.08203125
0 0.2021484375 0.17138671875 0.041015625 0.0400390625
0 0.138671875 0.08447265625 0.07421875 0.0458984375
0 0.56591796875 0.71142578125 0.0478515625 0.0419921875
0 0.21923828125 0.7177734375 0.0478515625 0.048828125
0 0.3154296875 0.6474609375 0.0625 0.05078125
0 0.2724609375 0.70361328125 0.06640625 0.0615234375
