0 0.31396484375 0.42041015625 0.0556640625 0.0869140625
0 0.7685546875 0.36328125 0.0546875 0.09375
0 0.5341796875 0.587890625 0.087890625 0.099609375
0 0.125 0.49267578125 0.1015625 0.0712890625
0 0.24267578125 0.298828125 0.0517578125 0.091796875
0 0.47021484375 0.6455078125 0.0615234375 0.07421875
0 0.30078125 0.95068359375 0.06640625 0.0869140625
0 0.13232421875 0.3564453125 0.0712890625 0.080078125
0 0.83837890625 0.10986328125 0.0810546875 0.1318359375
0 0.49462890625 0.19482421875 0.0400390625 0.0888671875
0 0.73291015625 0.58447265625 0.0478515625 0.0810546875
0 0.85400390625 0.814453125 0.0673828125 0.056640625
0 0.357421875 0.04931640625 0.0546875 0.0732421875
0 0.822265625 0.4326171875 0.044921875 0.11328125
0 0.35595703125 0.96630859375 0.0439453125 0.0673828125
0 0.328125 0.20556640625 0.078125 0.0498046875
0 0.7841796875 0.71533203125 0.046875 0.0908203125
0 0.55419921875 0.337890625 0.0615234375 0.083984375
0 0.70458984375 0.837890625 0.0751953125 0.056640625
0 0.76513671875 0.1513671875 0.0537109375 0.09375
0 0.9609375 0.888671875 0.04296875 0.080078125
0 0.37744140625 0.27197265625 0.0380859375 0.0693359375
0 0.1591796875 0.833984375 0.064453125 0.103515625
0 0.40576171875 0.44482421875 0.0517578125 0.1201171875
0 0.23583984375 0.931640625 0.0810546875 0.056640625
0 0.26806640625 0.16552734375 0.0869140625 0.1220703125
0 0.18994140625 0.18896484375 0.0654296875 0.0771484375
0 0.2685546875 0.04150390625 0.0859375 0.0830078125
0 0.39697265625 0.578125 0.0673828125 0.103515625
0 0.4755859375 0.41455078125 0.052734375 0.0771484375
0 0.25830078125 0.5029296875 0.0380859375 0.08984375
0 0.68408203125 0.0634765625 0.0654296875 0.05078125
0 0.32373046875 0.12255859375 0.0341796875 0.0869140625
0 0.74658203125 0.478515625 0.0302734375 0.076171875
0 0.970703125 0.5771484375 0.046875 0.072265625
0 0.86767578125 0.93115234375 0.0537109375 0.0849609375
0 0.43310546875 0.927734375 0.0322265625 0.056640625
0 0.4833984375 0.10986328125 0.07421875 0.0478515625
0 0.94873046875 0.98046875 0.0615234375 0.037109375
0 0.38916015625 0.021484375 0.0517578125 0.041015625
0 0.064453125 0.9736328125 0.05859375 0.052734375
0 0.98193359375 0.3779296875 0.0361328125 0.05859375
0 0.59619140625 0.24951171875 0.0478515625 0.0654296875
0 0.13916015625 0.42041015625 0.0849609375 0.0439453125
0 0.1162109375 0.98291015625 0.033203125 0.0341796875
0 0.54736328125 0.82763671875 0.0576171875 0.0419921875
0 0.7685546875 0.8193359375 0.04296875 0.037109375
0 0.96630859375 0.1044921875 0.0673828125 0.048828125
0 0.951171875 0.19970703125 0.072265625 0.0810546875
0 0.87255859375 0.73583984375 0.0556640625 0.0576171875
0 0.22021484375 0.8671875 0.0517578125 0.04296875
0 0.16650390625 0.29443359375 0.0439453125 0.0537109375
0 0.86865234375 0.58837890625 0.0478515625 0.0595703125
0 0.88330078125 0.333984375 0.0458984375 0.0859375
0 0.310546875 0.48486328125 0.05078125 0.0498046875
0 0.21875 0.98193359375 0.041015625 0.0361328125
0 0.076171875 0.77880859375 0.076171875 0.0673828125
0 0.8271484375 0.970703125 0.037109375 0.0546875
0 0.6962890625 0.26806640625 0.0625 0.0732421875
0 0.275390625 0.365234375 0.04296875 0.0625
0 0.91455078125 0.41796875 0.1259765625 0.068359375
0 0.013671875 0.03759765625 0.02734375 0.0439453125
0 0.283203125 0.83251953125 0.044921875 0.0341796875
0 0.02490234375 0.9248046875 0.0498046875 0.05078125
0 0.16455078125 0.7041015625 0.0732421875 0.04296875
0 0.033203125 0.421875 0.0390625 0.064453125
0 0.5263671875 0.4833984375 0.056640625 0.041015625
0 0.89697265625 0.67919921875 0.0439453125 0.0498046875
0 0.66943359375 0.798828125 0.0673828125 0.09375
0 0.42626953125 0.17138671875 0.0654296875 0.0556640625
0 0.07470703125 0.60400390625 0.0986328125 0.0751953125
0 0.9150390625 0.55908203125 0.04296875 0.0498046875
0 0.90234375 0.22119140625 0.048828125 0.0654296875
0 0.86083984375 0.04931640625 0.0556640625 0.0576171875
0 0.91796875 0.05419921875 0.0546875 0.0537109375
0 0.68505859375 0.521484375 0.0615234375 0.06640625
0 0.904296875 0.8076171875 0.048828125 0.03515625
0 0.59130859375 0.974609375 0.0498046875 0.044921875
0 0.23779296875 0.64111328125 0.0712890625 0.0673828125
0 0.01416015625 0.5654296875 0.0263671875 0.03515625
0 0.7470703125 0.07470703125 0.041015625 0.0712890625
