0 0.87060546875 0.27978515625 0.0830078125 0.1103515625
0 0.96484375 0.17431640625 0.0703125 0.0849609375
0 0.2880859375 0.68115234375 0.107421875 0.1123046875
0 0.6630859375 0.568359375 0.08203125 0.08203125
0 0.20458984375 0.8671875 0.1142578125 0.080078125
0 0.87109375 0.97119140625 0.09765625 0.0576171875
0 0.37841796875 0.60205078125 0.0927734375 0.1494140625
0 0.359375 0.23193359375 0.0703125 0.0693359375
0 0.6533203125 0.8046875 0.08203125 0.060546875
0 0.33056640625 0.34326171875 0.0751953125 0.0927734375
0 0.9736328125 0.63037109375 0.052734375 0.0673828125
0 0.80322265625 0.904296875 0.0869140625 0.0703125
0 0.67578125 0.71923828125 0.087890625 0.1201171875
0 0.5009765625 0.0556640625 0.09765625 0.107421875
0 0.203125 0.53076171875 0.072265625 0.0771484375
0 0.93359375 0.08544921875 0.072265625 0.1025390625
0 0.814453125 0.546875 0.064453125 0.0703125
0 0.26806640625 0.18212890625 0.0673828125 0.0693359375
0 0.64404296875 0.916015625 0.0537109375 0.046875
0 0.060546875 0.4580078125 0.08203125 0.087890625
0 0.76171875 0.6806640625 0.0703125 0.08203125
0 0.876953125 0.52197265625 0.0703125 0.1044921875
0 0.7958984375 0.3095703125 0.08203125 0.115234375
0 0.296875 0.0517578125 0.080078125 0.099609375
0 0.52734375 0.42724609375 0.0546875 0.0498046875
0 0.64208984375 0.36328125 0.0908203125 0.09765625
0 0.78662109375 0.0322265625 0.0849609375 0.060546875
0 0.056640625 0.7333984375 0.08984375 0.091796875
0 0.05322265625 0.20068359375 0.1025390625 0.1025390625
0 0.390625 0.79833984375 0.064453125 0.1181640625
0 0.04541015625 0.5478515625 0.0673828125 0.0625
0 0.64453125 0.08935546875 0.07421875 0.1044921875
0 0.3818359375 0.8818359375 0.099609375 0.08984375
0 0.11865234375 0.435546875 0.0673828125 0.072265625
0 0.87060546875 0.412109375 0.0673828125 0.060546875
0 0.30224609375 0.5107421875 0.0595703125 0.056640625
0 0.62939453125 0.287109375 0.0693359375 0.099609375
0 0.17919921875 0.03955078125 0.0849609375 0.0751953125
0 0.5673828125 0.70703125 0.0390625 0.05859375
0 0.44091796875 0.0419921875 0.0576171875 0.080078125
0 0.93896484375 0.9326171875 0.0771484375 0.0546875
0 0.48095703125 0.59130859375 0.0869140625 0.1083984375
0 0.71337890625 0.29345703125 0.0673828125 0.1025390625
0 0.458984375 0.30078125 0.03515625 0.044921875
0 0.68212890625 0.12548828125 0.0595703125 0.0673828125
0 0.9658203125 0.763671875 0.0546875 0.052734375
0 0.43505859375 0.87109375 0.0771484375 0.08203125
0 0.68212890625 0.2568359375 0.0556640625 0.08984375
0 0.0419921875 0.0322265625 0.080078125 0.060546875
0 0.66357421875 0.029296875 0.0771484375 0.0546875
0 0.029296875 0.3583984375 0.0546875 0.091796875
0 0.96533203125 0.83642578125 0.0654296875 0.0556640625
0 0.30859375 0.57470703125 0.072265625 0.0751953125
