0 0.7451171875 0.9775390625 0.0703125 0.044921875
0 0.6259765625 0.87255859375 0.056640625 0.0478515625
0 0.59228515625 0.8779296875 0.0478515625 0.0390625
0 0.69921875 0.84765625 0.04296875 0.0390625
0 0.67431640625 0.89794921875 0.0732421875 0.0693359375
0 0.732421875 0.91845703125 0.056640625 0.0771484375
0 0.6962890625 0.80517578125 0.068359375 0.0439453125
0 0.75732421875 0.7763671875 0.0478515625 0.0625
0 0.5751953125 0.74169921875 0.046875 0.0576171875
0 0.71923828125 0.6142578125 0.0517578125 0.10546875
0 0.55126953125 0.46533203125 0.0693359375 0.0771484375
0 0.779296875 0.47314453125 0.052734375 0.0498046875
0 0.8759765625 0.6015625 0.0625 0.060546875
0 0.8447265625 0.66162109375 0.048828125 0.0576171875
0 0.9013671875 0.42529296875 0.0859375 0.0537109375
0 0.9423828125 0.43505859375 0.041015625 0.0615234375
0 0.8984375 0.373046875 0.150390625 0.04296875
0 0.8203125 0.39404296875 0.072265625 0.0517578125
0 0.7060546875 0.40576171875 0.0546875 0.0517578125
0 0.8037109375 0.34326171875 0.0546875 0.0732421875
0 0.833984375 0.3046875 0.072265625 0.09375
0 0.892578125 0.2646484375 0.044921875 0.125
0 0.93310546875 0.30810546875 0.0556640625 0.0615234375
0 0.9423828125 0.1708984375 0.0546875 0.099609375
0 0.9814453125 0.19482421875 0.037109375 0.0615234375
0 0.8046875 0.1572265625 0.060546875 0.08203125
0 0.8154296875 0.2138671875 0.06640625 0.046875
0 0.6875 0.23486328125 0.0625 0.0517578125
0 0.6318359375 0.22265625 0.05078125 0.068359375
0 0.5166015625 0.3642578125 0.041015625 0.037109375
0 0.59375 0.3642578125 0.0625 0.0625
0 0.62548828125 0.3056640625 0.0830078125 0.076171875
0 0.62548828125 0.3486328125 0.0361328125 0.05859375
0 0.58203125 0.21826171875 0.0703125 0.0654296875
0 0.5712890625 0.17138671875 0.095703125 0.0712890625
0 0.609375 0.15283203125 0.05859375 0.0751953125
0 0.4150390625 0.21435546875 0.072265625 0.0771484375
0 0.37451171875 0.14599609375 0.0595703125 0.1025390625
0 0.39013671875 0.32470703125 0.0830078125 0.0615234375
0 0.34814453125 0.33837890625 0.0693359375 0.0927734375
0 0.33203125 0.28125 0.05078125 0.048828125
0 0.291015625 0.31591796875 0.048828125 0.0595703125
0 0.19677734375 0.3525390625 0.0380859375 0.048828125
0 0.17822265625 0.30078125 0.0576171875 0.0625
0 0.17333984375 0.27001953125 0.0771484375 0.0712890625
0 0.2392578125 0.203125 0.06640625 0.08203125
0 0.32470703125 0.1708984375 0.0634765625 0.09765625
0 0.22021484375 0.0927734375 0.1162109375 0.046875
0 0.8134765625 0.98486328125 0.07421875 0.0302734375
0 0.931640625 0.98193359375 0.060546875 0.0361328125
0 0.861328125 0.93310546875 0.056640625 0.0439453125
0 0.80810546875 0.9462890625 0.0751953125 0.0546875
0 0.77734375 0.86767578125 0.037109375 0.0478515625
0 0.8017578125 0.84423828125 0.029296875 0.0263671875
0 0.85693359375 0.8544921875 0.0595703125 0.046875
0 0.978515625 0.93701171875 0.04296875 0.0888671875
0 0.88427734375 0.77294921875 0.0517578125 0.0537109375
0 0.95556640625 0.7548828125 0.0576171875 0.0703125
0 0.728515625 0.87158203125 0.04296875 0.0537109375
0 0.2861328125 0.3994140625 0.05859375 0.052734375
0 0.21923828125 0.40869140625 0.0751953125 0.0595703125
0 0.1689453125 0.40576171875 0.052734375 0.0556640625
0 0.04150390625 0.2890625 0.0322265625 0.05859375
0 0.7890625 0.03759765625 0.08984375 0.0732421875
0 0.04296875 0.62451171875 0.0859375 0.0595703125
0 0.15966796875 0.681640625 0.0673828125 0.078125
0 0.03369140625 0.76513671875 0.0673828125 0.0732421875
0 0.02197265625 0.8193359375 0.0439453125 0.04296875
0 0.205078125 0.82861328125 0.0703125 0.0810546875
0 0.208984375 0.75 0.046875 0.037109375
0 0.341796875 0.6796875 0.052734375 0.1171875
0 0.0185546875 0.1572265625 0.037109375 0.064453125
0 0.22705078125 0.10888671875 0.0458984375 0.0654296875
0 0.60302734375 0.02783203125 0.0654296875 0.0400390625
0 0.72705078125 0.0439453125 0.0595703125 0.0546875
0 0.69921875 0.017578125 0.048828125 0.03515625
0 0.96630859375 0.37890625 0.0673828125 0.1640625
