0 0.85986328125 0.05078125 0.0771484375 0.099609375
0 0.74755859375 0.44580078125 0.0556640625 0.0947265625
0 0.9619140625 0.42724609375 0.076171875 0.0732421875
0 0.93408203125 0.64208984375 0.1318359375 0.0615234375
0 0.330078125 0.734375 0.12890625 0.0859375
0 0.52880859375 0.39208984375 0.1083984375 0.0654296875
0 0.8134765625 0.2431640625 0.11328125 0.064453125
0 0.7236328125 0.7802734375 0.0625 0.0703125
0 0.2314453125 0.453125 0.080078125 0.05078125
0 0.67724609375 0.18603515625 0.0869140625 0.0654296875
0 0.421875 0.7099609375 0.06640625 0.06640625
0 0.88330078125 0.81640625 0.1279296875 0.0390625
0 0.21337890625 0.71044921875 0.1103515625 0.0439453125
0 0.34326171875 0.111328125 0.1123046875 0.09375
0 0.8603515625 0.15673828125 0.10546875 0.0458984375
0 0.94384765625 0.53369140625 0.1005859375 0.0517578125
0 0.4716796875 0.0791015625 0.1171875 0.08203125
0 0.36767578125 0.4306640625 0.0615234375 0.041015625
0 0.0576171875 0.70068359375 0.103515625 0.0400390625
0 0.12548828125 0.0771484375 0.1435546875 0.109375
0 0.642578125 0.451171875 0.03515625 0.091796875
0 0.95703125 0.8125 0.08203125 0.033203125
0 0.33154296875 0.146484375 0.0849609375 0.048828125
0 0.72265625 0.52392578125 0.09765625 0.0751953125
0 0.22314453125 0.83642578125 0.1103515625 0.0498046875
0 0.15869140625 0.7431640625 0.1083984375 0.052734375
0 0.451171875 0.1982421875 0.083984375 0.048828125
0 0.43310546875 0.8173828125 0.1318359375 0.041015625
0 0.59228515625 0.81884765625 0.1298828125 0.0400390625
0 0.26220703125 0.20166015625 0.1044921875 0.0615234375
0 0.03515625 0.166015625 0.0703125 0.037109375
0 0.18017578125 0.384765625 0.0537109375 0.041015625
0 0.1728515625 0.62451171875 0.064453125 0.0576171875
0 0.4775390625 0.78564453125 0.119140625 0.0419921875
0 0.43115234375 0.8876953125 0.1181640625 0.04296875
0 0.5341796875 0.68798828125 0.08203125 0.0283203125
0 0.7265625 0.73095703125 0.103515625 0.0322265625
0 0.8935546875 0.57763671875 0.123046875 0.0556640625
0 0.6220703125 0.87353515625 0.07421875 0.0712890625
0 0.42431640625 0.45654296875 0.0771484375 0.0400390625
0 0.07763671875 0.15380859375 0.0654296875 0.0654296875
0 0.94091796875 0.47900390625 0.0869140625 0.0380859375
0 0.30419921875 0.66650390625 0.0830078125 0.0537109375
0 0.6923828125 0.69677734375 0.076171875 0.0439453125
0 0.56689453125 0.5498046875 0.0673828125 0.037109375
0 0.05322265625 0.66455078125 0.1064453125 0.0400390625
0 0.04638671875 0.0166015625 0.0478515625 0.033203125
0 0.7666015625 0.51513671875 0.05859375 0.0302734375
0 0.6044921875 0.73681640625 0.115234375 0.0341796875
0 0.53125 0.2001953125 0.10546875 0.052734375
0 0.86181640625 0.41748046875 0.1123046875 0.0400390625
0 0.197265625 0.53076171875 0.0625 0.0302734375
0 0.45654296875 0.27490234375 0.0869140625 0.0283203125
0 0.7197265625 0.8447265625 0.072265625 0.037109375
0 0.10107421875 0.4765625 0.1201171875 0.080078125
0 0.783203125 0.83447265625 0.080078125 0.0283203125
0 0.6357421875 0.23095703125 0.1640625 0.0537109375
0 0.23046875 0.67724609375 0.123046875 0.0341796875
0 0.34130859375 0.0693359375 0.1083984375 0.060546875
0 0.05859375 0.8291015625 0.109375 0.029296875
0 0.86181640625 0.44921875 0.0615234375 0.02734375
0 0.115234375 0.138671875 0.138671875 0.076171875
0 0.861328125 0.4873046875 0.08984375 0.0390625
0 0.72998046875 0.9072265625 0.0927734375 0.0234375
0 0.9462890625 0.787109375 0.107421875 0.02734375
0 0.51025390625 0.23388671875 0.1123046875 0.0439453125
0 0.66650390625 0.81494140625 0.1083984375 0.0322265625
0 0.08056640625 0.4658203125 0.1611328125 0.0390625
0 0.0908203125 0.80908203125 0.134765625 0.0615234375
0 0.6064453125 0.794921875 0.09375 0.021484375
0 0.57275390625 0.18310546875 0.0830078125 0.0478515625
0 0.1513671875 0.75244140625 0.10546875 0.0419921875
0 0.1416015625 0.7861328125 0.099609375 0.044921875
0 0.03515625 0.54248046875 0.06640625 0.0419921875
0 0.6875 0.779296875 0.0390625 0.04296875
0 0.083984375 0.7529296875 0.068359375 0.044921875
0 0.095703125 0.46630859375 0.1015625 0.0556640625
0 0.77978515625 0.5458984375 0.0576171875 0.02734375
