0 0.373046875 0.07861328125 0.083984375 0.0771484375
0 0.94580078125 0.11279296875 0.1083984375 0.0732421875
0 0.55078125 0.04345703125 0.060546875 0.0732421875
0 0.482421875 0.171875 0.083984375 0.04296875
0 0.46923828125 0.2119140625 0.0478515625 0.0625
0 0.54736328125 0.2783203125 0.0947265625 0.0625
0 0.53076171875 0.36181640625 0.0771484375 0.0556640625
0 0.34619140625 0.22021484375 0.0791015625 0.0537109375
0 0.7119140625 0.119140625 0.10546875 0.138671875
0 0.849609375 0.1298828125 0.14453125 0.0703125
0 0.9091796875 0.06005859375 0.181640625 0.0595703125
0 0.91162109375 0.02197265625 0.0712890625 0.0439453125
0 0.83837890625 0.27978515625 0.0517578125 0.1025390625
0 0.8564453125 0.2626953125 0.083984375 0.05859375
0 0.939453125 0.38818359375 0.12109375 0.0712890625
0 0.12548828125 0.5205078125 0.0908203125 0.076171875
0 0.20849609375 0.48291015625 0.0693359375 0.0751953125
0 0.30322265625 0.484375 0.0615234375 0.087890625
0 0.38232421875 0.4423828125 0.1005859375 0.0625
0 0.2783203125 0.32861328125 0.091796875 0.0595703125
0 0.2451171875 0.244140625 0.09765625 0.06640625
0 0.107421875 0.328125 0.0703125 0.06640625
0 0.20166015625 0.3681640625 0.0849609375 0.07421875
0 0.2626953125 0.41015625 0.080078125 0.056640625
0 0.046875 0.2861328125 0.064453125 0.060546875
0 0.0517578125 0.36962890625 0.080078125 0.0556640625
0 0.041015625 0.20458984375 0.0546875 0.0517578125
0 0.94677734375 0.6181640625 0.0908203125 0.08203125
0 0.7353515625 0.67919921875 0.12109375 0.0908203125
0 0.8935546875 0.78759765625 0.1171875 0.0810546875
0 0.880859375 0.892578125 0.078125 0.087890625
0 0.93310546875 0.85009765625 0.0732421875 0.0595703125
0 0.75439453125 0.8408203125 0.0732421875 0.0625
0 0.55224609375 0.72412109375 0.0693359375 0.0966796875
0 0.42529296875 0.67919921875 0.0908203125 0.0576171875
0 0.31884765625 0.74169921875 0.1142578125 0.0830078125
0 0.24462890625 0.71875 0.1318359375 0.06640625
0 0.0654296875 0.68798828125 0.099609375 0.0849609375
0 0.02294921875 0.7294921875 0.0439453125 0.080078125
0 0.11474609375 0.85693359375 0.0693359375 0.0673828125
0 0.1064453125 0.77490234375 0.087890625 0.0712890625
0 0.19921875 0.8984375 0.087890625 0.083984375
0 0.2705078125 0.8876953125 0.076171875 0.099609375
0 0.40283203125 0.9521484375 0.1416015625 0.095703125
0 0.35595703125 0.97265625 0.0849609375 0.0546875
0 0.05126953125 0.97216796875 0.1025390625 0.0556640625
0 0.74560546875 0.95947265625 0.0966796875 0.0673828125
0 0.5771484375 0.9287109375 0.109375 0.068359375
0 0.48486328125 0.84033203125 0.0634765625 0.0751953125
0 0.58154296875 0.85400390625 0.0751953125 0.0654296875
0 0.4423828125 0.91748046875 0.078125 0.0478515625
0 0.4736328125 0.7685546875 0.0859375 0.076171875
0 0.43359375 0.52294921875 0.05859375 0.0751953125
