0 0.03759765625 0.0498046875 0.0751953125 0.099609375
0 0.1474609375 0.1201171875 0.107421875 0.064453125
0 0.1640625 0.1787109375 0.078125 0.052734375
0 0.16259765625 0.24658203125 0.1005859375 0.0615234375
0 0.3359375 0.107421875 0.056640625 0.08203125
0 0.3837890625 0.14599609375 0.068359375 0.0556640625
0 0.4130859375 0.07666015625 0.05859375 0.0673828125
0 0.48779296875 0.0302734375 0.0537109375 0.048828125
0 0.60888671875 0.12255859375 0.0576171875 0.0830078125
0 0.4560546875 0.32470703125 0.078125 0.0791015625
0 0.142578125 0.52685546875 0.064453125 0.0498046875
0 0.11669921875 0.49072265625 0.0595703125 0.0517578125
0 0.21142578125 0.47607421875 0.0732421875 0.0439453125
0 0.21484375 0.51904296875 0.072265625 0.0478515625
0 0.38720703125 0.47119140625 0.0712890625 0.0576171875
0 0.525390625 0.404296875 0.068359375 0.068359375
0 0.59912109375 0.451171875 0.0556640625 0.0625
0 0.673828125 0.46484375 0.05859375 0.08203125
0 0.41357421875 0.59326171875 0.0654296875 0.0791015625
0 0.50634765625 0.6259765625 0.1279296875 0.0625
0 0.28564453125 0.70703125 0.0556640625 0.0625
0 0.18994140625 0.8125 0.0927734375 0.087890625
0 0.51708984375 0.7412109375 0.0849609375 0.083984375
0 0.4619140625 0.869140625 0.072265625 0.060546875
0 0.55517578125 0.92041015625 0.0791015625 0.0751953125
0 0.61376953125 0.818359375 0.0556640625 0.05078125
0 0.34228515625 0.97314453125 0.0615234375 0.0537109375
0 0.4287109375 0.982421875 0.06640625 0.03515625
0 0.4853515625 0.935546875 0.068359375 0.0625
0 0.71484375 0.9404296875 0.072265625 0.087890625
0 0.748046875 0.83642578125 0.068359375 0.0947265625
0 0.8193359375 0.88916015625 0.09375 0.0693359375
0 0.80859375 0.7099609375 0.06640625 0.08203125
0 0.97607421875 0.8408203125 0.0478515625 0.0859375
0 0.92138671875 0.9345703125 0.0517578125 0.076171875
0 0.8916015625 0.52490234375 0.08203125 0.0751953125
0 0.87353515625 0.44091796875 0.0751953125 0.0673828125
0 0.828125 0.3994140625 0.06640625 0.109375
0 0.79833984375 0.3046875 0.0810546875 0.09765625
0 0.95556640625 0.13720703125 0.0888671875 0.0732421875
0 0.966796875 0.04833984375 0.06640625 0.0576171875
0 0.0390625 0.6025390625 0.064453125 0.068359375
0 0.548828125 0.8447265625 0.041015625 0.0625
0 0.82763671875 0.48779296875 0.0517578125 0.0380859375
