0 0.4609375 0.58984375 0.072265625 0.080078125
0 0.37158203125 0.62451171875 0.0732421875 0.0693359375
0 0.58544921875 0.55859375 0.0888671875 0.0703125
0 0.65966796875 0.17578125 0.0751953125 0.095703125
0 0.85986328125 0.65576171875 0.0439453125 0.0849609375
0 0.205078125 0.14794921875 0.0546875 0.0986328125
0 0.5869140625 0.60205078125 0.083984375 0.0673828125
0 0.46240234375 0.51513671875 0.0908203125 0.1162109375
0 0.8701171875 0.4716796875 0.044921875 0.109375
0 0.2138671875 0.62158203125 0.076171875 0.0732421875
0 0.197265625 0.529296875 0.13671875 0.0859375
0 0.6689453125 0.490234375 0.07421875 0.0859375
0 0.9541015625 0.21435546875 0.05859375 0.0830078125
0 0.015625 0.85498046875 0.03125 0.0595703125
0 0.7890625 0.1806640625 0.044921875 0.138671875
0 0.77099609375 0.5087890625 0.0439453125 0.072265625
0 0.7861328125 0.58251953125 0.048828125 0.0693359375
0 0.09375 0.47802734375 0.08984375 0.1259765625
0 0.97314453125 0.88671875 0.0537109375 0.07421875
0 0.2001953125 0.919921875 0.10546875 0.0546875
0 0.01513671875 0.208984375 0.0302734375 0.087890625
0 0.62548828125 0.5498046875 0.0595703125 0.06640625
0 0.79296875 0.78955078125 0.1015625 0.1298828125
0 0.33203125 0.4814453125 0.05078125 0.078125
0 0.94287109375 0.48779296875 0.0498046875 0.1025390625
0 0.27880859375 0.4560546875 0.0400390625 0.083984375
0 0.4130859375 0.97900390625 0.025390625 0.0419921875
0 0.04345703125 0.80078125 0.0615234375 0.064453125
0 0.59423828125 0.47119140625 0.0615234375 0.0693359375
0 0.72509765625 0.08056640625 0.0439453125 0.1259765625
0 0.224609375 0.9775390625 0.08203125 0.044921875
0 0.30712890625 0.57470703125 0.0439453125 0.0654296875
0 0.08349609375 0.92578125 0.0673828125 0.03515625
0 0.3662109375 0.4326171875 0.060546875 0.05078125
0 0.33740234375 0.5439453125 0.0419921875 0.05859375
0 0.62158203125 0.228515625 0.0458984375 0.06640625
0 0.9072265625 0.037109375 0.04296875 0.0625
0 0.76708984375 0.63330078125 0.0302734375 0.0498046875
0 0.490234375 0.7509765625 0.05859375 0.05078125
0 0.6455078125 0.701171875 0.04296875 0.044921875
0 0.4677734375 0.013671875 0.04296875 0.025390625
0 0.990234375 0.521484375 0.01953125 0.04296875
0 0.9228515625 0.9765625 0.0703125 0.046875
0 0.19189453125 0.01611328125 0.0498046875 0.0263671875
0 0.42626953125 0.291015625 0.0634765625 0.03515625
0 0.7021484375 0.41796875 0.048828125 0.048828125
