0 0.462890625 0.3212890625 0.078125 0.09765625
0 0.58203125 0.5419921875 0.109375 0.064453125
0 0.55322265625 0.49365234375 0.1005859375 0.1181640625
0 0.35302734375 0.27880859375 0.1708984375 0.0712890625
0 0.36865234375 0.7392578125 0.0595703125 0.0703125
0 0.8623046875 0.908203125 0.12109375 0.087890625
0 0.08642578125 0.67333984375 0.1728515625 0.1005859375
0 0.51220703125 0.4970703125 0.0556640625 0.05859375
0 0.375 0.33447265625 0.072265625 0.0791015625
0 0.46337890625 0.4345703125 0.1123046875 0.099609375
0 0.05908203125 0.27197265625 0.0947265625 0.1201171875
0 0.23681640625 0.49462890625 0.0458984375 0.0380859375
0 0.029296875 0.89501953125 0.052734375 0.0556640625
0 0.2880859375 0.69091796875 0.17578125 0.1025390625
0 0.9404296875 0.36669921875 0.119140625 0.1025390625
0 0.56982421875 0.052734375 0.0908203125 0.103515625
0 0.55908203125 0.38330078125 0.0986328125 0.0791015625
0 0.4697265625 0.1689453125 0.060546875 0.076171875
0 0.4541015625 0.2275390625 0.0625 0.048828125
0 0.50537109375 0.201171875 0.0849609375 0.06640625
0 0.5732421875 0.234375 0.107421875 0.09375
0 0.642578125 0.2548828125 0.09375 0.078125
0 0.58154296875 0.28466796875 0.1044921875 0.0927734375
0 0.44970703125 0.82763671875 0.0458984375 0.0322265625
0 0.8408203125 0.80322265625 0.03125 0.0400390625
