0 0.4619140625 0.23583984375 0.1796875 0.0927734375
0 0.1591796875 0.15478515625 0.08984375 0.0654296875
0 0.390625 0.037109375 0.107421875 0.07421875
0 0.73583984375 0.08984375 0.0927734375 0.08984375
0 0.845703125 0.0546875 0.1171875 0.109375
0 0.28369140625 0.630859375 0.1025390625 0.107421875
0 0.24072265625 0.24609375 0.1474609375 0.09765625
0 0.43896484375 0.3798828125 0.1259765625 0.08203125
0 0.2177734375 0.4541015625 0.080078125 0.08984375
0 0.07421875 0.076171875 0.0703125 0.09765625
0 0.38232421875 0.546875 0.1337890625 0.080078125
0 0.79931640625 0.4501953125 0.1259765625 0.083984375
0 0.62548828125 0.60302734375 0.1572265625 0.0673828125
0 0.0830078125 0.30615234375 0.072265625 0.0673828125
0 0.6796875 0.29833984375 0.080078125 0.0576171875
0 0.86767578125 0.2763671875 0.1005859375 0.072265625
0 0.0234375 0.04248046875 0.046875 0.0849609375
0 0.09326171875 0.01953125 0.0771484375 0.0390625
0 0.43994140625 0.30126953125 0.1201171875 0.0634765625
0 0.6748046875 0.25537109375 0.080078125 0.0576171875
0 0.28173828125 0.0859375 0.0751953125 0.052734375
0 0.1708984375 0.037109375 0.078125 0.07421875
