0 0.05322265625 0.9111328125 0.0888671875 0.056640625
0 0.09130859375 0.96826171875 0.0771484375 0.0634765625
0 0.177734375 0.91064453125 0.0703125 0.0654296875
0 0.13671875 0.8115234375 0.0625 0.078125
0 0.185546875 0.783203125 0.048828125 0.06640625
0 0.10546875 0.72314453125 0.064453125 0.0634765625
0 0.1455078125 0.66552734375 0.05859375 0.0537109375
0 0.115234375 0.62451171875 0.05078125 0.0537109375
0 0.04638671875 0.61083984375 0.0751953125 0.1044921875
0 0.091796875 0.568359375 0.0859375 0.0625
0 0.31396484375 0.02001953125 0.0888671875 0.0400390625
0 0.4521484375 0.03466796875 0.072265625 0.0693359375
0 0.39794921875 0.0927734375 0.0751953125 0.060546875
0 0.11767578125 0.25146484375 0.0947265625 0.0751953125
0 0.140625 0.4013671875 0.0546875 0.064453125
0 0.29052734375 0.35791015625 0.1318359375 0.0810546875
0 0.33154296875 0.4638671875 0.0791015625 0.0859375
0 0.32373046875 0.56201171875 0.0654296875 0.0810546875
0 0.50244140625 0.42138671875 0.0732421875 0.0634765625
0 0.4375 0.2177734375 0.08984375 0.091796875
0 0.3681640625 0.2587890625 0.056640625 0.07421875
0 0.4013671875 0.32080078125 0.095703125 0.0576171875
0 0.33935546875 0.2080078125 0.0517578125 0.060546875
0 0.28271484375 0.7109375 0.0634765625 0.0859375
0 0.38134765625 0.6767578125 0.0673828125 0.06640625
0 0.244140625 0.90185546875 0.06640625 0.0576171875
0 0.294921875 0.8896484375 0.0546875 0.05078125
0 0.39306640625 0.9091796875 0.0537109375 0.0546875
0 0.33447265625 0.97021484375 0.0654296875 0.0595703125
0 0.39697265625 0.9775390625 0.0654296875 0.044921875
0 0.5078125 0.96484375 0.064453125 0.0703125
0 0.45361328125 0.97216796875 0.0458984375 0.0556640625
0 0.93408203125 0.03955078125 0.0576171875 0.0791015625
0 0.96923828125 0.1171875 0.0615234375 0.06640625
0 0.97900390625 0.2080078125 0.0419921875 0.056640625
0 0.79541015625 0.14990234375 0.0751953125 0.0712890625
0 0.77197265625 0.0654296875 0.0693359375 0.0703125
0 0.69970703125 0.02880859375 0.0751953125 0.0576171875
0 0.703125 0.08984375 0.0625 0.068359375
0 0.615234375 0.0224609375 0.072265625 0.044921875
0 0.57177734375 0.07568359375 0.0791015625 0.0751953125
0 0.6884765625 0.27392578125 0.0859375 0.0576171875
0 0.85205078125 0.2841796875 0.0927734375 0.0703125
0 0.97021484375 0.353515625 0.0595703125 0.048828125
0 0.93505859375 0.4462890625 0.0654296875 0.052734375
0 0.607421875 0.4482421875 0.060546875 0.0546875
0 0.806640625 0.9638671875 0.08203125 0.0703125
0 0.58837890625 0.982421875 0.0595703125 0.03515625
0 0.70166015625 0.5810546875 0.0615234375 0.0703125
0 0.7646484375 0.58837890625 0.05859375 0.0947265625
0 0.748046875 0.78857421875 0.060546875 0.1220703125
0 0.5615234375 0.7177734375 0.064453125 0.115234375
0 0.65283203125 0.85400390625 0.0576171875 0.0556640625
0 0.408203125 0.1640625 0.091796875 0.0703125
0 0.0732421875 0.53515625 0.076171875 0.0625
0 0.2412109375 0.3876953125 0.044921875 0.048828125
0 0.26318359375 0.6494140625 0.0634765625 0.046875
