0 0.07666015625 0.02978515625 0.0751953125 0.0595703125
0 0.25341796875 0.0556640625 0.0869140625 0.072265625
0 0.703125 0.32080078125 0.123046875 0.0966796875
0 0.4404296875 0.32958984375 0.0625 0.0595703125
0 0.63671875 0.92041015625 0.16015625 0.1376953125
0 0.9208984375 0.05224609375 0.1171875 0.0751953125
0 0.03125 0.279296875 0.0625 0.125
0 0.873046875 0.0009765625 0.107421875 0.001953125
0 0.48095703125 0.9208984375 0.1279296875 0.123046875
0 0.6953125 0.11474609375 0.0625 0.0556640625
0 0.05224609375 0.1806640625 0.1044921875 0.09765625
0 0.00244140625 0.5146484375 0.0048828125 0.080078125
0 0.10791015625 0.64794921875 0.1044921875 0.0947265625
