0 0.67529296875 0.62890625 0.1044921875 0.0625
0 0.64697265625 0.18310546875 0.0947265625 0.0673828125
0 0.26220703125 0.498046875 0.1123046875 0.125
0 0.498046875 0.533203125 0.072265625 0.091796875
0 0.84716796875 0.17822265625 0.0947265625 0.0673828125
0 0.35595703125 0.0283203125 0.0673828125 0.056640625
0 0.29833984375 0.25927734375 0.0615234375 0.0654296875
0 0.630859375 0.83544921875 0.078125 0.0673828125
0 0.97509765625 0.40087890625 0.0498046875 0.0576171875
0 0.58203125 0.0283203125 0.134765625 0.056640625
0 0.4619140625 0.873046875 0.126953125 0.126953125
0 0.474609375 0.68408203125 0.154296875 0.1650390625
0 0.25341796875 0.1142578125 0.0830078125 0.0703125
0 0.37353515625 0.14208984375 0.0771484375 0.0908203125
0 0.49951171875 0.24072265625 0.0556640625 0.1220703125
0 0.04150390625 0.291015625 0.0830078125 0.052734375
0 0.0009765625 0.9697265625 0.001953125 0.060546875
0 0.37841796875 0.73828125 0.0927734375 0.08203125
0 0.974609375 0.23046875 0.05078125 0.052734375
0 0.3544921875 0.60546875 0.060546875 0.072265625
0 0.453125 0.24462890625 0.052734375 0.1142578125
0 0.34326171875 0.240234375 0.0498046875 0.056640625
