0 0.85205078125 0.365234375 0.0712890625 0.068359375
0 0.404296875 0.1708984375 0.078125 0.08984375
0 0.69677734375 0.2978515625 0.0537109375 0.080078125
0 0.806640625 0.17431640625 0.072265625 0.1005859375
0 0.9052734375 0.2568359375 0.041015625 0.1015625
0 0.11328125 0.14013671875 0.119140625 0.1025390625
0 0.73974609375 0.85595703125 0.0830078125 0.0869140625
0 0.84814453125 0.51953125 0.0693359375 0.10546875
0 0.75634765625 0.1591796875 0.0615234375 0.083984375
0 0.9736328125 0.6376953125 0.052734375 0.048828125
0 0.162109375 0.0595703125 0.087890625 0.060546875
0 0.3076171875 0.45166015625 0.087890625 0.0595703125
0 0.52001953125 0.82470703125 0.0751953125 0.1201171875
0 0.40869140625 0.51611328125 0.0908203125 0.0634765625
0 0.173828125 0.56591796875 0.130859375 0.0615234375
0 0.16845703125 0.43115234375 0.0986328125 0.0458984375
0 0.7001953125 0.58154296875 0.044921875 0.0810546875
0 0.1962890625 0.7666015625 0.095703125 0.068359375
0 0.59765625 0.30322265625 0.095703125 0.0439453125
0 0.78271484375 0.8642578125 0.0673828125 0.0703125
0 0.90087890625 0.0439453125 0.0400390625 0.05078125
0 0.37255859375 0.23876953125 0.0849609375 0.0419921875
0 0.06591796875 0.34912109375 0.0849609375 0.0478515625
0 0.7275390625 0.01025390625 0.037109375 0.0205078125
0 0.13818359375 0.58056640625 0.1201171875 0.0771484375
0 0.482421875 0.36279296875 0.056640625 0.0595703125
0 0.91015625 0.51806640625 0.1171875 0.0732421875
0 0.625 0.88427734375 0.080078125 0.1025390625
0 0.8857421875 0.75830078125 0.0625 0.0615234375
0 0.54345703125 0.51171875 0.0712890625 0.06640625
0 0.8583984375 0.7802734375 0.05859375 0.04296875
0 0.7255859375 0.90283203125 0.146484375 0.0439453125
0 0.9560546875 0.421875 0.046875 0.083984375
0 0.796875 0.6376953125 0.048828125 0.060546875
0 0.06201171875 0.38916015625 0.0712890625 0.0322265625
0 0.81298828125 0.0263671875 0.0693359375 0.052734375
0 0.18603515625 0.92333984375 0.0947265625 0.0517578125
0 0.7041015625 0.74951171875 0.052734375 0.0458984375
0 0.3466796875 0.65625 0.0703125 0.052734375
0 0.72119140625 0.66748046875 0.1064453125 0.0537109375
0 0.0771484375 0.9130859375 0.154296875 0.0703125
0 0.2353515625 0.3193359375 0.125 0.052734375
0 0.5244140625 0.67431640625 0.12109375 0.0556640625
0 0.5859375 0.81396484375 0.07421875 0.0517578125
0 0.04248046875 0.58349609375 0.0849609375 0.0458984375
0 0.95068359375 0.8974609375 0.0712890625 0.04296875
0 0.3984375 0.69921875 0.1171875 0.052734375
0 0.67724609375 0.8525390625 0.0576171875 0.046875
0 0.119140625 0.51416015625 0.05078125 0.0693359375
0 0.1708984375 0.28857421875 0.091796875 0.0458984375
0 0.1708984375 0.9609375 0.072265625 0.052734375
0 0.666015625 0.01953125 0.064453125 0.037109375
0 0.98583984375 0.17431640625 0.0283203125 0.0537109375
0 0.033203125 0.68603515625 0.06640625 0.0400390625
0 0.02490234375 0.6259765625 0.0498046875 0.03515625
0 0.49267578125 0.8701171875 0.0400390625 0.044921875
0 0.9609375 0.51416015625 0.06640625 0.0458984375
0 0.0068359375 0.1787109375 0.013671875 0.068359375
0 0.0166015625 0.306640625 0.03125 0.05078125
