0 0.05078125 0.92431640625 0.1015625 0.0712890625
0 0.1240234375 0.97412109375 0.111328125 0.0517578125
0 0.17919921875 0.9111328125 0.0908203125 0.076171875
0 0.4794921875 0.9814453125 0.130859375 0.037109375
0 0.3564453125 0.85400390625 0.068359375 0.1025390625
0 0.51416015625 0.79443359375 0.0888671875 0.0693359375
0 0.27587890625 0.705078125 0.0576171875 0.06640625
0 0.17822265625 0.66845703125 0.0791015625 0.0693359375
0 0.0693359375 0.73095703125 0.07421875 0.1025390625
0 0.02099609375 0.70556640625 0.0419921875 0.0556640625
0 0.05810546875 0.52685546875 0.0966796875 0.0791015625
0 0.1953125 0.5166015625 0.080078125 0.060546875
0 0.28076171875 0.42626953125 0.0712890625 0.0712890625
0 0.33984375 0.37255859375 0.068359375 0.0791015625
0 0.140625 0.2890625 0.060546875 0.064453125
0 0.03076171875 0.21044921875 0.0439453125 0.0498046875
0 0.130859375 0.16748046875 0.060546875 0.0791015625
0 0.19580078125 0.1279296875 0.0751953125 0.078125
0 0.5693359375 0.06982421875 0.06640625 0.0634765625
0 0.71875 0.09716796875 0.0625 0.0634765625
0 0.74951171875 0.15380859375 0.0751953125 0.0751953125
0 0.60498046875 0.5654296875 0.0888671875 0.060546875
0 0.63916015625 0.57275390625 0.0576171875 0.0869140625
0 0.76513671875 0.68359375 0.0556640625 0.068359375
0 0.83984375 0.6875 0.060546875 0.0703125
0 0.68603515625 0.939453125 0.1123046875 0.05859375
0 0.873046875 0.93603515625 0.15234375 0.0771484375
0 0.97216796875 0.8720703125 0.0556640625 0.087890625
0 0.8603515625 0.77734375 0.0703125 0.05859375
0 0.86279296875 0.57275390625 0.1025390625 0.0849609375
0 0.9248046875 0.53759765625 0.0625 0.0400390625
0 0.82373046875 0.43701171875 0.0634765625 0.0947265625
0 0.8974609375 0.3720703125 0.064453125 0.1171875
0 0.958984375 0.35009765625 0.06640625 0.0927734375
0 0.81982421875 0.32421875 0.0537109375 0.0625
0 0.96337890625 0.18212890625 0.0732421875 0.0712890625
0 0.9130859375 0.01953125 0.087890625 0.0390625
0 0.82373046875 0.79443359375 0.0634765625 0.0498046875
