0 0.43701171875 0.728515625 0.1298828125 0.107421875
0 0.32958984375 0.13037109375 0.0966796875 0.1103515625
0 0.35009765625 0.45556640625 0.1005859375 0.0830078125
0 0.74072265625 0.55322265625 0.0751953125 0.0673828125
0 0.89208984375 0.23828125 0.0908203125 0.091796875
0 0.9169921875 0.1630859375 0.099609375 0.068359375
0 0.9423828125 0.71533203125 0.115234375 0.1474609375
0 0.634765625 0.79833984375 0.09765625 0.0947265625
0 0.033203125 0.1552734375 0.06640625 0.0859375
0 0.93701171875 0.50439453125 0.1083984375 0.1005859375
0 0.1171875 0.1064453125 0.107421875 0.111328125
0 0.296875 0.62548828125 0.0703125 0.0673828125
0 0.74267578125 0.06591796875 0.0732421875 0.1064453125
0 0.7783203125 0.21484375 0.0703125 0.08203125
0 0.330078125 0.83984375 0.099609375 0.068359375
0 0.3349609375 0.5224609375 0.09765625 0.099609375
