0 0.09521484375 0.22265625 0.0556640625 0.05859375
0 0.140625 0.23095703125 0.0625 0.0615234375
0 0.15087890625 0.33056640625 0.0634765625 0.0576171875
0 0.142578125 0.38720703125 0.05078125 0.0537109375
0 0.1962890625 0.41845703125 0.095703125 0.0478515625
0 0.2822265625 0.4208984375 0.068359375 0.07421875
0 0.16552734375 0.5224609375 0.0693359375 0.068359375
0 0.353515625 0.51025390625 0.0625 0.0869140625
0 0.3359375 0.5830078125 0.060546875 0.078125
0 0.41064453125 0.5849609375 0.0771484375 0.080078125
0 0.1923828125 0.63671875 0.052734375 0.087890625
0 0.23291015625 0.70654296875 0.0576171875 0.0537109375
0 0.17138671875 0.71142578125 0.0576171875 0.0576171875
0 0.1044921875 0.71484375 0.060546875 0.05078125
0 0.1298828125 0.74853515625 0.056640625 0.0595703125
0 0.09814453125 0.853515625 0.0673828125 0.05859375
0 0.11181640625 0.92822265625 0.0439453125 0.0712890625
0 0.1865234375 0.8525390625 0.056640625 0.048828125
0 0.27587890625 0.82666015625 0.0654296875 0.0751953125
0 0.34375 0.8349609375 0.09375 0.056640625
0 0.34814453125 0.74169921875 0.0908203125 0.0576171875
0 0.5029296875 0.7392578125 0.07421875 0.0546875
0 0.57958984375 0.71875 0.0693359375 0.060546875
0 0.57958984375 0.76806640625 0.0927734375 0.0693359375
0 0.5751953125 0.888671875 0.068359375 0.078125
0 0.72900390625 0.90576171875 0.0634765625 0.0595703125
0 0.6865234375 0.8583984375 0.064453125 0.080078125
0 0.818359375 0.8515625 0.068359375 0.072265625
0 0.87109375 0.982421875 0.06640625 0.03515625
0 0.2568359375 0.16552734375 0.0546875 0.0576171875
0 0.3896484375 0.13232421875 0.0625 0.0615234375
0 0.3837890625 0.20166015625 0.056640625 0.0771484375
0 0.419921875 0.18701171875 0.056640625 0.0712890625
0 0.95458984375 0.93896484375 0.0908203125 0.0693359375
0 0.94873046875 0.794921875 0.0576171875 0.060546875
0 0.89599609375 0.78076171875 0.0478515625 0.0595703125
0 0.91943359375 0.84814453125 0.0712890625 0.0791015625
0 0.72509765625 0.705078125 0.0771484375 0.06640625
0 0.8291015625 0.712890625 0.05859375 0.060546875
0 0.54248046875 0.59521484375 0.0634765625 0.0751953125
0 0.63671875 0.55029296875 0.07421875 0.0927734375
0 0.6796875 0.5224609375 0.076171875 0.06640625
0 0.609375 0.4296875 0.09765625 0.072265625
0 0.666015625 0.4609375 0.056640625 0.0625
0 0.580078125 0.345703125 0.08203125 0.0703125
0 0.69482421875 0.32373046875 0.0693359375 0.0615234375
0 0.783203125 0.40087890625 0.08984375 0.0458984375
0 0.84228515625 0.30322265625 0.0888671875 0.0751953125
0 0.8935546875 0.451171875 0.068359375 0.060546875
0 0.6591796875 0.25 0.078125 0.0703125
0 0.59326171875 0.22705078125 0.1259765625 0.1005859375
0 0.97314453125 0.509765625 0.0537109375 0.0859375
0 0.81689453125 0.5810546875 0.0654296875 0.11328125
0 0.8134765625 0.52685546875 0.056640625 0.0458984375
0 0.96240234375 0.60009765625 0.0673828125 0.0791015625
0 0.869140625 0.68017578125 0.091796875 0.0712890625
0 0.923828125 0.6884765625 0.072265625 0.091796875
0 0.982421875 0.669921875 0.03515625 0.0703125
0 0.86279296875 0.36181640625 0.0576171875 0.0556640625
0 0.87744140625 0.42041015625 0.0576171875 0.0498046875
0 0.1904296875 0.63037109375 0.10546875 0.0673828125
