0 0.4619140625 0.9736328125 0.109375 0.052734375
0 0.59912109375 0.9736328125 0.0849609375 0.052734375
0 0.421875 0.61083984375 0.099609375 0.0927734375
0 0.578125 0.53466796875 0.087890625 0.1201171875
0 0.4892578125 0.1669921875 0.0703125 0.064453125
0 0.1435546875 0.44677734375 0.09765625 0.0947265625
0 0.5888671875 0.095703125 0.08203125 0.09765625
0 0.6796875 0.40673828125 0.134765625 0.1103515625
0 0.42041015625 0.30078125 0.0869140625 0.11328125
0 0.3798828125 0.82958984375 0.115234375 0.0849609375
0 0.37939453125 0.5185546875 0.0947265625 0.072265625
0 0.201171875 0.30322265625 0.09765625 0.1376953125
0 0.77197265625 0.82861328125 0.1201171875 0.0576171875
0 0.46826171875 0.0556640625 0.0771484375 0.078125
0 0.77587890625 0.74609375 0.1396484375 0.08203125
0 0.41064453125 0.02685546875 0.0927734375 0.0498046875
0 0.4560546875 0.2919921875 0.0390625 0.0703125
0 0.0244140625 0.71923828125 0.044921875 0.1103515625
0 0.80078125 0.65185546875 0.087890625 0.0751953125
0 0.0185546875 0.3046875 0.037109375 0.1015625
