0 0.38037109375 0.205078125 0.1025390625 0.08984375
0 0.515625 0.16943359375 0.126953125 0.1201171875
0 0.224609375 0.04345703125 0.19921875 0.0869140625
0 0.671875 0.287109375 0.14453125 0.125
0 0.78662109375 0.55029296875 0.1630859375 0.4267578125
0 0.2236328125 0.66455078125 0.4375 0.2841796875
0 0.4228515625 0.90625 0.142578125 0.1875
0 0.07080078125 0.0908203125 0.0927734375 0.181640625
0 0.28173828125 0.46337890625 0.0947265625 0.0830078125
0 0.18701171875 0.9169921875 0.1142578125 0.16015625
0 0.5693359375 0.958984375 0.134765625 0.08203125
0 0.060546875 0.9111328125 0.1171875 0.177734375
0 0.76953125 0.97216796875 0.099609375 0.0556640625
0 0.3232421875 0.92919921875 0.09765625 0.1376953125
