0 0.98291015625 0.19873046875 0.0341796875 0.0869140625
0 0.78125 0.0927734375 0.091796875 0.080078125
0 0.07275390625 0.396484375 0.0927734375 0.046875
0 0.95361328125 0.50244140625 0.0888671875 0.0615234375
0 0.49462890625 0.158203125 0.0791015625 0.060546875
0 0.20654296875 0.73828125 0.0810546875 0.06640625
0 0.2216796875 0.2373046875 0.076171875 0.0625
0 0.4736328125 0.427734375 0.111328125 0.080078125
0 0.98974609375 0.9208984375 0.0205078125 0.044921875
0 0.615234375 0.83740234375 0.083984375 0.0498046875
0 0.31689453125 0.2197265625 0.0986328125 0.080078125
0 0.42431640625 0.28466796875 0.0869140625 0.0634765625
0 0.21484375 0.4853515625 0.083984375 0.060546875
0 0.64111328125 0.19775390625 0.0732421875 0.0732421875
0 0.44677734375 0.7734375 0.0888671875 0.056640625
0 0.40576171875 0.54052734375 0.1201171875 0.0556640625
0 0.99169921875 0.3046875 0.0166015625 0.052734375
0 0.9013671875 0.28125 0.072265625 0.0546875
0 0.4697265625 0.94091796875 0.0703125 0.0400390625
0 0.083984375 0.49560546875 0.0703125 0.0458984375
0 0.7548828125 0.55322265625 0.099609375 0.0400390625
0 0.14599609375 0.10791015625 0.1142578125 0.0478515625
0 0.3779296875 0.7275390625 0.11328125 0.04296875
0 0.98046875 0.6337890625 0.0390625 0.0390625
0 0.0263671875 0.4462890625 0.052734375 0.037109375
0 0.6376953125 0.11767578125 0.119140625 0.1318359375
0 0.939453125 0.11572265625 0.07421875 0.0322265625
0 0.75146484375 0.52001953125 0.1025390625 0.0400390625
0 0.81298828125 0.03857421875 0.0771484375 0.0732421875
0 0.15478515625 0.62158203125 0.1025390625 0.0361328125
0 0.70361328125 0.9609375 0.0771484375 0.072265625
0 0.08203125 0.23974609375 0.0859375 0.0400390625
0 0.763671875 0.92041015625 0.064453125 0.0361328125
0 0.76708984375 0.58447265625 0.0732421875 0.0478515625
0 0.09521484375 0.90234375 0.1357421875 0.068359375
0 0.484375 0.34228515625 0.13671875 0.0576171875
0 0.30859375 0.65625 0.080078125 0.025390625
0 0.9443359375 0.45654296875 0.0703125 0.0908203125
0 0.0712890625 0.02685546875 0.08984375 0.0537109375
0 0.5478515625 0.97705078125 0.087890625 0.0263671875
0 0.32275390625 0.03857421875 0.1083984375 0.0458984375
0 0.4267578125 0.3251953125 0.142578125 0.072265625
0 0.044921875 0.32666015625 0.087890625 0.0361328125
0 0.02880859375 0.0810546875 0.0537109375 0.021484375
0 0.75146484375 0.68359375 0.0673828125 0.03125
0 0.85693359375 0.49951171875 0.0927734375 0.0498046875
0 0.2529296875 0.9423828125 0.107421875 0.046875
0 0.18994140625 0.1552734375 0.0849609375 0.04296875
0 0.4775390625 0.8623046875 0.07421875 0.02734375
0 0.98828125 0.80029296875 0.0234375 0.0166015625
0 0.73583984375 0.3984375 0.1025390625 0.044921875
0 0.0439453125 0.58984375 0.078125 0.04296875
0 0.9912109375 0.55322265625 0.017578125 0.0400390625
0 0.48779296875 0.04150390625 0.0615234375 0.0341796875
0 0.126953125 0.97314453125 0.1328125 0.0400390625
0 0.2548828125 0.05224609375 0.09375 0.0380859375
0 0.29638671875 0.083984375 0.0810546875 0.033203125
0 0.93505859375 0.64501953125 0.0732421875 0.0458984375
0 0.35498046875 0.013671875 0.0517578125 0.02734375
0 0.107421875 0.0185546875 0.1015625 0.037109375
0 0.4912109375 0.0517578125 0.068359375 0.037109375
0 0.3974609375 0.55224609375 0.0859375 0.0576171875
0 0.435546875 0.7021484375 0.044921875 0.01953125
0 0.48046875 0.8935546875 0.142578125 0.04296875
0 0.51123046875 0.8837890625 0.1064453125 0.03125
0 0.83642578125 0.921875 0.0927734375 0.05078125
