0 0.04833984375 0.341796875 0.0712890625 0.154296875
0 0.24609375 0.41015625 0.0859375 0.115234375
0 0.3193359375 0.27001953125 0.078125 0.0888671875
0 0.1728515625 0.0693359375 0.07421875 0.13671875
0 0.42333984375 0.05078125 0.1298828125 0.1015625
0 0.01220703125 0.51904296875 0.0244140625 0.0751953125
0 0.09033203125 0.5859375 0.1162109375 0.080078125
0 0.1259765625 0.509765625 0.078125 0.064453125
0 0.205078125 0.59228515625 0.0546875 0.0654296875
0 0.3564453125 0.60546875 0.10546875 0.142578125
0 0.51220703125 0.5751953125 0.0908203125 0.060546875
0 0.51123046875 0.72265625 0.1318359375 0.0625
0 0.09228515625 0.9375 0.1162109375 0.048828125
0 0.18310546875 0.81787109375 0.0771484375 0.0810546875
0 0.2978515625 0.841796875 0.06640625 0.08984375
0 0.01953125 0.88134765625 0.0390625 0.1552734375
0 0.84375 0.98681640625 0.06640625 0.0263671875
0 0.90283203125 0.8583984375 0.0732421875 0.15234375
0 0.9853515625 0.6884765625 0.029296875 0.111328125
0 0.95947265625 0.6923828125 0.0634765625 0.091796875
0 0.97802734375 0.81298828125 0.0439453125 0.1494140625
0 0.8525390625 0.56884765625 0.091796875 0.1064453125
0 0.81201171875 0.44970703125 0.0693359375 0.0654296875
0 0.67626953125 0.494140625 0.0888671875 0.0703125
0 0.5458984375 0.48876953125 0.099609375 0.0869140625
0 0.56103515625 0.3583984375 0.0927734375 0.16015625
0 0.66064453125 0.24609375 0.0771484375 0.1953125
0 0.6572265625 0.2275390625 0.064453125 0.08984375
0 0.7255859375 0.21484375 0.08203125 0.115234375
0 0.74755859375 0.14306640625 0.0966796875 0.1220703125
0 0.93115234375 0.36767578125 0.1103515625 0.0791015625
0 0.88916015625 0.08837890625 0.1103515625 0.1337890625
0 0.990234375 0.0927734375 0.01953125 0.11328125
0 0.24609375 0.017578125 0.072265625 0.03515625
