0 0.01171875 0.103515625 0.0234375 0.06640625
0 0.13818359375 0.2470703125 0.0830078125 0.087890625
0 0.205078125 0.181640625 0.17578125 0.091796875
0 0.23046875 0.60791015625 0.115234375 0.1611328125
0 0.1826171875 0.72802734375 0.091796875 0.1181640625
0 0.13427734375 0.9140625 0.0693359375 0.0703125
0 0.0576171875 0.97607421875 0.115234375 0.0478515625
0 0.6611328125 0.98046875 0.2265625 0.0390625
0 0.7783203125 0.93505859375 0.111328125 0.0517578125
0 0.3515625 0.90087890625 0.1015625 0.0966796875
0 0.4267578125 0.82568359375 0.16796875 0.0888671875
0 0.58984375 0.8515625 0.125 0.076171875
0 0.5185546875 0.7333984375 0.087890625 0.064453125
0 0.74462890625 0.68896484375 0.1123046875 0.0537109375
0 0.703125 0.61328125 0.115234375 0.125
0 0.9453125 0.6708984375 0.09375 0.0703125
0 0.8955078125 0.77099609375 0.1640625 0.0791015625
0 0.93505859375 0.90771484375 0.1298828125 0.1083984375
0 0.65625 0.51904296875 0.099609375 0.0556640625
0 0.4599609375 0.607421875 0.103515625 0.083984375
0 0.443359375 0.53564453125 0.181640625 0.0908203125
0 0.62548828125 0.3134765625 0.0908203125 0.099609375
0 0.73046875 0.29541015625 0.095703125 0.0810546875
0 0.65234375 0.18212890625 0.1171875 0.0537109375
0 0.92041015625 0.1572265625 0.0908203125 0.076171875
0 0.44140625 0.14013671875 0.1484375 0.0693359375
0 0.49609375 0.06787109375 0.1953125 0.0751953125
0 0.30810546875 0.06689453125 0.1005859375 0.1123046875
0 0.84765625 0.0673828125 0.08984375 0.060546875
0 0.7392578125 0.02880859375 0.05859375 0.0576171875
0 0.44970703125 0.26318359375 0.0869140625 0.0888671875
