0 0.03857421875 0.82763671875 0.0771484375 0.1044921875
0 0.15283203125 0.11279296875 0.0751953125 0.0537109375
0 0.95166015625 0.10205078125 0.0771484375 0.0576171875
0 0.12451171875 0.69482421875 0.0849609375 0.1279296875
0 0.55126953125 0.0283203125 0.0712890625 0.056640625
0 0.10009765625 0.03662109375 0.0830078125 0.0732421875
0 0.921875 0.12841796875 0.078125 0.0576171875
0 0.83251953125 0.04541015625 0.0771484375 0.0908203125
0 0.5888671875 0.95849609375 0.125 0.0771484375
0 0.86572265625 0.8935546875 0.1123046875 0.0703125
0 0.94091796875 0.0673828125 0.0634765625 0.064453125
0 0.24658203125 0.96240234375 0.0615234375 0.0751953125
0 0.419921875 0.974609375 0.142578125 0.05078125
0 0.4482421875 0.8310546875 0.173828125 0.12109375
0 0.18310546875 0.951171875 0.0556640625 0.08203125
0 0.92578125 0.958984375 0.1484375 0.078125
0 0.27685546875 0.49755859375 0.1865234375 0.2060546875
0 0.75390625 0.15087890625 0.083984375 0.0771484375
0 0.16015625 0.83837890625 0.111328125 0.0927734375
0 0.1025390625 0.87548828125 0.080078125 0.1025390625
0 0.6923828125 0.95654296875 0.1171875 0.0869140625
0 0.1015625 0.94287109375 0.064453125 0.0927734375
0 0.13623046875 0.3525390625 0.0830078125 0.056640625
0 0.1591796875 0.646484375 0.072265625 0.07421875
0 0.62939453125 0.2138671875 0.0732421875 0.046875
0 0.98095703125 0.15673828125 0.0380859375 0.0654296875
0 0.1669921875 0.1396484375 0.08203125 0.0625
0 0.9111328125 0.0537109375 0.060546875 0.0625
0 0.49658203125 0.01416015625 0.0810546875 0.0283203125
