0 0.18310546875 0.36181640625 0.0849609375 0.0693359375
0 0.392578125 0.43212890625 0.111328125 0.0693359375
0 0.56689453125 0.41064453125 0.0751953125 0.0537109375
0 0.80322265625 0.40625 0.0986328125 0.078125
0 0.90966796875 0.4296875 0.0751953125 0.072265625
0 0.86474609375 0.23974609375 0.1259765625 0.0693359375
0 0.71044921875 0.31884765625 0.0654296875 0.0751953125
0 0.66552734375 0.4384765625 0.0673828125 0.05859375
0 0.73681640625 0.548828125 0.0947265625 0.08203125
0 0.72998046875 0.4697265625 0.1181640625 0.109375
0 0.80029296875 0.60791015625 0.1416015625 0.0947265625
0 0.64453125 0.697265625 0.10546875 0.07421875
0 0.7001953125 0.81640625 0.087890625 0.05859375
0 0.90283203125 0.9267578125 0.1181640625 0.0859375
0 0.55712890625 0.69677734375 0.0615234375 0.0869140625
0 0.60302734375 0.60546875 0.0615234375 0.060546875
0 0.49267578125 0.55419921875 0.0791015625 0.0869140625
0 0.43017578125 0.626953125 0.0732421875 0.06640625
0 0.4248046875 0.697265625 0.07421875 0.05859375
0 0.2998046875 0.68408203125 0.0703125 0.0537109375
0 0.3505859375 0.75341796875 0.07421875 0.0927734375
0 0.5146484375 0.7890625 0.1015625 0.076171875
0 0.6162109375 0.81884765625 0.072265625 0.0634765625
0 0.64111328125 0.89208984375 0.0732421875 0.0712890625
0 0.56884765625 0.93701171875 0.0791015625 0.0498046875
0 0.9072265625 0.677734375 0.080078125 0.072265625
0 0.33447265625 0.96826171875 0.0908203125 0.0634765625
0 0.29248046875 0.912109375 0.1025390625 0.072265625
0 0.240234375 0.84228515625 0.08984375 0.0712890625
0 0.0927734375 0.49951171875 0.060546875 0.0712890625
0 0.142578125 0.50634765625 0.076171875 0.0810546875
0 0.2216796875 0.52490234375 0.05078125 0.0673828125
0 0.07763671875 0.55859375 0.0712890625 0.0546875
0 0.0556640625 0.59765625 0.078125 0.05859375
0 0.103515625 0.41357421875 0.07421875 0.0712890625
0 0.15673828125 0.18408203125 0.0869140625 0.0634765625
0 0.06689453125 0.0244140625 0.0751953125 0.048828125
0 0.4140625 0.06982421875 0.078125 0.0732421875
0 0.419921875 0.25732421875 0.072265625 0.0556640625
0 0.50732421875 0.1982421875 0.1298828125 0.052734375
0 0.4765625 0.11669921875 0.076171875 0.0791015625
0 0.6611328125 0.0234375 0.134765625 0.046875
0 0.96728515625 0.140625 0.0654296875 0.072265625
0 0.798828125 0.1826171875 0.08203125 0.064453125
0 0.482421875 0.8994140625 0.0625 0.060546875
0 0.05419921875 0.3466796875 0.0654296875 0.052734375
0 0.29052734375 0.818359375 0.0400390625 0.05859375
0 0.0634765625 0.68115234375 0.078125 0.0634765625
