0 0.5419921875 0.048828125 0.140625 0.08984375
0 0.1220703125 0.2939453125 0.146484375 0.107421875
0 0.5791015625 0.46240234375 0.109375 0.1455078125
0 0.40087890625 0.04638671875 0.0771484375 0.0927734375
0 0.07958984375 0.08984375 0.1591796875 0.1796875
0 0.21630859375 0.14404296875 0.0986328125 0.1044921875
0 0.62255859375 0.29150390625 0.1025390625 0.0908203125
0 0.3623046875 0.177734375 0.099609375 0.072265625
0 0.1005859375 0.806640625 0.123046875 0.080078125
0 0.41748046875 0.82177734375 0.1083984375 0.0947265625
0 0.6708984375 0.158203125 0.197265625 0.1328125
0 0.94384765625 0.7470703125 0.1123046875 0.080078125
0 0.51318359375 0.947265625 0.0830078125 0.10546875
0 0.74072265625 0.88330078125 0.0771484375 0.2333984375
0 0.955078125 0.4990234375 0.07421875 0.07421875
0 0.771484375 0.95361328125 0.146484375 0.0927734375
0 0.74462890625 0.12939453125 0.1650390625 0.0849609375
0 0.689453125 0.908203125 0.060546875 0.091796875
0 0.48974609375 0.83837890625 0.1044921875 0.0771484375
0 0.59423828125 0.9599609375 0.0849609375 0.080078125
0 0.91357421875 0.9716796875 0.0966796875 0.056640625
