0 0.1630859375 0.337890625 0.083984375 0.05859375
0 0.08984375 0.39501953125 0.056640625 0.0673828125
0 0.18115234375 0.39453125 0.1123046875 0.072265625
0 0.2236328125 0.45751953125 0.091796875 0.0517578125
0 0.23291015625 0.2099609375 0.0888671875 0.099609375
0 0.07275390625 0.12744140625 0.0849609375 0.0673828125
0 0.1337890625 0.08935546875 0.083984375 0.0712890625
0 0.23876953125 0.0791015625 0.0966796875 0.0625
0 0.07421875 0.7099609375 0.068359375 0.091796875
0 0.21630859375 0.6767578125 0.0869140625 0.125
0 0.2080078125 0.83544921875 0.076171875 0.1318359375
0 0.21337890625 0.9501953125 0.0654296875 0.095703125
0 0.14892578125 0.845703125 0.0751953125 0.048828125
0 0.4208984375 0.7919921875 0.0859375 0.076171875
0 0.60693359375 0.8935546875 0.0498046875 0.052734375
0 0.751953125 0.86474609375 0.0859375 0.0693359375
0 0.68408203125 0.93994140625 0.0751953125 0.0908203125
0 0.93359375 0.90771484375 0.09375 0.1103515625
0 0.9560546875 0.783203125 0.060546875 0.080078125
0 0.966796875 0.67529296875 0.06640625 0.0869140625
0 0.9658203125 0.32666015625 0.068359375 0.1103515625
0 0.884765625 0.28369140625 0.12109375 0.0888671875
0 0.01318359375 0.896484375 0.0263671875 0.064453125
0 0.0615234375 0.98193359375 0.064453125 0.0361328125
0 0.326171875 0.91455078125 0.087890625 0.0986328125
0 0.3359375 0.7939453125 0.05859375 0.076171875
0 0.96142578125 0.15576171875 0.0771484375 0.1064453125
0 0.8173828125 0.05517578125 0.1171875 0.1103515625
0 0.013671875 0.0263671875 0.02734375 0.052734375
0 0.1474609375 0.55322265625 0.068359375 0.0751953125
0 0.54345703125 0.50146484375 0.0458984375 0.0634765625
0 0.80908203125 0.6796875 0.0673828125 0.0546875
0 0.796875 0.39794921875 0.060546875 0.0439453125
