0 0.267578125 0.24072265625 0.091796875 0.1708984375
0 0.3974609375 0.48974609375 0.09765625 0.0986328125
0 0.48388671875 0.380859375 0.1005859375 0.06640625
0 0.4345703125 0.30810546875 0.162109375 0.1865234375
0 0.38330078125 0.2626953125 0.0947265625 0.08203125
0 0.22998046875 0.59130859375 0.0615234375 0.1240234375
0 0.201171875 0.517578125 0.060546875 0.1171875
0 0.62158203125 0.48876953125 0.0732421875 0.1005859375
0 0.52099609375 0.60205078125 0.1064453125 0.1162109375
0 0.4873046875 0.66455078125 0.109375 0.0556640625
0 0.625 0.6591796875 0.095703125 0.072265625
0 0.52880859375 0.73681640625 0.0849609375 0.0634765625
0 0.7138671875 0.48974609375 0.0625 0.0888671875
0 0.7822265625 0.5205078125 0.072265625 0.111328125
0 0.87451171875 0.466796875 0.1416015625 0.07421875
0 0.85009765625 0.59033203125 0.0615234375 0.0791015625
0 0.72998046875 0.6416015625 0.0791015625 0.072265625
0 0.80078125 0.61328125 0.091796875 0.056640625
0 0.98779296875 0.54150390625 0.0244140625 0.0458984375
0 0.802734375 0.78564453125 0.07421875 0.1298828125
0 0.759765625 0.80859375 0.072265625 0.103515625
0 0.66259765625 0.7421875 0.0869140625 0.060546875
0 0.6630859375 0.82568359375 0.0859375 0.0751953125
0 0.560546875 0.81396484375 0.056640625 0.0966796875
0 0.47216796875 0.90673828125 0.0732421875 0.1240234375
0 0.29931640625 0.79638671875 0.0595703125 0.0732421875
0 0.24462890625 0.81689453125 0.0732421875 0.0712890625
0 0.9619140625 0.9599609375 0.068359375 0.080078125
0 0.9501953125 0.8740234375 0.080078125 0.078125
0 0.8505859375 0.8388671875 0.056640625 0.095703125
0 0.9345703125 0.8076171875 0.06640625 0.060546875
0 0.14990234375 0.8642578125 0.0771484375 0.076171875
0 0.2802734375 0.4130859375 0.080078125 0.0625
0 0.97900390625 0.83935546875 0.0419921875 0.0732421875
0 0.5205078125 0.826171875 0.068359375 0.068359375
0 0.9423828125 0.37841796875 0.056640625 0.0751953125
0 0.3828125 0.6513671875 0.08203125 0.087890625
0 0.4921875 0.427734375 0.064453125 0.0625
0 0.3759765625 0.58935546875 0.048828125 0.0595703125
0 0.40234375 0.70458984375 0.041015625 0.0400390625
0 0.9814453125 0.49169921875 0.037109375 0.0537109375
0 0.95458984375 0.5244140625 0.0498046875 0.0625
0 0.880859375 0.51025390625 0.06640625 0.0673828125
0 0.8828125 0.58203125 0.02734375 0.03515625
0 0.62158203125 0.56103515625 0.0576171875 0.0380859375
0 0.13232421875 0.982421875 0.0537109375 0.033203125
0 0.80615234375 0.71875 0.1044921875 0.0546875
