0 0.0361328125 0.38916015625 0.072265625 0.1083984375
0 0.33447265625 0.26806640625 0.0869140625 0.1845703125
0 0.19775390625 0.53857421875 0.0673828125 0.1298828125
0 0.17138671875 0.71484375 0.2255859375 0.068359375
0 0.31005859375 0.70556640625 0.0595703125 0.0615234375
0 0.34326171875 0.62158203125 0.1201171875 0.0927734375
0 0.35791015625 0.56982421875 0.0576171875 0.0830078125
0 0.44384765625 0.53173828125 0.1259765625 0.0791015625
0 0.39306640625 0.0869140625 0.1162109375 0.09765625
0 0.27099609375 0.06591796875 0.0986328125 0.1318359375
0 0.1552734375 0.05126953125 0.087890625 0.1025390625
0 0.02294921875 0.09912109375 0.0458984375 0.1318359375
0 0.60888671875 0.96728515625 0.1005859375 0.0654296875
0 0.623046875 0.88671875 0.099609375 0.087890625
0 0.68994140625 0.96728515625 0.0693359375 0.0654296875
0 0.7890625 0.76416015625 0.216796875 0.1787109375
0 0.69580078125 0.65087890625 0.0712890625 0.1337890625
0 0.71630859375 0.5263671875 0.0849609375 0.126953125
0 0.634765625 0.587890625 0.0859375 0.138671875
0 0.54296875 0.54345703125 0.09765625 0.0693359375
0 0.49462890625 0.44287109375 0.0810546875 0.1083984375
0 0.7734375 0.29248046875 0.1640625 0.0693359375
0 0.650390625 0.24755859375 0.1171875 0.0712890625
0 0.5458984375 0.201171875 0.09765625 0.13671875
0 0.51318359375 0.34228515625 0.0517578125 0.0576171875
0 0.92724609375 0.5595703125 0.0888671875 0.083984375
0 0.43115234375 0.03662109375 0.1103515625 0.0673828125
0 0.65087890625 0.2880859375 0.0810546875 0.0703125
0 0.71826171875 0.97265625 0.0927734375 0.0546875
0 0.5576171875 0.47021484375 0.091796875 0.1435546875
0 0.830078125 0.771484375 0.064453125 0.083984375
0 0.0458984375 0.0419921875 0.087890625 0.083984375
0 0.3525390625 0.966796875 0.080078125 0.06640625
0 0.10205078125 0.0205078125 0.0751953125 0.041015625
