0 0.51416015625 0.1474609375 0.0791015625 0.060546875
0 0.27197265625 0.2216796875 0.0400390625 0.076171875
0 0.59423828125 0.85693359375 0.0400390625 0.1083984375
0 0.0517578125 0.11572265625 0.025390625 0.1064453125
0 0.5625 0.55859375 0.072265625 0.11328125
0 0.29736328125 0.81494140625 0.0419921875 0.1083984375
0 0.82275390625 0.23779296875 0.0419921875 0.1025390625
0 0.4130859375 0.91064453125 0.037109375 0.0732421875
0 0.01318359375 0.1220703125 0.0263671875 0.05078125
0 0.341796875 0.86669921875 0.0390625 0.0810546875
0 0.13818359375 0.61669921875 0.0830078125 0.0888671875
0 0.97998046875 0.27490234375 0.0361328125 0.1025390625
0 0.5361328125 0.939453125 0.11328125 0.037109375
0 0.44287109375 0.13134765625 0.0595703125 0.1064453125
0 0.83056640625 0.244140625 0.0361328125 0.103515625
0 0.7138671875 0.95556640625 0.046875 0.0634765625
0 0.89453125 0.02685546875 0.033203125 0.0517578125
0 0.31103515625 0.65234375 0.0576171875 0.041015625
0 0.201171875 0.37255859375 0.033203125 0.0615234375
0 0.19677734375 0.23193359375 0.0458984375 0.0595703125
0 0.7138671875 0.0791015625 0.033203125 0.0703125
0 0.7275390625 0.298828125 0.02734375 0.0546875
0 0.0986328125 0.29443359375 0.1796875 0.0947265625
0 0.0673828125 0.8876953125 0.044921875 0.064453125
0 0.4990234375 0.03173828125 0.025390625 0.0634765625
0 0.3828125 0.33056640625 0.0390625 0.0517578125
0 0.96630859375 0.966796875 0.0439453125 0.0625
0 0.75048828125 0.33642578125 0.0400390625 0.0576171875
0 0.87939453125 0.908203125 0.0419921875 0.0703125
0 0.2666015625 0.14208984375 0.05859375 0.0400390625
0 0.27392578125 0.541015625 0.0771484375 0.060546875
0 0.75634765625 0.732421875 0.1005859375 0.091796875
0 0.724609375 0.58837890625 0.05078125 0.0712890625
0 0.25244140625 0.01220703125 0.0439453125 0.0244140625
0 0.4189453125 0.73828125 0.041015625 0.052734375
0 0.57861328125 0.392578125 0.0439453125 0.0546875
0 0.291015625 0.2470703125 0.03125 0.0625
0 0.794921875 0.517578125 0.037109375 0.06640625
0 0.701171875 0.5498046875 0.08984375 0.05078125
0 0.97705078125 0.0458984375 0.0458984375 0.06640625
0 0.21435546875 0.55615234375 0.0263671875 0.0673828125
0 0.61767578125 0.0146484375 0.0302734375 0.029296875
0 0.7646484375 0.2373046875 0.0390625 0.091796875
0 0.046875 0.015625 0.0390625 0.03125
0 0.55810546875 0.0146484375 0.0322265625 0.029296875
0 0.40673828125 0.0166015625 0.0283203125 0.033203125
0 0.1669921875 0.08056640625 0.046875 0.0615234375
0 0.57958984375 0.33056640625 0.0263671875 0.0693359375
0 0.4228515625 0.60107421875 0.044921875 0.0556640625
0 0.8681640625 0.2177734375 0.052734375 0.099609375
0 0.3408203125 0.736328125 0.037109375 0.060546875
0 0.55078125 0.84033203125 0.041015625 0.0869140625
0 0.47412109375 0.36279296875 0.0458984375 0.0458984375
0 0.16845703125 0.5263671875 0.0478515625 0.064453125
0 0.94775390625 0.888671875 0.0556640625 0.0546875
0 0.00927734375 0.01318359375 0.0185546875 0.0263671875
0 0.90087890625 0.49853515625 0.0478515625 0.0283203125
0 0.07373046875 0.70263671875 0.1318359375 0.0673828125
0 0.23095703125 0.4892578125 0.1044921875 0.091796875
0 0.45263671875 0.28369140625 0.0400390625 0.0400390625
0 0.00732421875 0.6748046875 0.0146484375 0.03515625
0 0.34619140625 0.32080078125 0.0263671875 0.0673828125
0 0.76953125 0.39306640625 0.048828125 0.0439453125
0 0.56396484375 0.33203125 0.0224609375 0.0703125
0 0.34521484375 0.35986328125 0.0283203125 0.0654296875
0 0.7470703125 0.677734375 0.041015625 0.0625
0 0.31640625 0.6845703125 0.048828125 0.052734375
0 0.13818359375 0.6103515625 0.0595703125 0.05078125
0 0.455078125 0.33203125 0.0546875 0.052734375
0 0.4697265625 0.4052734375 0.02734375 0.03125
0 0.06640625 0.00537109375 0.021484375 0.0107421875
0 0.02490234375 0.0361328125 0.0498046875 0.03125
0 0.73095703125 0.18798828125 0.0439453125 0.0634765625
0 0.92236328125 0.97216796875 0.0302734375 0.0361328125
0 0.94140625 0.91845703125 0.048828125 0.0556640625
0 0.9833984375 0.89892578125 0.033203125 0.0654296875
0 0.22998046875 0.744140625 0.0419921875 0.03515625
0 0.4228515625 0.0654296875 0.080078125 0.046875
0 0.55126953125 0.9677734375 0.0830078125 0.0546875
0 0.44677734375 0.98046875 0.0673828125 0.0390625
0 0.03759765625 0.9833984375 0.0595703125 0.033203125
0 0.0185546875 0.6103515625 0.037109375 0.037109375
