0 0.30419921875 0.2353515625 0.1142578125 0.107421875
0 0.2158203125 0.0166015625 0.076171875 0.033203125
0 0.34375 0.0234375 0.119140625 0.046875
0 0.97802734375 0.20556640625 0.0439453125 0.0654296875
0 0.5537109375 0.11572265625 0.080078125 0.0732421875
0 0.1025390625 0.953125 0.04296875 0.0625
0 0.05517578125 0.9609375 0.0751953125 0.056640625
0 0.19140625 0.830078125 0.078125 0.048828125
0 0.23388671875 0.75927734375 0.0869140625 0.1279296875
0 0.12109375 0.73095703125 0.0625 0.0693359375
0 0.03564453125 0.796875 0.0712890625 0.083984375
0 0.1435546875 0.96630859375 0.08203125 0.0673828125
0 0.25634765625 0.91015625 0.0771484375 0.046875
0 0.5078125 0.90478515625 0.0625 0.0927734375
0 0.458984375 0.93212890625 0.072265625 0.0556640625
0 0.57958984375 0.9775390625 0.0712890625 0.044921875
0 0.68212890625 0.923828125 0.0947265625 0.10546875
0 0.78662109375 0.9560546875 0.1142578125 0.064453125
0 0.85107421875 0.94580078125 0.1123046875 0.0830078125
0 0.861328125 0.83447265625 0.115234375 0.0556640625
0 0.9619140625 0.80224609375 0.076171875 0.0869140625
0 0.0234375 0.40087890625 0.046875 0.1240234375
0 0.07373046875 0.51220703125 0.0693359375 0.0888671875
0 0.19677734375 0.36328125 0.0595703125 0.080078125
0 0.23291015625 0.4892578125 0.0751953125 0.07421875
0 0.326171875 0.318359375 0.0625 0.08984375
0 0.40771484375 0.35205078125 0.0498046875 0.1123046875
0 0.44189453125 0.39013671875 0.0517578125 0.1083984375
0 0.357421875 0.35693359375 0.052734375 0.0732421875
0 0.5791015625 0.22998046875 0.083984375 0.1025390625
0 0.83349609375 0.15673828125 0.0830078125 0.0888671875
0 0.8193359375 0.24267578125 0.0625 0.1044921875
0 0.6708984375 0.3681640625 0.1015625 0.18359375
0 0.94384765625 0.208984375 0.0517578125 0.078125
0 0.87646484375 0.24755859375 0.0771484375 0.0888671875
0 0.9599609375 0.404296875 0.07421875 0.05859375
0 0.93408203125 0.458984375 0.1318359375 0.07421875
0 0.96337890625 0.55322265625 0.0732421875 0.0576171875
0 0.58837890625 0.5078125 0.1357421875 0.0703125
0 0.47412109375 0.48876953125 0.0673828125 0.0712890625
0 0.3681640625 0.5888671875 0.064453125 0.07421875
0 0.47265625 0.6181640625 0.046875 0.052734375
0 0.611328125 0.63427734375 0.171875 0.0712890625
0 0.37060546875 0.67138671875 0.1279296875 0.0947265625
0 0.513671875 0.748046875 0.130859375 0.1171875
0 0.68994140625 0.708984375 0.1240234375 0.140625
0 0.80517578125 0.75048828125 0.0966796875 0.0712890625
0 0.88818359375 0.65625 0.1259765625 0.07421875
0 0.8828125 0.69921875 0.068359375 0.1015625
0 0.91845703125 0.7421875 0.1162109375 0.12109375
0 0.638671875 0.83251953125 0.07421875 0.0810546875
0 0.728515625 0.81005859375 0.046875 0.0576171875
0 0.11865234375 0.91650390625 0.0693359375 0.0439453125
0 0.134765625 0.6259765625 0.05859375 0.068359375
0 0.09814453125 0.44287109375 0.0517578125 0.0419921875
0 0.203125 0.05419921875 0.06640625 0.0439453125
0 0.69287109375 0.03076171875 0.0615234375 0.0615234375
0 0.9306640625 0.90087890625 0.052734375 0.0283203125
0 0.96728515625 0.84423828125 0.0576171875 0.0498046875
0 0.71484375 0.78369140625 0.060546875 0.0380859375
0 0.64697265625 0.78515625 0.0732421875 0.080078125
0 0.150390625 0.1259765625 0.05859375 0.078125
0 0.212890625 0.94921875 0.060546875 0.06640625
