0 0.50048828125 0.6484375 0.1064453125 0.087890625
0 0.84716796875 0.619140625 0.0830078125 0.05859375
0 0.66015625 0.7158203125 0.15625 0.09765625
0 0.45458984375 0.759765625 0.1455078125 0.087890625
0 0.82373046875 0.39990234375 0.0849609375 0.0693359375
0 0.87255859375 0.82958984375 0.1201171875 0.0947265625
0 0.72021484375 0.64453125 0.1044921875 0.08203125
0 0.88525390625 0.998046875 0.0869140625 0.00390625
0 0.96044921875 0.75732421875 0.0791015625 0.0810546875
0 0.9150390625 0.2578125 0.06640625 0.068359375
0 0.44921875 0.84033203125 0.138671875 0.0654296875
0 0.92236328125 0.57763671875 0.0615234375 0.0595703125
0 0.76025390625 0.41015625 0.0869140625 0.078125
0 0.11328125 0.822265625 0.12109375 0.099609375
0 0.7900390625 0.56103515625 0.12109375 0.0712890625
0 0.60888671875 0.26708984375 0.0869140625 0.0869140625
0 0.3759765625 0.91162109375 0.126953125 0.0810546875
0 0.6484375 0.0634765625 0.158203125 0.0703125
0 0.0322265625 0.02392578125 0.064453125 0.0478515625
0 0.615234375 0.6494140625 0.138671875 0.083984375
0 0.96826171875 0.89794921875 0.0634765625 0.1142578125
0 0.701171875 0.49365234375 0.146484375 0.0810546875
0 0.71826171875 0.89208984375 0.1103515625 0.0947265625
0 0.83154296875 0.947265625 0.1142578125 0.10546875
0 0.06298828125 0.4169921875 0.1259765625 0.095703125
0 0.23779296875 0.76171875 0.1005859375 0.056640625
0 0.8466796875 0.4697265625 0.115234375 0.064453125
0 0.3408203125 0.1220703125 0.169921875 0.087890625
0 0.82763671875 0.26025390625 0.1435546875 0.0869140625
0 0.49609375 0.0830078125 0.078125 0.072265625
0 0.146484375 0.75 0.10546875 0.076171875
0 0.01513671875 0.65283203125 0.0302734375 0.0712890625
0 0.078125 0.3818359375 0.068359375 0.06640625
0 0.71923828125 0.44873046875 0.1552734375 0.0712890625
0 0.60693359375 0.0322265625 0.1103515625 0.064453125
0 0.5517578125 0.0986328125 0.107421875 0.044921875
0 0.03955078125 0.06689453125 0.0791015625 0.0595703125
0 0.71826171875 0.94873046875 0.0654296875 0.0654296875
0 0.68798828125 0.984375 0.0478515625 0.03125
0 0.0205078125 0.4921875 0.041015625 0.05859375
