0 0.0322265625 0.08544921875 0.064453125 0.1123046875
0 0.08935546875 0.85888671875 0.1787109375 0.0927734375
0 0.07958984375 0.74755859375 0.1083984375 0.1181640625
0 0.08837890625 0.68408203125 0.0654296875 0.0576171875
0 0.072265625 0.59716796875 0.0703125 0.0810546875
0 0.2138671875 0.703125 0.08203125 0.0625
0 0.259765625 0.9775390625 0.05859375 0.044921875
0 0.28369140625 0.9306640625 0.0498046875 0.05859375
0 0.33056640625 0.935546875 0.0439453125 0.125
0 0.35791015625 0.986328125 0.0732421875 0.02734375
0 0.455078125 0.98291015625 0.076171875 0.0341796875
0 0.521484375 0.9609375 0.125 0.078125
0 0.64501953125 0.88623046875 0.1044921875 0.1279296875
0 0.724609375 0.88232421875 0.052734375 0.0810546875
0 0.30712890625 0.76513671875 0.0673828125 0.0751953125
0 0.328125 0.6396484375 0.072265625 0.125
0 0.474609375 0.5810546875 0.08203125 0.107421875
0 0.515625 0.4150390625 0.046875 0.0625
0 0.5791015625 0.4443359375 0.064453125 0.060546875
0 0.34814453125 0.32177734375 0.0966796875 0.0654296875
0 0.27587890625 0.3720703125 0.0615234375 0.083984375
0 0.54052734375 0.24072265625 0.0556640625 0.1064453125
0 0.37060546875 0.1083984375 0.0634765625 0.056640625
0 0.423828125 0.11767578125 0.0390625 0.0576171875
0 0.447265625 0.03759765625 0.05078125 0.0732421875
0 0.5078125 0.1015625 0.05078125 0.080078125
0 0.5908203125 0.08154296875 0.091796875 0.0615234375
0 0.7275390625 0.15869140625 0.0625 0.0869140625
0 0.77197265625 0.02978515625 0.0615234375 0.0595703125
0 0.88134765625 0.0341796875 0.0869140625 0.068359375
0 0.7744140625 0.31982421875 0.08203125 0.1005859375
0 0.85888671875 0.2724609375 0.0400390625 0.060546875
0 0.869140625 0.3701171875 0.0703125 0.076171875
0 0.9453125 0.34033203125 0.080078125 0.0615234375
0 0.666015625 0.46044921875 0.08203125 0.1064453125
0 0.68115234375 0.55615234375 0.1279296875 0.0888671875
0 0.880859375 0.50927734375 0.072265625 0.0517578125
0 0.76611328125 0.6044921875 0.0810546875 0.060546875
0 0.82861328125 0.642578125 0.0791015625 0.0703125
0 0.984375 0.673828125 0.03125 0.05078125
0 0.98291015625 0.72412109375 0.0341796875 0.0576171875
0 0.9794921875 0.03173828125 0.041015625 0.0556640625
0 0.79931640625 0.9306640625 0.0849609375 0.05859375
0 0.8486328125 0.84521484375 0.044921875 0.0908203125
0 0.8564453125 0.8046875 0.095703125 0.048828125
0 0.9755859375 0.95166015625 0.048828125 0.0517578125
0 0.81103515625 0.978515625 0.0673828125 0.04296875
0 0.68701171875 0.97705078125 0.1064453125 0.0458984375
