0 0.974609375 0.28466796875 0.05078125 0.0791015625
0 0.8916015625 0.19091796875 0.068359375 0.0751953125
0 0.97119140625 0.13232421875 0.0576171875 0.0634765625
0 0.8017578125 0.01806640625 0.083984375 0.0361328125
0 0.96923828125 0.501953125 0.0439453125 0.080078125
0 0.9873046875 0.52490234375 0.025390625 0.0830078125
0 0.8603515625 0.54345703125 0.09375 0.0634765625
0 0.83154296875 0.4267578125 0.0751953125 0.056640625
0 0.68359375 0.45361328125 0.052734375 0.0556640625
0 0.68359375 0.5107421875 0.056640625 0.05859375
0 0.76806640625 0.544921875 0.0537109375 0.083984375
0 0.68408203125 0.615234375 0.0693359375 0.0625
0 0.82763671875 0.69287109375 0.0810546875 0.0595703125
0 0.45361328125 0.5341796875 0.0537109375 0.044921875
0 0.5771484375 0.5224609375 0.068359375 0.076171875
0 0.56982421875 0.4375 0.0654296875 0.072265625
0 0.4931640625 0.43310546875 0.080078125 0.0810546875
0 0.458984375 0.478515625 0.06640625 0.05078125
0 0.65380859375 0.2353515625 0.0556640625 0.046875
0 0.44140625 0.2177734375 0.06640625 0.05078125
0 0.2705078125 0.142578125 0.072265625 0.05078125
0 0.13427734375 0.087890625 0.0498046875 0.05078125
0 0.1669921875 0.30224609375 0.064453125 0.0654296875
0 0.63916015625 0.02734375 0.0517578125 0.0546875
0 0.42578125 0.03125 0.0546875 0.0625
0 0.5234375 0.13818359375 0.078125 0.0927734375
0 0.5810546875 0.19091796875 0.041015625 0.0849609375
0 0.88525390625 0.7880859375 0.0693359375 0.072265625
0 0.8408203125 0.87060546875 0.09765625 0.0771484375
0 0.73681640625 0.84765625 0.0673828125 0.076171875
0 0.6943359375 0.82763671875 0.076171875 0.0498046875
0 0.71044921875 0.7666015625 0.0791015625 0.0546875
0 0.62060546875 0.77099609375 0.1025390625 0.1044921875
0 0.57470703125 0.82763671875 0.0849609375 0.0576171875
0 0.38916015625 0.71728515625 0.0576171875 0.0771484375
0 0.45703125 0.73193359375 0.068359375 0.0654296875
0 0.2470703125 0.7060546875 0.07421875 0.0703125
0 0.31689453125 0.72998046875 0.0634765625 0.0517578125
0 0.228515625 0.91015625 0.095703125 0.11328125
0 0.09814453125 0.94921875 0.0888671875 0.05859375
0 0.72216796875 0.970703125 0.0712890625 0.05859375
0 0.08154296875 0.56640625 0.0791015625 0.041015625
0 0.10400390625 0.5927734375 0.0634765625 0.0546875
0 0.04736328125 0.63232421875 0.0947265625 0.0908203125
0 0.10888671875 0.81494140625 0.0673828125 0.0771484375
0 0.099609375 0.7255859375 0.056640625 0.056640625
0 0.36328125 0.541015625 0.0546875 0.048828125
0 0.25537109375 0.673828125 0.0732421875 0.052734375
0 0.91845703125 0.90087890625 0.0556640625 0.0830078125
