0 0.8896484375 0.21484375 0.078125 0.10546875
0 0.37939453125 0.23193359375 0.1083984375 0.0986328125
0 0.46435546875 0.36376953125 0.1142578125 0.0478515625
0 0.3662109375 0.31591796875 0.123046875 0.1220703125
0 0.75732421875 0.6162109375 0.0654296875 0.05859375
0 0.33984375 0.9853515625 0.123046875 0.029296875
0 0.98193359375 0.287109375 0.0361328125 0.140625
0 0.85986328125 0.90869140625 0.1123046875 0.0869140625
0 0.68701171875 0.61376953125 0.0654296875 0.0732421875
0 0.1455078125 0.986328125 0.078125 0.02734375
0 0.861328125 0.3642578125 0.10546875 0.05078125
0 0.04443359375 0.0263671875 0.0849609375 0.052734375
0 0.3544921875 0.25439453125 0.1171875 0.0986328125
0 0.86181640625 0.83740234375 0.0732421875 0.0947265625
0 0.859375 0.099609375 0.09375 0.0390625
0 0.8134765625 0.9228515625 0.0703125 0.078125
0 0.86376953125 0.4365234375 0.1103515625 0.064453125
0 0.8291015625 0.83740234375 0.07421875 0.0947265625
0 0.26513671875 0.57958984375 0.1044921875 0.1337890625
0 0.9697265625 0.69921875 0.060546875 0.05859375
0 0.47900390625 0.32421875 0.1162109375 0.080078125
0 0.58642578125 0.20361328125 0.0849609375 0.1142578125
0 0.576171875 0.12841796875 0.123046875 0.0791015625
0 0.7392578125 0.3310546875 0.09375 0.048828125
0 0.76025390625 0.74609375 0.0693359375 0.0546875
0 0.6142578125 0.482421875 0.09375 0.044921875
0 0.14306640625 0.88232421875 0.0712890625 0.1572265625
0 0.0537109375 0.9306640625 0.10546875 0.064453125
0 0.248046875 0.64990234375 0.123046875 0.0869140625
0 0.54736328125 0.630859375 0.0673828125 0.044921875
0 0.15673828125 0.39501953125 0.1357421875 0.1025390625
0 0.6474609375 0.7626953125 0.115234375 0.041015625
0 0.05126953125 0.3564453125 0.1025390625 0.05078125
0 0.49755859375 0.7021484375 0.1259765625 0.060546875
0 0.6845703125 0.37939453125 0.0546875 0.0458984375
0 0.82568359375 0.46875 0.0986328125 0.048828125
0 0.349609375 0.69580078125 0.19921875 0.1572265625
0 0.19287109375 0.6396484375 0.1103515625 0.1015625
0 0.16357421875 0.5595703125 0.1591796875 0.1015625
0 0.64111328125 0.2314453125 0.0732421875 0.05859375
0 0.46142578125 0.6044921875 0.1064453125 0.060546875
0 0.1953125 0.33154296875 0.123046875 0.1162109375
0 0.2177734375 0.81396484375 0.111328125 0.1220703125
0 0.70166015625 0.19775390625 0.0595703125 0.0595703125
0 0.83740234375 0.98486328125 0.0517578125 0.0302734375
0 0.1162109375 0.65966796875 0.125 0.1279296875
0 0.42529296875 0.86669921875 0.0556640625 0.0966796875
0 0.28271484375 0.76318359375 0.0458984375 0.0732421875
0 0.09423828125 0.27392578125 0.0986328125 0.1337890625
0 0.79296875 0.72998046875 0.091796875 0.0478515625
0 0.05810546875 0.970703125 0.1162109375 0.05859375
0 0.15966796875 0.09912109375 0.1220703125 0.0556640625
0 0.359375 0.3701171875 0.115234375 0.201171875
0 0.87939453125 0.25439453125 0.0751953125 0.0986328125
0 0.08544921875 0.54931640625 0.0751953125 0.0654296875
0 0.7705078125 0.28173828125 0.126953125 0.1083984375
0 0.255859375 0.0615234375 0.091796875 0.123046875
0 0.46826171875 0.94677734375 0.1533203125 0.0439453125
0 0.2939453125 0.05810546875 0.04296875 0.0419921875
0 0.216796875 0.90185546875 0.1015625 0.1005859375
0 0.5283203125 0.654296875 0.048828125 0.0546875
0 0.96142578125 0.46142578125 0.0771484375 0.0419921875
0 0.044921875 0.26416015625 0.08984375 0.0791015625
0 0.66357421875 0.02392578125 0.0458984375 0.0478515625
0 0.22021484375 0.099609375 0.1416015625 0.146484375
0 0.80712890625 0.013671875 0.0361328125 0.02734375
0 0.576171875 0.51953125 0.08984375 0.03125
0 0.8876953125 0.75537109375 0.056640625 0.0537109375
0 0.0419921875 0.57958984375 0.064453125 0.0712890625
0 0.9599609375 0.85205078125 0.080078125 0.0419921875
0 0.5859375 0.91552734375 0.05859375 0.0712890625
0 0.6796875 0.87060546875 0.05859375 0.0556640625
0 0.75732421875 0.95947265625 0.0830078125 0.0654296875
0 0.92724609375 0.435546875 0.0810546875 0.0390625
0 0.97998046875 0.6962890625 0.0400390625 0.115234375
0 0.0107421875 0.6435546875 0.021484375 0.048828125
