0 0.06494140625 0.83154296875 0.0947265625 0.1181640625
0 0.02197265625 0.048828125 0.0439453125 0.09765625
0 0.23291015625 0.05126953125 0.1220703125 0.0966796875
0 0.447265625 0.02490234375 0.076171875 0.0498046875
0 0.6943359375 0.1015625 0.068359375 0.08203125
0 0.53271484375 0.16259765625 0.0966796875 0.0908203125
0 0.625 0.19873046875 0.091796875 0.1064453125
0 0.72265625 0.27587890625 0.09375 0.0986328125
0 0.36328125 0.2998046875 0.076171875 0.0703125
0 0.130859375 0.10205078125 0.052734375 0.0810546875
0 0.02392578125 0.18115234375 0.0478515625 0.0732421875
0 0.09033203125 0.24560546875 0.0595703125 0.0751953125
0 0.533203125 0.396484375 0.083984375 0.072265625
0 0.427734375 0.353515625 0.083984375 0.072265625
0 0.37939453125 0.40478515625 0.0732421875 0.0732421875
0 0.4423828125 0.4765625 0.078125 0.091796875
0 0.24462890625 0.39404296875 0.0947265625 0.0888671875
0 0.6865234375 0.486328125 0.072265625 0.076171875
0 0.74560546875 0.48876953125 0.0751953125 0.0791015625
0 0.89697265625 0.43408203125 0.1025390625 0.0791015625
0 0.96337890625 0.52197265625 0.0732421875 0.0537109375
0 0.86279296875 0.673828125 0.1044921875 0.087890625
0 0.681640625 0.6328125 0.080078125 0.08203125
0 0.32275390625 0.62890625 0.0693359375 0.0859375
0 0.47119140625 0.65087890625 0.0810546875 0.0849609375
0 0.2314453125 0.89892578125 0.0859375 0.0830078125
0 0.3310546875 0.9130859375 0.083984375 0.10546875
0 0.37548828125 0.86083984375 0.0732421875 0.0595703125
0 0.47021484375 0.853515625 0.1103515625 0.060546875
0 0.62890625 0.79248046875 0.111328125 0.0732421875
0 0.62939453125 0.9453125 0.0986328125 0.109375
0 0.447265625 0.9521484375 0.083984375 0.095703125
0 0.888671875 0.79345703125 0.0625 0.0673828125
0 0.80029296875 0.740234375 0.0927734375 0.056640625
0 0.478515625 0.2431640625 0.10546875 0.05078125
0 0.6142578125 0.53173828125 0.060546875 0.0576171875
0 0.72216796875 0.5478515625 0.0751953125 0.0546875
