0 0.44677734375 0.28564453125 0.0849609375 0.0869140625
0 0.37060546875 0.33349609375 0.0927734375 0.0771484375
0 0.56591796875 0.2861328125 0.0927734375 0.09765625
0 0.689453125 0.3046875 0.08984375 0.099609375
0 0.54443359375 0.0234375 0.0732421875 0.044921875
0 0.52099609375 0.36328125 0.0927734375 0.078125
0 0.384765625 0.9169921875 0.080078125 0.0703125
0 0.154296875 0.52587890625 0.099609375 0.0771484375
0 0.17333984375 0.9169921875 0.0791015625 0.068359375
0 0.34814453125 0.39306640625 0.0830078125 0.0830078125
0 0.60107421875 0.57568359375 0.0927734375 0.0771484375
0 0.4111328125 0.65576171875 0.072265625 0.1083984375
0 0.58544921875 0.68994140625 0.0673828125 0.0712890625
0 0.42822265625 0.86962890625 0.0732421875 0.0654296875
0 0.83984375 0.38720703125 0.080078125 0.0751953125
0 0.0263671875 0.23291015625 0.052734375 0.0751953125
0 0.56689453125 0.22607421875 0.0849609375 0.0927734375
0 0.1025390625 0.7900390625 0.078125 0.0703125
0 0.693359375 0.9609375 0.078125 0.078125
0 0.77587890625 0.1357421875 0.0869140625 0.087890625
0 0.70458984375 0.466796875 0.0849609375 0.0703125
0 0.74462890625 0.626953125 0.0849609375 0.07421875
0 0.82568359375 0.25048828125 0.0771484375 0.0771484375
0 0.74169921875 0.53564453125 0.0751953125 0.0771484375
0 0.1513671875 0.1201171875 0.119140625 0.1015625
0 0.64453125 0.783203125 0.080078125 0.087890625
0 0.95068359375 0.3837890625 0.0654296875 0.068359375
0 0.24755859375 0.03369140625 0.0693359375 0.0673828125
0 0.810546875 0.65576171875 0.087890625 0.0771484375
0 0.841796875 0.54541015625 0.0703125 0.0673828125
0 0.61083984375 0.505859375 0.0830078125 0.078125
0 0.34521484375 0.65673828125 0.0673828125 0.0673828125
0 0.703125 0.17578125 0.08203125 0.078125
0 0.787109375 0.18212890625 0.095703125 0.0751953125
0 0.06591796875 0.3984375 0.1181640625 0.087890625
0 0.57080078125 0.15185546875 0.0869140625 0.1298828125
0 0.7412109375 0.8759765625 0.0625 0.08203125
0 0.59375 0.0419921875 0.064453125 0.080078125
