0 0.2255859375 0.33349609375 0.09765625 0.0830078125
0 0.130859375 0.140625 0.091796875 0.078125
0 0.01611328125 0.6181640625 0.0322265625 0.087890625
0 0.27197265625 0.45849609375 0.0498046875 0.0673828125
0 0.05029296875 0.279296875 0.0712890625 0.068359375
0 0.9267578125 0.3603515625 0.078125 0.060546875
0 0.12255859375 0.56884765625 0.0732421875 0.0849609375
0 0.37841796875 0.65185546875 0.1181640625 0.1455078125
0 0.0517578125 0.3857421875 0.080078125 0.068359375
0 0.203125 0.56201171875 0.072265625 0.0693359375
0 0.0234375 0.76220703125 0.046875 0.0751953125
0 0.3134765625 0.796875 0.123046875 0.150390625
0 0.16845703125 0.88330078125 0.0673828125 0.0927734375
0 0.2744140625 0.93798828125 0.080078125 0.0927734375
0 0.08544921875 0.798828125 0.1044921875 0.095703125
0 0.03271484375 0.46630859375 0.0654296875 0.0654296875
0 0.37451171875 0.54443359375 0.0751953125 0.0595703125
0 0.03857421875 0.94580078125 0.0771484375 0.0830078125
0 0.43701171875 0.939453125 0.1103515625 0.109375
0 0.3134765625 0.408203125 0.09765625 0.04296875
0 0.34423828125 0.46240234375 0.0849609375 0.0751953125
0 0.97607421875 0.1298828125 0.0478515625 0.064453125
0 0.18017578125 0.1787109375 0.0810546875 0.048828125
0 0.0966796875 0.65234375 0.076171875 0.072265625
0 0.15185546875 0.51171875 0.0576171875 0.064453125
0 0.02490234375 0.30859375 0.0498046875 0.072265625
