0 0.60595703125 0.470703125 0.0830078125 0.123046875
0 0.52294921875 0.99853515625 0.1025390625 0.0029296875
0 0.9599609375 0.65283203125 0.080078125 0.1025390625
0 0.43994140625 0.26708984375 0.1044921875 0.1181640625
0 0.2958984375 0.72705078125 0.072265625 0.1044921875
0 0.56640625 0.919921875 0.134765625 0.125
0 0.32177734375 0.86083984375 0.0849609375 0.0927734375
0 0.3984375 0.97216796875 0.087890625 0.0556640625
0 0.91455078125 0.76708984375 0.1298828125 0.1142578125
0 0.52587890625 0.701171875 0.1220703125 0.107421875
0 0.7568359375 0.6484375 0.08984375 0.126953125
0 0.796875 0.46826171875 0.109375 0.0966796875
0 0.79150390625 0.87158203125 0.1005859375 0.1025390625
0 0.44580078125 0.4609375 0.0693359375 0.076171875
0 0.466796875 0.88330078125 0.10546875 0.0673828125
0 0.814453125 0.21435546875 0.134765625 0.1103515625
0 0.79833984375 0.75439453125 0.1279296875 0.0751953125
0 0.6806640625 0.77587890625 0.072265625 0.0869140625
0 0.59765625 0.1240234375 0.11328125 0.109375
0 0.61962890625 0.369140625 0.0947265625 0.08984375
0 0.86083984375 0.62548828125 0.1630859375 0.0771484375
0 0.724609375 0.2177734375 0.08984375 0.09765625
0 0.9306640625 0.96142578125 0.138671875 0.0654296875
0 0.89453125 0.85302734375 0.11328125 0.0751953125
0 0.51220703125 0.783203125 0.1005859375 0.107421875
0 0.8759765625 0.564453125 0.1171875 0.08984375
0 0.65673828125 0.15869140625 0.0986328125 0.1142578125
0 0.83544921875 0.04833984375 0.1474609375 0.0927734375
0 0.8134765625 0.28759765625 0.09765625 0.1123046875
0 0.66162109375 0.4248046875 0.0849609375 0.134765625
0 0.662109375 0.49072265625 0.10546875 0.1220703125
0 0.767578125 0.55322265625 0.115234375 0.0751953125
0 0.9013671875 0.89453125 0.109375 0.083984375
0 0.9404296875 0.9189453125 0.1171875 0.0703125
0 0.67431640625 0.8359375 0.0751953125 0.052734375
0 0.79541015625 0.68603515625 0.1025390625 0.0771484375
0 0.568359375 0.7294921875 0.107421875 0.08984375
