0 0.34814453125 0.88818359375 0.1630859375 0.0732421875
0 0.50927734375 0.5107421875 0.1201171875 0.087890625
0 0.33544921875 0.1357421875 0.1123046875 0.09765625
0 0.12744140625 0.36328125 0.0849609375 0.09765625
0 0.64892578125 0.111328125 0.1943359375 0.08984375
0 0.328125 0.51318359375 0.126953125 0.0771484375
0 0.75732421875 0.43310546875 0.2001953125 0.1025390625
0 0.0361328125 0.380859375 0.072265625 0.091796875
0 0.2421875 0.3994140625 0.10546875 0.0703125
0 0.20703125 0.03466796875 0.10546875 0.0693359375
0 0.2822265625 0.65625 0.10546875 0.0625
0 0.27197265625 0.0361328125 0.0927734375 0.072265625
0 0.07080078125 0.7431640625 0.1083984375 0.078125
0 0.79052734375 0.88427734375 0.0771484375 0.0751953125
0 0.0771484375 0.45458984375 0.115234375 0.0751953125
0 0.49462890625 0.0634765625 0.1396484375 0.126953125
0 0.0283203125 0.2548828125 0.056640625 0.08984375
0 0.4482421875 0.7783203125 0.09765625 0.078125
0 0.75048828125 0.30810546875 0.2373046875 0.0673828125
0 0.38037109375 0.43310546875 0.1474609375 0.0927734375
0 0.796875 0.546875 0.080078125 0.080078125
0 0.74951171875 0.0283203125 0.1025390625 0.056640625
0 0.62939453125 0.61962890625 0.1552734375 0.1005859375
0 0.919921875 0.501953125 0.16015625 0.060546875
0 0.7646484375 0.71923828125 0.1953125 0.1748046875
0 0.0908203125 0.0732421875 0.13671875 0.078125
0 0.65673828125 0.54736328125 0.0947265625 0.0849609375
0 0.50830078125 0.7158203125 0.1025390625 0.052734375
0 0.6484375 0.2158203125 0.212890625 0.072265625
0 0.91943359375 0.32763671875 0.1083984375 0.0673828125
0 0.40966796875 0.3955078125 0.1455078125 0.0625
0 0.57080078125 0.787109375 0.0966796875 0.109375
0 0.05810546875 0.51171875 0.0673828125 0.080078125
0 0.126953125 0.103515625 0.14453125 0.08203125
0 0.630859375 0.5107421875 0.072265625 0.08203125
0 0.78466796875 0.6669921875 0.0947265625 0.095703125
0 0.82470703125 0.58349609375 0.0751953125 0.0478515625
0 0.97265625 0.09912109375 0.052734375 0.0478515625
0 0.80419921875 0.2685546875 0.0947265625 0.0625
0 0.5322265625 0.70458984375 0.125 0.0654296875
0 0.96435546875 0.1708984375 0.0654296875 0.0625
0 0.15185546875 0.97705078125 0.0849609375 0.0458984375
0 0.77734375 0.79345703125 0.08984375 0.1025390625
0 0.29833984375 0.697265625 0.0673828125 0.044921875
0 0.48046875 0.8330078125 0.072265625 0.0625
0 0.9736328125 0.4296875 0.052734375 0.064453125
0 0.97900390625 0.21435546875 0.0419921875 0.0498046875
0 0.75830078125 0.3466796875 0.1728515625 0.044921875
0 0.6044921875 0.30712890625 0.109375 0.0400390625
0 0.90576171875 0.25927734375 0.1376953125 0.0595703125
0 0.36962890625 0.46337890625 0.1142578125 0.0478515625
0 0.07470703125 0.1220703125 0.0400390625 0.044921875
0 0.6484375 0.8583984375 0.087890625 0.087890625
0 0.8505859375 0.73828125 0.072265625 0.072265625
0 0.97705078125 0.84521484375 0.0458984375 0.0830078125
0 0.0322265625 0.0146484375 0.064453125 0.029296875
