0 0.21484375 0.95361328125 0.08984375 0.0908203125
0 0.36865234375 0.57568359375 0.1240234375 0.1083984375
0 0.53515625 0.1162109375 0.091796875 0.06640625
0 0.1240234375 0.970703125 0.24609375 0.05859375
0 0.2705078125 0.6435546875 0.087890625 0.189453125
0 0.95947265625 0.1875 0.0810546875 0.10546875
0 0.01806640625 0.4248046875 0.0361328125 0.07421875
0 0.15380859375 0.86083984375 0.0908203125 0.1435546875
0 0.37060546875 0.470703125 0.2041015625 0.087890625
0 0.451171875 0.53173828125 0.0703125 0.0791015625
0 0.39501953125 0.9833984375 0.1533203125 0.033203125
0 0.12451171875 0.423828125 0.2294921875 0.091796875
0 0.92822265625 0.97021484375 0.1435546875 0.0595703125
0 0.22900390625 0.326171875 0.3603515625 0.1015625
0 0.44970703125 0.1630859375 0.2548828125 0.189453125
0 0.0849609375 0.28173828125 0.169921875 0.1240234375
0 0.880859375 0.31005859375 0.111328125 0.1279296875
0 0.76220703125 0.51025390625 0.1298828125 0.2060546875
0 0.7412109375 0.0673828125 0.20703125 0.134765625
0 0.86328125 0.07470703125 0.09375 0.1494140625
0 0.12646484375 0.22802734375 0.1689453125 0.1474609375
0 0.2587890625 0.16015625 0.111328125 0.1953125
0 0.0546875 0.44677734375 0.068359375 0.0712890625
0 0.08203125 0.5048828125 0.056640625 0.087890625
0 0.26904296875 0.49365234375 0.0712890625 0.0673828125
