0 0.74609375 0.328125 0.06640625 0.111328125
0 0.65478515625 0.33642578125 0.0498046875 0.0869140625
0 0.31201171875 0.158203125 0.0869140625 0.130859375
0 0.04443359375 0.11328125 0.0400390625 0.09765625
0 0.12255859375 0.9462890625 0.1240234375 0.087890625
0 0.65869140625 0.49365234375 0.0810546875 0.0888671875
0 0.2158203125 0.1611328125 0.087890625 0.0546875
0 0.017578125 0.2109375 0.03515625 0.060546875
0 0.654296875 0.67919921875 0.115234375 0.0400390625
0 0.37060546875 0.58544921875 0.0810546875 0.0439453125
0 0.59619140625 0.88916015625 0.0302734375 0.0654296875
0 0.23583984375 0.91455078125 0.0771484375 0.0400390625
0 0.9453125 0.8740234375 0.0390625 0.095703125
0 0.56591796875 0.0849609375 0.0732421875 0.056640625
0 0.73486328125 0.224609375 0.0478515625 0.103515625
0 0.34814453125 0.53662109375 0.0751953125 0.0556640625
0 0.02099609375 0.95458984375 0.0419921875 0.0810546875
0 0.927734375 0.66064453125 0.041015625 0.0771484375
0 0.76025390625 0.595703125 0.0634765625 0.05078125
0 0.18603515625 0.19873046875 0.1416015625 0.0771484375
0 0.318359375 0.982421875 0.09765625 0.03515625
0 0.68310546875 0.14208984375 0.0693359375 0.0908203125
0 0.26220703125 0.37890625 0.0634765625 0.025390625
0 0.0126953125 0.384765625 0.025390625 0.037109375
0 0.23388671875 0.3291015625 0.0830078125 0.04296875
0 0.47216796875 0.95166015625 0.0888671875 0.0478515625
0 0.83984375 0.53662109375 0.078125 0.0615234375
0 0.1650390625 0.650390625 0.064453125 0.04296875
0 0.60400390625 0.72509765625 0.1005859375 0.0751953125
0 0.11865234375 0.8857421875 0.1005859375 0.044921875
0 0.10595703125 0.7001953125 0.0849609375 0.03125
0 0.07421875 0.6435546875 0.1484375 0.0625
0 0.4775390625 0.6552734375 0.0390625 0.07421875
0 0.01123046875 0.443359375 0.0224609375 0.033203125
0 0.1494140625 0.0556640625 0.0703125 0.037109375
0 0.90283203125 0.9599609375 0.0439453125 0.0625
0 0.083984375 0.548828125 0.15625 0.056640625
0 0.22314453125 0.7568359375 0.1357421875 0.0625
0 0.44384765625 0.71044921875 0.0615234375 0.0615234375
0 0.126953125 0.75 0.0625 0.0234375
0 0.79150390625 0.5927734375 0.0556640625 0.048828125
0 0.505859375 0.517578125 0.05859375 0.048828125
0 0.8837890625 0.71044921875 0.119140625 0.0654296875
0 0.3828125 0.65087890625 0.064453125 0.0439453125
0 0.2734375 0.6201171875 0.0859375 0.056640625
0 0.3720703125 0.91552734375 0.052734375 0.0380859375
0 0.8349609375 0.90625 0.060546875 0.04296875
0 0.89013671875 0.89404296875 0.0751953125 0.0517578125
0 0.26611328125 0.68017578125 0.0712890625 0.0478515625
0 0.08056640625 0.05810546875 0.0791015625 0.0419921875
0 0.146484375 0.32568359375 0.0625 0.0517578125
0 0.43017578125 0.81005859375 0.0478515625 0.0341796875
0 0.0986328125 0.3388671875 0.060546875 0.0390625
0 0.45263671875 0.5146484375 0.0693359375 0.041015625
0 0.75341796875 0.013671875 0.0361328125 0.02734375
0 0.9775390625 0.29150390625 0.044921875 0.0537109375
0 0.97900390625 0.501953125 0.0419921875 0.046875
0 0.77978515625 0.6669921875 0.0556640625 0.05078125
0 0.33544921875 0.67138671875 0.0498046875 0.0283203125
0 0.2275390625 0.01123046875 0.048828125 0.0224609375
0 0.98291015625 0.234375 0.0341796875 0.048828125
0 0.99365234375 0.677734375 0.0126953125 0.03125
0 0.986328125 0.93603515625 0.02734375 0.0439453125
