0 0.1650390625 0.8203125 0.10546875 0.140625
0 0.3310546875 0.5234375 0.1328125 0.142578125
0 0.46728515625 0.44921875 0.1552734375 0.099609375
0 0.9033203125 0.58349609375 0.193359375 0.2021484375
0 0.3330078125 0.744140625 0.12890625 0.099609375
0 0.28564453125 0.67236328125 0.1181640625 0.0849609375
0 0.16455078125 0.15087890625 0.0791015625 0.0869140625
0 0.6943359375 0.1708984375 0.134765625 0.16796875
0 0.1083984375 0.65576171875 0.1328125 0.1826171875
0 0.91796875 0.36474609375 0.1328125 0.1455078125
0 0.43603515625 0.7998046875 0.1826171875 0.115234375
0 0.70458984375 0.2822265625 0.1455078125 0.115234375
0 0.7734375 0.6845703125 0.162109375 0.099609375
0 0.4912109375 0.1240234375 0.138671875 0.173828125
0 0.09228515625 0.30810546875 0.1240234375 0.1669921875
0 0.3134765625 0.1533203125 0.1875 0.158203125
0 0.28076171875 0.046875 0.0673828125 0.08984375
0 0.572265625 0.58447265625 0.115234375 0.0947265625
0 0.6220703125 0.46826171875 0.19921875 0.1474609375
0 0.92724609375 0.1318359375 0.1455078125 0.134765625
0 0.31884765625 0.330078125 0.1689453125 0.107421875
0 0.66357421875 0.0576171875 0.1318359375 0.111328125
0 0.9033203125 0.03076171875 0.11328125 0.0576171875
0 0.69580078125 0.35693359375 0.1181640625 0.0947265625
0 0.39453125 0.33935546875 0.240234375 0.1845703125
0 0.7021484375 0.5 0.220703125 0.125
0 0.55078125 0.96240234375 0.126953125 0.0751953125
0 0.2470703125 0.71484375 0.0546875 0.044921875
0 0.57958984375 0.8388671875 0.1005859375 0.103515625
