0 0.14013671875 0.9169921875 0.0791015625 0.103515625
0 0.06298828125 0.31494140625 0.0556640625 0.0810546875
0 0.1103515625 0.32373046875 0.046875 0.0791015625
0 0.15576171875 0.337890625 0.0537109375 0.05859375
0 0.0556640625 0.20654296875 0.07421875 0.0615234375
0 0.02587890625 0.12255859375 0.0517578125 0.1103515625
0 0.11328125 0.11865234375 0.130859375 0.1123046875
0 0.74853515625 0.078125 0.0732421875 0.056640625
0 0.49755859375 0.07568359375 0.0595703125 0.0595703125
0 0.3837890625 0.13720703125 0.07421875 0.0576171875
0 0.21923828125 0.26953125 0.0498046875 0.0546875
0 0.29150390625 0.27880859375 0.0908203125 0.0673828125
0 0.3232421875 0.380859375 0.05859375 0.0546875
0 0.40869140625 0.33935546875 0.1376953125 0.0634765625
0 0.45556640625 0.39111328125 0.0810546875 0.0498046875
0 0.42822265625 0.45068359375 0.0849609375 0.0595703125
0 0.3076171875 0.43408203125 0.078125 0.0498046875
0 0.32958984375 0.5390625 0.0791015625 0.12890625
0 0.3583984375 0.5107421875 0.064453125 0.0859375
0 0.4111328125 0.6884765625 0.076171875 0.064453125
0 0.61865234375 0.54736328125 0.0751953125 0.0732421875
0 0.5888671875 0.20556640625 0.064453125 0.0693359375
0 0.5498046875 0.12451171875 0.091796875 0.0576171875
0 0.68212890625 0.10546875 0.1044921875 0.076171875
0 0.66552734375 0.14501953125 0.0732421875 0.0595703125
0 0.66357421875 0.20654296875 0.1005859375 0.0869140625
0 0.8076171875 0.1845703125 0.06640625 0.048828125
0 0.87255859375 0.26953125 0.0673828125 0.12109375
0 0.89404296875 0.61376953125 0.0634765625 0.0927734375
0 0.79248046875 0.63134765625 0.0771484375 0.0673828125
0 0.81201171875 0.701171875 0.0888671875 0.078125
0 0.77783203125 0.7275390625 0.1044921875 0.099609375
0 0.94091796875 0.78173828125 0.0615234375 0.0712890625
0 0.9677734375 0.63671875 0.064453125 0.072265625
0 0.8154296875 0.91357421875 0.0546875 0.0693359375
0 0.642578125 0.77001953125 0.060546875 0.0595703125
0 0.4951171875 0.80859375 0.078125 0.0625
0 0.294921875 0.7861328125 0.08984375 0.0703125
0 0.4189453125 0.86962890625 0.0859375 0.1123046875
0 0.49365234375 0.86474609375 0.0888671875 0.0673828125
0 0.4296875 0.97607421875 0.060546875 0.0478515625
