0 0.96337890625 0.619140625 0.0732421875 0.08984375
0 0.5146484375 0.73681640625 0.099609375 0.0947265625
0 0.30078125 0.25048828125 0.11328125 0.1572265625
0 0.9697265625 0.8056640625 0.060546875 0.107421875
0 0.62548828125 0.39794921875 0.1123046875 0.0927734375
0 0.33984375 0.67578125 0.134765625 0.08203125
0 0.33349609375 0.60205078125 0.0771484375 0.0908203125
0 0.4794921875 0.9052734375 0.109375 0.0859375
0 0.93798828125 0.15087890625 0.0771484375 0.1123046875
0 0.9423828125 0.408203125 0.080078125 0.11328125
0 0.98583984375 0.4267578125 0.0283203125 0.115234375
0 0.97119140625 0.2294921875 0.0576171875 0.095703125
0 0.82861328125 0.6767578125 0.0439453125 0.06640625
0 0.08154296875 0.826171875 0.0673828125 0.044921875
0 0.35107421875 0.0341796875 0.0751953125 0.0625
0 0.09326171875 0.0771484375 0.0966796875 0.109375
0 0.529296875 0.185546875 0.099609375 0.1171875
0 0.95068359375 0.328125 0.0673828125 0.08203125
0 0.87353515625 0.24853515625 0.0712890625 0.0478515625
