0 0.38330078125 0.263671875 0.1083984375 0.107421875
0 0.0283203125 0.03955078125 0.056640625 0.0791015625
0 0.12060546875 0.26806640625 0.0869140625 0.0927734375
0 0.5498046875 0.29931640625 0.150390625 0.0751953125
0 0.46337890625 0.4345703125 0.1865234375 0.07421875
0 0.47607421875 0.02392578125 0.0751953125 0.0478515625
0 0.04345703125 0.3203125 0.0869140625 0.076171875
0 0.5146484375 0.12060546875 0.16015625 0.1279296875
0 0.384765625 0.05224609375 0.10546875 0.1044921875
0 0.15087890625 0.3408203125 0.0673828125 0.0625
0 0.890625 0.6083984375 0.107421875 0.09765625
0 0.12841796875 0.08056640625 0.0830078125 0.0576171875
0 0.15185546875 0.48681640625 0.0751953125 0.0751953125
0 0.2734375 0.07666015625 0.091796875 0.0830078125
0 0.27197265625 0.55078125 0.1201171875 0.087890625
0 0.25048828125 0.13427734375 0.0771484375 0.0595703125
0 0.5244140625 0.4658203125 0.134765625 0.0625
0 0.44091796875 0.11328125 0.1181640625 0.0625
0 0.4658203125 0.162109375 0.087890625 0.07421875
0 0.32861328125 0.02294921875 0.1103515625 0.0458984375
0 0.30712890625 0.10888671875 0.0791015625 0.0634765625
