0 0.041015625 0.96728515625 0.08203125 0.0654296875
0 0.1015625 0.84228515625 0.072265625 0.0693359375
0 0.36376953125 0.92626953125 0.1005859375 0.0830078125
0 0.39599609375 0.86376953125 0.0712890625 0.1396484375
0 0.2431640625 0.7646484375 0.0703125 0.072265625
0 0.2001953125 0.64208984375 0.078125 0.0693359375
0 0.08251953125 0.35546875 0.1064453125 0.091796875
0 0.0322265625 0.279296875 0.064453125 0.14453125
0 0.11181640625 0.31494140625 0.0576171875 0.0517578125
0 0.12548828125 0.2666015625 0.0576171875 0.056640625
0 0.11376953125 0.1376953125 0.1884765625 0.078125
0 0.25 0.21826171875 0.138671875 0.1044921875
0 0.36181640625 0.33642578125 0.0693359375 0.1240234375
0 0.35693359375 0.45703125 0.0537109375 0.064453125
0 0.541015625 0.3134765625 0.115234375 0.126953125
0 0.6171875 0.36962890625 0.060546875 0.0830078125
0 0.76953125 0.5068359375 0.0859375 0.06640625
0 0.6943359375 0.23828125 0.134765625 0.1328125
0 0.72216796875 0.1298828125 0.1044921875 0.19140625
0 0.71240234375 0.03759765625 0.1044921875 0.0751953125
0 0.859375 0.06298828125 0.060546875 0.1259765625
0 0.97998046875 0.0390625 0.0400390625 0.078125
0 0.52197265625 0.65087890625 0.0712890625 0.0419921875
0 0.52197265625 0.71728515625 0.0830078125 0.0849609375
0 0.6083984375 0.7783203125 0.138671875 0.06640625
0 0.7919921875 0.806640625 0.177734375 0.123046875
0 0.5185546875 0.9677734375 0.0703125 0.064453125
