0 0.16162109375 0.76953125 0.0595703125 0.10546875
0 0.32275390625 0.8212890625 0.0712890625 0.080078125
0 0.2822265625 0.8828125 0.083984375 0.0625
0 0.30517578125 0.98095703125 0.0751953125 0.0380859375
0 0.2451171875 0.67431640625 0.072265625 0.0595703125
0 0.19482421875 0.5908203125 0.0576171875 0.0625
0 0.03515625 0.60546875 0.0703125 0.078125
0 0.02685546875 0.4423828125 0.0537109375 0.099609375
0 0.04150390625 0.330078125 0.0830078125 0.083984375
0 0.02978515625 0.27783203125 0.0595703125 0.0751953125
0 0.13427734375 0.126953125 0.0810546875 0.072265625
0 0.10791015625 0.07275390625 0.0888671875 0.0654296875
0 0.17626953125 0.02490234375 0.0654296875 0.0498046875
0 0.3037109375 0.17822265625 0.068359375 0.0576171875
0 0.48095703125 0.18505859375 0.0673828125 0.0615234375
0 0.30908203125 0.32666015625 0.0771484375 0.0830078125
0 0.18359375 0.3525390625 0.064453125 0.0703125
0 0.21630859375 0.4228515625 0.0634765625 0.052734375
0 0.2529296875 0.544921875 0.060546875 0.060546875
0 0.38330078125 0.521484375 0.0595703125 0.078125
0 0.4072265625 0.431640625 0.060546875 0.072265625
0 0.48193359375 0.373046875 0.0576171875 0.060546875
0 0.5283203125 0.34619140625 0.0546875 0.0634765625
0 0.47021484375 0.45068359375 0.0537109375 0.0595703125
0 0.5146484375 0.4921875 0.072265625 0.0703125
0 0.58642578125 0.46044921875 0.0732421875 0.0517578125
0 0.59130859375 0.537109375 0.0732421875 0.0625
0 0.6279296875 0.57373046875 0.056640625 0.0654296875
0 0.568359375 0.59912109375 0.05078125 0.0537109375
0 0.48095703125 0.70068359375 0.0517578125 0.0498046875
0 0.53759765625 0.8583984375 0.0673828125 0.068359375
0 0.56591796875 0.9541015625 0.1123046875 0.064453125
0 0.55908203125 0.982421875 0.0693359375 0.03515625
0 0.6982421875 0.2109375 0.068359375 0.07421875
0 0.8779296875 0.1240234375 0.0625 0.0625
0 0.8642578125 0.1630859375 0.0546875 0.0625
0 0.83544921875 0.041015625 0.0869140625 0.080078125
0 0.9853515625 0.2236328125 0.029296875 0.06640625
0 0.86669921875 0.36962890625 0.0595703125 0.0673828125
0 0.8046875 0.505859375 0.052734375 0.083984375
0 0.90380859375 0.49853515625 0.0673828125 0.0517578125
0 0.95703125 0.47900390625 0.072265625 0.0849609375
0 0.8408203125 0.43408203125 0.076171875 0.0654296875
0 0.72314453125 0.62841796875 0.0615234375 0.0673828125
0 0.94482421875 0.77392578125 0.0673828125 0.0537109375
0 0.72705078125 0.82373046875 0.0595703125 0.0732421875
0 0.76318359375 0.88427734375 0.0576171875 0.0908203125
0 0.8798828125 0.896484375 0.060546875 0.064453125
0 0.98095703125 0.9189453125 0.0380859375 0.05859375
0 0.97705078125 0.9697265625 0.0458984375 0.05859375
0 0.74072265625 0.02490234375 0.0751953125 0.0498046875
0 0.3759765625 0.0244140625 0.068359375 0.048828125
0 0.4521484375 0.20654296875 0.056640625 0.0361328125
0 0.3798828125 0.4482421875 0.048828125 0.0625
0 0.80908203125 0.46337890625 0.0693359375 0.0576171875
0 0.01025390625 0.525390625 0.0205078125 0.04296875
0 0.8173828125 0.99169921875 0.0390625 0.0166015625
0 0.32763671875 0.5751953125 0.0810546875 0.0390625
