0 0.0341796875 0.4697265625 0.068359375 0.189453125
0 0.01953125 0.640625 0.0390625 0.078125
0 0.12353515625 0.7236328125 0.0634765625 0.095703125
0 0.14794921875 0.79443359375 0.0908203125 0.1357421875
0 0.25146484375 0.8515625 0.0966796875 0.08984375
0 0.16650390625 0.9677734375 0.0986328125 0.064453125
0 0.38525390625 0.83984375 0.1181640625 0.24609375
0 0.38330078125 0.60302734375 0.1259765625 0.1318359375
0 0.15478515625 0.0263671875 0.0732421875 0.052734375
0 0.123046875 0.12939453125 0.166015625 0.0927734375
0 0.22705078125 0.36376953125 0.0908203125 0.2724609375
0 0.27783203125 0.41796875 0.0458984375 0.107421875
0 0.353515625 0.42578125 0.134765625 0.19140625
0 0.49853515625 0.6044921875 0.0791015625 0.115234375
0 0.5283203125 0.56689453125 0.05078125 0.0537109375
0 0.58349609375 0.505859375 0.0966796875 0.193359375
0 0.44873046875 0.431640625 0.1240234375 0.12890625
0 0.4814453125 0.35302734375 0.052734375 0.0986328125
0 0.44384765625 0.9482421875 0.0517578125 0.103515625
0 0.546875 0.89697265625 0.1171875 0.1923828125
0 0.80517578125 0.9228515625 0.0751953125 0.154296875
0 0.73193359375 0.73193359375 0.1064453125 0.2021484375
0 0.865234375 0.8193359375 0.15234375 0.232421875
0 0.853515625 0.61669921875 0.060546875 0.0888671875
0 0.8896484375 0.64208984375 0.041015625 0.0849609375
0 0.91943359375 0.61083984375 0.0966796875 0.1787109375
0 0.9609375 0.4521484375 0.0703125 0.078125
0 0.775390625 0.41455078125 0.111328125 0.1748046875
0 0.7275390625 0.4951171875 0.05859375 0.0390625
0 0.6240234375 0.2060546875 0.11328125 0.13671875
0 0.7412109375 0.15771484375 0.046875 0.1357421875
0 0.8466796875 0.20166015625 0.0625 0.1259765625
0 0.646484375 0.07080078125 0.107421875 0.1416015625
0 0.81591796875 0.06689453125 0.1376953125 0.1337890625
0 0.240234375 0.02783203125 0.064453125 0.0556640625
0 0.3173828125 0.0078125 0.0703125 0.015625
0 0.98388671875 0.10888671875 0.0322265625 0.2021484375
0 0.95458984375 0.138671875 0.0908203125 0.134765625
