0 0.36083984375 0.36865234375 0.1181640625 0.1025390625
0 0.97216796875 0.09423828125 0.0556640625 0.0849609375
0 0.70458984375 0.376953125 0.1455078125 0.125
0 0.80615234375 0.033203125 0.1396484375 0.0625
0 0.5673828125 0.36474609375 0.08984375 0.0751953125
0 0.53857421875 0.470703125 0.1025390625 0.09765625
0 0.83447265625 0.75927734375 0.1591796875 0.1201171875
0 0.67822265625 0.83837890625 0.1123046875 0.0869140625
0 0.53955078125 0.759765625 0.1298828125 0.125
0 0.80078125 0.9033203125 0.1015625 0.142578125
0 0.41943359375 0.125 0.1298828125 0.125
0 0.7783203125 0.24462890625 0.177734375 0.0849609375
0 0.65087890625 0.10986328125 0.1181640625 0.0947265625
0 0.8486328125 0.103515625 0.08984375 0.10546875
