0 0.82421875 0.26806640625 0.12109375 0.0791015625
0 0.47021484375 0.26416015625 0.0986328125 0.0634765625
0 0.14892578125 0.39892578125 0.0986328125 0.0458984375
0 0.8359375 0.34423828125 0.10546875 0.0595703125
0 0.5439453125 0.55322265625 0.109375 0.0400390625
0 0.064453125 0.59765625 0.083984375 0.0703125
0 0.04150390625 0.2294921875 0.0810546875 0.056640625
0 0.443359375 0.3818359375 0.07421875 0.06640625
0 0.72216796875 0.40625 0.0771484375 0.0625
0 0.880859375 0.4189453125 0.06640625 0.0703125
0 0.302734375 0.04931640625 0.099609375 0.0986328125
0 0.7138671875 0.06884765625 0.130859375 0.0498046875
0 0.88037109375 0.12744140625 0.0986328125 0.0673828125
0 0.05419921875 0.3359375 0.1064453125 0.05078125
0 0.5546875 0.67431640625 0.109375 0.0751953125
0 0.162109375 0.67724609375 0.09375 0.0537109375
0 0.04736328125 0.91552734375 0.0947265625 0.0498046875
0 0.39404296875 0.39697265625 0.1123046875 0.0458984375
0 0.9453125 0.0517578125 0.1015625 0.046875
0 0.88330078125 0.8173828125 0.0830078125 0.060546875
0 0.16650390625 0.97998046875 0.1181640625 0.0400390625
0 0.82421875 0.86767578125 0.08203125 0.0478515625
0 0.517578125 0.74951171875 0.134765625 0.0517578125
0 0.27392578125 0.35888671875 0.1123046875 0.0576171875
0 0.43359375 0.130859375 0.076171875 0.044921875
0 0.50927734375 0.06884765625 0.1064453125 0.0478515625
0 0.7744140625 0.52099609375 0.083984375 0.0400390625
0 0.88427734375 0.72900390625 0.0869140625 0.0771484375
0 0.28515625 0.2998046875 0.130859375 0.0546875
0 0.06396484375 0.412109375 0.1181640625 0.033203125
0 0.15771484375 0.1787109375 0.0908203125 0.0390625
0 0.76904296875 0.81689453125 0.1201171875 0.0478515625
0 0.0302734375 0.98828125 0.052734375 0.0234375
0 0.9072265625 0.06640625 0.06640625 0.04296875
0 0.18017578125 0.47607421875 0.1357421875 0.0673828125
0 0.7138671875 0.595703125 0.107421875 0.048828125
0 0.42529296875 0.83251953125 0.1025390625 0.0458984375
0 0.560546875 0.2353515625 0.05859375 0.044921875
0 0.94775390625 0.458984375 0.0732421875 0.0390625
0 0.7080078125 0.7978515625 0.0703125 0.029296875
0 0.4501953125 0.677734375 0.1015625 0.04296875
0 0.15576171875 0.88134765625 0.0947265625 0.0439453125
0 0.24609375 0.78662109375 0.08203125 0.0283203125
0 0.4609375 0.9306640625 0.091796875 0.04296875
0 0.3486328125 0.126953125 0.138671875 0.09765625
0 0.88623046875 0.6845703125 0.0498046875 0.04296875
0 0.0244140625 0.46435546875 0.048828125 0.0556640625
0 0.6982421875 0.27734375 0.087890625 0.060546875
0 0.56787109375 0.42431640625 0.0693359375 0.0419921875
0 0.76416015625 0.3759765625 0.0791015625 0.029296875
0 0.58740234375 0.01513671875 0.0830078125 0.0302734375
0 0.08203125 0.44287109375 0.05859375 0.0302734375
0 0.12353515625 0.150390625 0.1064453125 0.041015625
0 0.859375 0.7353515625 0.125 0.08984375
0 0.60009765625 0.91357421875 0.0791015625 0.0361328125
0 0.494140625 0.11181640625 0.09375 0.0283203125
0 0.771484375 0.333984375 0.08984375 0.091796875
0 0.06298828125 0.74853515625 0.1220703125 0.0458984375
0 0.86328125 0.46240234375 0.072265625 0.0380859375
0 0.71142578125 0.904296875 0.0712890625 0.037109375
0 0.4697265625 0.7685546875 0.07421875 0.02734375
0 0.32421875 0.90576171875 0.1328125 0.0576171875
0 0.93310546875 0.740234375 0.0361328125 0.0390625
0 0.42529296875 0.6328125 0.1025390625 0.05078125
0 0.97607421875 0.509765625 0.0419921875 0.029296875
0 0.189453125 0.97412109375 0.083984375 0.0322265625
0 0.3603515625 0.6630859375 0.087890625 0.052734375
0 0.5380859375 0.78955078125 0.171875 0.0341796875
0 0.7802734375 0.98291015625 0.076171875 0.0224609375
0 0.25732421875 0.236328125 0.1103515625 0.0390625
0 0.220703125 0.759765625 0.091796875 0.025390625
0 0.8388671875 0.76708984375 0.064453125 0.0498046875
0 0.07080078125 0.68310546875 0.1240234375 0.0458984375
0 0.806640625 0.1181640625 0.08203125 0.052734375
0 0.4521484375 0.03564453125 0.056640625 0.0380859375
0 0.8974609375 0.796875 0.056640625 0.044921875
0 0.0498046875 0.7763671875 0.087890625 0.013671875
0 0.2041015625 0.74951171875 0.125 0.0791015625
0 0.2490234375 0.896484375 0.05859375 0.025390625
