0 0.0302734375 0.13525390625 0.060546875 0.1376953125
0 0.05810546875 0.24951171875 0.1162109375 0.0380859375
0 0.099609375 0.46240234375 0.140625 0.0869140625
0 0.09228515625 0.33837890625 0.0615234375 0.0576171875
0 0.36572265625 0.32080078125 0.1142578125 0.0634765625
0 0.3017578125 0.22314453125 0.09375 0.1611328125
0 0.3623046875 0.0712890625 0.126953125 0.142578125
0 0.50146484375 0.07763671875 0.1923828125 0.1259765625
0 0.84033203125 0.02880859375 0.0693359375 0.0576171875
0 0.89013671875 0.0751953125 0.0517578125 0.09765625
0 0.9052734375 0.2978515625 0.07421875 0.173828125
0 0.9765625 0.41943359375 0.046875 0.1552734375
0 0.81298828125 0.22509765625 0.0869140625 0.0615234375
0 0.71044921875 0.2421875 0.0673828125 0.0703125
0 0.58203125 0.3037109375 0.13671875 0.134765625
0 0.74072265625 0.46533203125 0.1455078125 0.0830078125
0 0.47021484375 0.19970703125 0.0947265625 0.1240234375
0 0.04296875 0.90478515625 0.0859375 0.0732421875
0 0.09130859375 0.84423828125 0.0810546875 0.0966796875
0 0.18701171875 0.77490234375 0.0986328125 0.1943359375
0 0.30078125 0.93212890625 0.0703125 0.1064453125
0 0.34326171875 0.81005859375 0.0791015625 0.0517578125
0 0.26123046875 0.716796875 0.0693359375 0.15625
0 0.32861328125 0.71435546875 0.0732421875 0.1162109375
0 0.56640625 0.68310546875 0.201171875 0.0908203125
0 0.4287109375 0.5224609375 0.083984375 0.091796875
0 0.3505859375 0.56201171875 0.072265625 0.1201171875
0 0.2353515625 0.44091796875 0.083984375 0.0634765625
0 0.2509765625 0.568359375 0.095703125 0.173828125
0 0.2099609375 0.56298828125 0.0625 0.1142578125
0 0.65380859375 0.9140625 0.1025390625 0.107421875
0 0.79833984375 0.76123046875 0.1240234375 0.0732421875
0 0.916015625 0.64208984375 0.138671875 0.0732421875
0 0.9052734375 0.8798828125 0.09375 0.05859375
0 0.8916015625 0.9541015625 0.068359375 0.091796875
0 0.79052734375 0.97412109375 0.0673828125 0.0517578125
0 0.583984375 0.96630859375 0.1171875 0.0673828125
0 0.09716796875 0.96337890625 0.0986328125 0.0732421875
0 0.513671875 0.3701171875 0.09375 0.0546875
0 0.513671875 0.525390625 0.0625 0.08984375
0 0.1689453125 0.03564453125 0.0625 0.0595703125
0 0.75537109375 0.0361328125 0.0888671875 0.060546875
