0 0.27880859375 0.3388671875 0.2998046875 0.291015625
0 0.06298828125 0.365234375 0.1025390625 0.076171875
0 0.0400390625 0.21728515625 0.080078125 0.0791015625
0 0.16845703125 0.1376953125 0.0830078125 0.072265625
0 0.47021484375 0.21240234375 0.1181640625 0.0751953125
0 0.625 0.26708984375 0.150390625 0.1123046875
0 0.55029296875 0.1494140625 0.0537109375 0.068359375
0 0.6591796875 0.1376953125 0.12890625 0.078125
0 0.72412109375 0.06298828125 0.1650390625 0.1259765625
0 0.95263671875 0.07958984375 0.0947265625 0.1162109375
0 0.51904296875 0.056640625 0.2080078125 0.078125
0 0.0302734375 0.06103515625 0.060546875 0.1220703125
0 0.748046875 0.23828125 0.08203125 0.072265625
0 0.876953125 0.22265625 0.140625 0.078125
0 0.970703125 0.24853515625 0.05859375 0.0732421875
0 0.91650390625 0.330078125 0.0927734375 0.134765625
0 0.8916015625 0.33447265625 0.216796875 0.0654296875
0 0.82177734375 0.69091796875 0.1552734375 0.0927734375
0 0.9697265625 0.70703125 0.060546875 0.0859375
0 0.8515625 0.97607421875 0.068359375 0.0478515625
0 0.8720703125 0.849609375 0.095703125 0.068359375
0 0.76708984375 0.978515625 0.0693359375 0.04296875
0 0.71044921875 0.9521484375 0.0712890625 0.095703125
0 0.50830078125 0.9560546875 0.0751953125 0.08203125
0 0.41162109375 0.79150390625 0.0712890625 0.0673828125
0 0.30859375 0.60009765625 0.1015625 0.0712890625
0 0.208984375 0.607421875 0.11328125 0.0859375
0 0.24560546875 0.703125 0.0810546875 0.076171875
0 0.279296875 0.73583984375 0.0859375 0.0595703125
0 0.3037109375 0.833984375 0.08203125 0.037109375
0 0.0556640625 0.77734375 0.076171875 0.05078125
0 0.03466796875 0.94921875 0.0693359375 0.1015625
0 0.14013671875 0.884765625 0.0556640625 0.06640625
0 0.37548828125 0.87255859375 0.0595703125 0.0849609375
0 0.40283203125 0.92919921875 0.0654296875 0.0615234375
0 0.25146484375 0.90771484375 0.1689453125 0.0830078125
0 0.3037109375 0.9716796875 0.0859375 0.056640625
0 0.11962890625 0.97216796875 0.0537109375 0.0556640625
0 0.646484375 0.64892578125 0.046875 0.0400390625
0 0.19775390625 0.8486328125 0.0556640625 0.046875
0 0.6337890625 0.19775390625 0.107421875 0.0673828125
