0 0.8173828125 0.4091796875 0.078125 0.091796875
0 0.27392578125 0.5126953125 0.0693359375 0.072265625
0 0.08984375 0.13671875 0.06640625 0.08203125
0 0.82958984375 0.7119140625 0.0732421875 0.109375
0 0.2392578125 0.30126953125 0.06640625 0.0732421875
0 0.71923828125 0.44482421875 0.0654296875 0.1005859375
0 0.21923828125 0.4052734375 0.1025390625 0.109375
0 0.80908203125 0.82373046875 0.0556640625 0.0986328125
0 0.3115234375 0.11865234375 0.07421875 0.0869140625
0 0.12841796875 0.1005859375 0.0498046875 0.09375
0 0.62939453125 0.5107421875 0.0576171875 0.0703125
0 0.62744140625 0.77490234375 0.0537109375 0.0791015625
0 0.46875 0.072265625 0.044921875 0.10546875
0 0.1708984375 0.53369140625 0.041015625 0.0869140625
0 0.09033203125 0.95654296875 0.0751953125 0.0556640625
0 0.44140625 0.533203125 0.078125 0.083984375
0 0.419921875 0.0341796875 0.060546875 0.068359375
0 0.455078125 0.30712890625 0.0625 0.0654296875
0 0.3349609375 0.61474609375 0.0546875 0.0712890625
0 0.64599609375 0.20458984375 0.0341796875 0.0693359375
0 0.7109375 0.1259765625 0.0546875 0.1328125
0 0.10888671875 0.57861328125 0.0634765625 0.0595703125
0 0.6240234375 0.3876953125 0.0625 0.130859375
0 0.2236328125 0.9541015625 0.056640625 0.087890625
0 0.3408203125 0.4033203125 0.056640625 0.146484375
0 0.22216796875 0.63916015625 0.0634765625 0.0654296875
0 0.55322265625 0.61083984375 0.0615234375 0.0654296875
0 0.02490234375 0.77734375 0.0498046875 0.13671875
0 0.01953125 0.50537109375 0.0390625 0.0576171875
0 0.04736328125 0.978515625 0.0400390625 0.04296875
0 0.70361328125 0.67626953125 0.0537109375 0.0654296875
0 0.29248046875 0.212890625 0.0595703125 0.099609375
0 0.43603515625 0.5888671875 0.0712890625 0.095703125
0 0.97412109375 0.56591796875 0.0517578125 0.0693359375
0 0.59521484375 0.02880859375 0.0400390625 0.0537109375
0 0.69970703125 0.5029296875 0.0341796875 0.0703125
0 0.22900390625 0.20703125 0.0244140625 0.091796875
0 0.8681640625 0.634765625 0.0390625 0.056640625
0 0.11083984375 0.48291015625 0.0888671875 0.0419921875
0 0.427734375 0.63232421875 0.064453125 0.0732421875
0 0.8115234375 0.2373046875 0.060546875 0.046875
0 0.02734375 0.2734375 0.0546875 0.130859375
0 0.4287109375 0.70947265625 0.05078125 0.0498046875
0 0.6806640625 0.6064453125 0.044921875 0.06640625
0 0.15625 0.65478515625 0.046875 0.0634765625
0 0.53564453125 0.26708984375 0.0263671875 0.0498046875
0 0.42529296875 0.46484375 0.0517578125 0.060546875
0 0.1455078125 0.88330078125 0.11328125 0.0908203125
0 0.18701171875 0.2158203125 0.0712890625 0.0625
0 0.49560546875 0.60009765625 0.0341796875 0.0654296875
0 0.30419921875 0.97509765625 0.0283203125 0.0498046875
0 0.2041015625 0.19189453125 0.025390625 0.0947265625
0 0.97705078125 0.02001953125 0.0341796875 0.0380859375
0 0.3974609375 0.3232421875 0.041015625 0.044921875
0 0.072265625 0.8955078125 0.052734375 0.044921875
0 0.98974609375 0.4375 0.0205078125 0.091796875
0 0.9716796875 0.8720703125 0.05078125 0.060546875
0 0.5224609375 0.45263671875 0.08984375 0.1025390625
