0 0.40625 0.28515625 0.083984375 0.078125
0 0.4638671875 0.34814453125 0.08984375 0.0595703125
0 0.546875 0.36328125 0.064453125 0.056640625
0 0.53271484375 0.31689453125 0.0615234375 0.0419921875
0 0.4755859375 0.19384765625 0.09375 0.1376953125
0 0.513671875 0.130859375 0.080078125 0.072265625
0 0.3857421875 0.0322265625 0.080078125 0.064453125
0 0.2412109375 0.08740234375 0.07421875 0.0595703125
0 0.46533203125 0.01904296875 0.0615234375 0.0380859375
0 0.03369140625 0.0478515625 0.0673828125 0.046875
0 0.283203125 0.42333984375 0.08984375 0.0869140625
0 0.22119140625 0.46533203125 0.0771484375 0.0634765625
0 0.13623046875 0.427734375 0.0849609375 0.080078125
0 0.10107421875 0.505859375 0.1630859375 0.060546875
0 0.11474609375 0.587890625 0.1240234375 0.06640625
0 0.36181640625 0.55029296875 0.0751953125 0.0908203125
0 0.30029296875 0.5361328125 0.0634765625 0.05859375
0 0.19580078125 0.30078125 0.1181640625 0.1171875
0 0.255859375 0.32421875 0.07421875 0.080078125
0 0.53369140625 0.5625 0.0712890625 0.068359375
0 0.32080078125 0.72607421875 0.0712890625 0.1455078125
0 0.26171875 0.72998046875 0.078125 0.0888671875
0 0.1494140625 0.68017578125 0.138671875 0.0751953125
0 0.1376953125 0.76025390625 0.11328125 0.1064453125
0 0.12451171875 0.85888671875 0.1005859375 0.0498046875
0 0.58447265625 0.79150390625 0.0849609375 0.0869140625
0 0.701171875 0.7548828125 0.123046875 0.087890625
0 0.80615234375 0.69921875 0.1044921875 0.08984375
0 0.8017578125 0.78271484375 0.0546875 0.0634765625
0 0.80126953125 0.8515625 0.0810546875 0.052734375
0 0.71630859375 0.865234375 0.1064453125 0.0703125
0 0.5751953125 0.95849609375 0.142578125 0.0830078125
0 0.53515625 0.8544921875 0.080078125 0.080078125
0 0.4130859375 0.83203125 0.115234375 0.05859375
0 0.44140625 0.900390625 0.1171875 0.083984375
0 0.8671875 0.77734375 0.0625 0.0859375
0 0.91796875 0.77197265625 0.052734375 0.0615234375
0 0.74462890625 0.376953125 0.0771484375 0.0625
0 0.84228515625 0.3466796875 0.0908203125 0.0390625
0 0.8759765625 0.29150390625 0.076171875 0.0595703125
0 0.98681640625 0.1376953125 0.0263671875 0.13671875
0 0.94775390625 0.181640625 0.0712890625 0.111328125
0 0.8369140625 0.10107421875 0.0546875 0.0927734375
0 0.8701171875 0.12060546875 0.056640625 0.0400390625
0 0.033203125 0.951171875 0.06640625 0.06640625
0 0.0869140625 0.982421875 0.06640625 0.03515625
0 0.1171875 0.939453125 0.1015625 0.0625
0 0.0390625 0.8564453125 0.078125 0.06640625
0 0.0458984375 0.88330078125 0.0703125 0.0517578125
