0 0.11767578125 0.17431640625 0.0537109375 0.0888671875
0 0.1865234375 0.265625 0.046875 0.06640625
0 0.13330078125 0.34521484375 0.0693359375 0.0556640625
0 0.21337890625 0.3173828125 0.0537109375 0.05078125
0 0.24951171875 0.37451171875 0.0595703125 0.0810546875
0 0.2900390625 0.3193359375 0.08984375 0.091796875
0 0.28564453125 0.27783203125 0.0771484375 0.0693359375
0 0.291015625 0.2236328125 0.080078125 0.0703125
0 0.35546875 0.30517578125 0.041015625 0.0380859375
0 0.3310546875 0.390625 0.05859375 0.044921875
0 0.40625 0.4267578125 0.078125 0.08203125
0 0.52001953125 0.3720703125 0.1142578125 0.060546875
0 0.5205078125 0.3388671875 0.083984375 0.05859375
0 0.5625 0.3271484375 0.046875 0.06640625
0 0.63330078125 0.271484375 0.0537109375 0.0625
0 0.64208984375 0.34423828125 0.0439453125 0.0595703125
0 0.72265625 0.36572265625 0.06640625 0.0615234375
0 0.77734375 0.3359375 0.080078125 0.05859375
0 0.7998046875 0.19384765625 0.111328125 0.0634765625
0 0.88427734375 0.30224609375 0.0673828125 0.0751953125
0 0.943359375 0.3525390625 0.11328125 0.044921875
0 0.791015625 0.41015625 0.072265625 0.07421875
0 0.89013671875 0.44287109375 0.0634765625 0.0498046875
0 0.72021484375 0.5166015625 0.0634765625 0.04296875
0 0.705078125 0.4482421875 0.068359375 0.052734375
0 0.16357421875 0.4580078125 0.0576171875 0.0625
0 0.2060546875 0.46533203125 0.0625 0.0654296875
0 0.03076171875 0.4052734375 0.0615234375 0.044921875
0 0.7919921875 0.04931640625 0.07421875 0.0478515625
0 0.88134765625 0.08203125 0.0712890625 0.04296875
0 0.9287109375 0.029296875 0.08203125 0.05078125
0 0.01318359375 0.6455078125 0.0263671875 0.078125
0 0.04931640625 0.673828125 0.0478515625 0.072265625
0 0.109375 0.73486328125 0.08203125 0.0751953125
0 0.0693359375 0.86181640625 0.064453125 0.0556640625
0 0.17138671875 0.7861328125 0.0673828125 0.052734375
0 0.22314453125 0.7548828125 0.0908203125 0.052734375
0 0.251953125 0.71142578125 0.1328125 0.0498046875
0 0.32861328125 0.6865234375 0.0888671875 0.05078125
0 0.29638671875 0.619140625 0.0634765625 0.0625
0 0.4423828125 0.66015625 0.0546875 0.044921875
0 0.50048828125 0.65869140625 0.0693359375 0.0556640625
0 0.40087890625 0.669921875 0.0380859375 0.046875
0 0.32177734375 0.7724609375 0.0654296875 0.0546875
0 0.39013671875 0.77392578125 0.0595703125 0.0400390625
0 0.439453125 0.78955078125 0.056640625 0.0380859375
0 0.37841796875 0.82421875 0.0654296875 0.056640625
0 0.4306640625 0.822265625 0.052734375 0.046875
0 0.28173828125 0.8896484375 0.0771484375 0.052734375
0 0.30517578125 0.95458984375 0.0673828125 0.0908203125
0 0.4912109375 0.875 0.0546875 0.05078125
0 0.49365234375 0.7744140625 0.0458984375 0.0546875
0 0.63427734375 0.80908203125 0.0712890625 0.0439453125
0 0.62353515625 0.89501953125 0.0869140625 0.0478515625
0 0.7216796875 0.88818359375 0.05859375 0.0634765625
0 0.794921875 0.875 0.09375 0.07421875
0 0.87353515625 0.978515625 0.1123046875 0.04296875
0 0.953125 0.90576171875 0.087890625 0.0791015625
0 0.8515625 0.81494140625 0.078125 0.0537109375
0 0.9150390625 0.814453125 0.080078125 0.046875
0 0.73828125 0.73876953125 0.0625 0.0712890625
0 0.80126953125 0.763671875 0.0908203125 0.041015625
0 0.6640625 0.72802734375 0.087890625 0.0693359375
0 0.81005859375 0.7255859375 0.0498046875 0.029296875
0 0.8369140625 0.3505859375 0.044921875 0.0390625
0 0.92333984375 0.466796875 0.0302734375 0.03515625
0 0.341796875 0.35400390625 0.064453125 0.0576171875
0 0.79833984375 0.8349609375 0.0439453125 0.044921875
0 0.26318359375 0.80859375 0.0673828125 0.06640625
0 0.57275390625 0.361328125 0.0654296875 0.044921875
