0 0.9228515625 0.34521484375 0.154296875 0.1064453125
0 0.41650390625 0.279296875 0.0986328125 0.12890625
0 0.49560546875 0.068359375 0.1025390625 0.103515625
0 0.93115234375 0.740234375 0.0830078125 0.126953125
0 0.56201171875 0.48095703125 0.0791015625 0.1376953125
0 0.4580078125 0.78271484375 0.103515625 0.2021484375
0 0.6083984375 0.04833984375 0.091796875 0.0966796875
0 0.55419921875 0.607421875 0.1552734375 0.1015625
0 0.830078125 0.2158203125 0.177734375 0.10546875
0 0.740234375 0.66845703125 0.126953125 0.1083984375
0 0.80615234375 0.74853515625 0.1376953125 0.0966796875
0 0.919921875 0.43017578125 0.080078125 0.1025390625
0 0.5302734375 0.87646484375 0.08203125 0.0947265625
0 0.14599609375 0.68798828125 0.1748046875 0.0751953125
0 0.22119140625 0.34912109375 0.1826171875 0.1201171875
0 0.19677734375 0.1279296875 0.0966796875 0.0703125
0 0.58642578125 0.68994140625 0.0732421875 0.0771484375
0 0.66455078125 0.55810546875 0.1357421875 0.1630859375
0 0.80712890625 0.9697265625 0.1357421875 0.060546875
0 0.37744140625 0.03173828125 0.0751953125 0.0634765625
0 0.42578125 0.5595703125 0.177734375 0.099609375
0 0.28271484375 0.87109375 0.2080078125 0.111328125
0 0.35498046875 0.89599609375 0.0810546875 0.1826171875
0 0.07177734375 0.78369140625 0.1396484375 0.1162109375
0 0.044921875 0.259765625 0.0859375 0.099609375
