0 0.23974609375 0.1708984375 0.1044921875 0.08203125
0 0.3291015625 0.064453125 0.080078125 0.080078125
0 0.23828125 0.02587890625 0.1015625 0.0517578125
0 0.93310546875 0.14453125 0.1220703125 0.099609375
0 0.1796875 0.94580078125 0.10546875 0.1025390625
0 0.94970703125 0.72607421875 0.1005859375 0.1572265625
0 0.10205078125 0.4619140625 0.0654296875 0.0546875
0 0.251953125 0.845703125 0.125 0.107421875
0 0.77880859375 0.06787109375 0.0966796875 0.0732421875
0 0.27197265625 0.54833984375 0.1142578125 0.1123046875
0 0.29833984375 0.57080078125 0.0830078125 0.0771484375
0 0.96142578125 0.615234375 0.0771484375 0.0703125
0 0.0634765625 0.59619140625 0.09375 0.1123046875
0 0.8896484375 0.2509765625 0.125 0.126953125
0 0.08203125 0.79541015625 0.103515625 0.1005859375
0 0.86865234375 0.63720703125 0.0771484375 0.0947265625
0 0.35107421875 0.89208984375 0.1025390625 0.1103515625
0 0.03466796875 0.0517578125 0.0654296875 0.099609375
0 0.05224609375 0.34326171875 0.1005859375 0.0830078125
0 0.828125 0.76171875 0.087890625 0.0703125
0 0.77978515625 0.1708984375 0.0673828125 0.0703125
