0 0.0087890625 0.857421875 0.017578125 0.06640625
0 0.115234375 0.83154296875 0.083984375 0.0830078125
0 0.22607421875 0.7490234375 0.1220703125 0.0859375
0 0.1494140625 0.63037109375 0.052734375 0.0615234375
0 0.02978515625 0.9736328125 0.0595703125 0.052734375
0 0.115234375 0.97802734375 0.103515625 0.0439453125
0 0.6748046875 0.97802734375 0.080078125 0.0439453125
0 0.7958984375 0.97998046875 0.068359375 0.0400390625
0 0.8486328125 0.9560546875 0.052734375 0.087890625
0 0.921875 0.98046875 0.048828125 0.0390625
0 0.98046875 0.86669921875 0.0390625 0.0751953125
0 0.82470703125 0.8251953125 0.0654296875 0.064453125
0 0.7314453125 0.84130859375 0.09765625 0.0849609375
0 0.6884765625 0.7080078125 0.072265625 0.068359375
0 0.5537109375 0.80224609375 0.091796875 0.0810546875
0 0.30078125 0.89013671875 0.109375 0.0888671875
0 0.34033203125 0.65625 0.0927734375 0.0703125
0 0.3271484375 0.5869140625 0.0703125 0.0546875
0 0.240234375 0.56982421875 0.068359375 0.0712890625
0 0.4716796875 0.55810546875 0.1015625 0.1025390625
0 0.6025390625 0.56640625 0.078125 0.068359375
0 0.6318359375 0.49755859375 0.0703125 0.0732421875
0 0.72119140625 0.525390625 0.0771484375 0.06640625
0 0.8583984375 0.61669921875 0.0546875 0.0595703125
0 0.9814453125 0.67919921875 0.037109375 0.0654296875
0 0.91845703125 0.63818359375 0.0673828125 0.1083984375
0 0.6943359375 0.3359375 0.1171875 0.05859375
0 0.67919921875 0.328125 0.0517578125 0.107421875
0 0.56640625 0.3291015625 0.107421875 0.0703125
0 0.580078125 0.25390625 0.08203125 0.05859375
0 0.94140625 0.34521484375 0.1171875 0.1240234375
0 0.9814453125 0.2373046875 0.037109375 0.099609375
0 0.822265625 0.2109375 0.08203125 0.068359375
0 0.66455078125 0.1435546875 0.0615234375 0.0546875
0 0.41943359375 0.423828125 0.1083984375 0.0625
0 0.36962890625 0.455078125 0.1083984375 0.0703125
0 0.22509765625 0.45703125 0.0869140625 0.078125
0 0.29248046875 0.3330078125 0.1044921875 0.056640625
0 0.39892578125 0.3359375 0.1005859375 0.05078125
0 0.287109375 0.19189453125 0.111328125 0.0673828125
0 0.2080078125 0.1044921875 0.076171875 0.125
0 0.0419921875 0.2509765625 0.083984375 0.0703125
0 0.01416015625 0.1708984375 0.0283203125 0.048828125
0 0.2353515625 0.01806640625 0.046875 0.0361328125
0 0.310546875 0.02099609375 0.05078125 0.0419921875
0 0.4892578125 0.052734375 0.09765625 0.068359375
0 0.5166015625 0.13671875 0.099609375 0.09375
0 0.84521484375 0.09716796875 0.0927734375 0.0771484375
0 0.0263671875 0.58349609375 0.052734375 0.1279296875
0 0.970703125 0.43310546875 0.05859375 0.1005859375
