0 0.38916015625 0.87548828125 0.0947265625 0.0927734375
0 0.88037109375 0.3759765625 0.0947265625 0.08984375
0 0.3095703125 0.44287109375 0.107421875 0.0947265625
0 0.13916015625 0.0234375 0.1298828125 0.046875
0 0.26416015625 0.59326171875 0.1396484375 0.1044921875
0 0.033203125 0.02099609375 0.06640625 0.0419921875
0 0.05126953125 0.85498046875 0.0771484375 0.0927734375
0 0.0205078125 0.2177734375 0.041015625 0.0703125
0 0.0986328125 0.3681640625 0.0859375 0.0703125
0 0.1875 0.8134765625 0.080078125 0.08984375
0 0.11669921875 0.443359375 0.0947265625 0.08203125
0 0.0458984375 0.4921875 0.091796875 0.0703125
0 0.0244140625 0.2705078125 0.048828125 0.056640625
0 0.037109375 0.9521484375 0.07421875 0.095703125
0 0.9228515625 0.4892578125 0.09765625 0.078125
0 0.9638671875 0.1005859375 0.068359375 0.099609375
0 0.97314453125 0.47900390625 0.0537109375 0.0771484375
0 0.36669921875 0.90087890625 0.1123046875 0.0615234375
0 0.11767578125 0.5849609375 0.0634765625 0.07421875
0 0.021484375 0.73681640625 0.04296875 0.1103515625
