0 0.30712890625 0.04248046875 0.0517578125 0.0849609375
0 0.80615234375 0.36181640625 0.0595703125 0.1064453125
0 0.2548828125 0.94140625 0.064453125 0.11328125
0 0.9609375 0.95751953125 0.056640625 0.0849609375
0 0.490234375 0.4560546875 0.06640625 0.091796875
0 0.6650390625 0.45556640625 0.080078125 0.0771484375
0 0.02392578125 0.62841796875 0.0478515625 0.0947265625
0 0.87548828125 0.3095703125 0.0634765625 0.10546875
0 0.048828125 0.8681640625 0.078125 0.10546875
0 0.06640625 0.12158203125 0.087890625 0.0927734375
0 0.89111328125 0.5869140625 0.0732421875 0.0625
0 0.1123046875 0.23779296875 0.03125 0.1162109375
0 0.68701171875 0.962890625 0.0517578125 0.07421875
0 0.333984375 0.2958984375 0.080078125 0.091796875
0 0.4853515625 0.8740234375 0.048828125 0.080078125
0 0.0859375 0.4033203125 0.095703125 0.1171875
0 0.39794921875 0.39501953125 0.0341796875 0.0810546875
0 0.47314453125 0.25390625 0.0341796875 0.119140625
0 0.66748046875 0.31787109375 0.0771484375 0.0869140625
0 0.6328125 0.693359375 0.052734375 0.08203125
0 0.208984375 0.93017578125 0.072265625 0.1181640625
0 0.07470703125 0.2861328125 0.0654296875 0.087890625
0 0.5341796875 0.39892578125 0.123046875 0.0791015625
0 0.03662109375 0.4541015625 0.0615234375 0.072265625
0 0.50390625 0.92724609375 0.083984375 0.0478515625
0 0.1953125 0.34765625 0.05859375 0.1171875
0 0.90966796875 0.68798828125 0.0712890625 0.0498046875
0 0.962890625 0.40234375 0.033203125 0.05859375
0 0.76025390625 0.1142578125 0.0380859375 0.107421875
0 0.61572265625 0.33740234375 0.0927734375 0.0654296875
0 0.35400390625 0.771484375 0.0634765625 0.06640625
0 0.06298828125 0.63671875 0.0888671875 0.0859375
0 0.60888671875 0.10791015625 0.0263671875 0.0654296875
0 0.69873046875 0.794921875 0.0283203125 0.078125
0 0.955078125 0.50927734375 0.0625 0.0400390625
0 0.54345703125 0.80419921875 0.0615234375 0.0517578125
0 0.58154296875 0.5322265625 0.0576171875 0.05859375
0 0.599609375 0.705078125 0.02734375 0.07421875
0 0.01513671875 0.8759765625 0.0302734375 0.0546875
0 0.8125 0.83349609375 0.05859375 0.0439453125
0 0.7607421875 0.92822265625 0.048828125 0.0654296875
0 0.58251953125 0.11279296875 0.0439453125 0.0673828125
0 0.556640625 0.54052734375 0.05859375 0.0654296875
0 0.65380859375 0.1650390625 0.0517578125 0.06640625
0 0.41943359375 0.9697265625 0.0380859375 0.060546875
0 0.7578125 0.95361328125 0.06640625 0.0498046875
0 0.91064453125 0.76513671875 0.0595703125 0.0478515625
0 0.1826171875 0.41015625 0.1171875 0.044921875
0 0.7265625 0.6767578125 0.0390625 0.107421875
0 0.06005859375 0.7109375 0.0947265625 0.052734375
0 0.765625 0.8896484375 0.046875 0.068359375
0 0.43017578125 0.97119140625 0.0380859375 0.0576171875
0 0.52685546875 0.25146484375 0.0439453125 0.0849609375
0 0.37841796875 0.06982421875 0.0400390625 0.0595703125
0 0.755859375 0.984375 0.037109375 0.03125
0 0.634765625 0.982421875 0.083984375 0.03515625
0 0.16748046875 0.2177734375 0.0380859375 0.0703125
0 0.89501953125 0.45751953125 0.0517578125 0.0576171875
0 0.59326171875 0.2919921875 0.0751953125 0.04296875
0 0.107421875 0.70361328125 0.087890625 0.0966796875
0 0.1767578125 0.97998046875 0.09375 0.0400390625
0 0.3212890625 0.93408203125 0.12109375 0.0927734375
0 0.2763671875 0.7578125 0.07421875 0.0390625
0 0.5 0.71875 0.0390625 0.033203125
0 0.97119140625 0.88916015625 0.0478515625 0.0361328125
0 0.2646484375 0.29638671875 0.15234375 0.1533203125
0 0.73046875 0.5185546875 0.029296875 0.0625
0 0.19970703125 0.291015625 0.0751953125 0.03125
0 0.8837890625 0.09130859375 0.037109375 0.0478515625
0 0.11572265625 0.37060546875 0.0751953125 0.0478515625
0 0.39111328125 0.6240234375 0.0498046875 0.0390625
0 0.18505859375 0.4384765625 0.0927734375 0.046875
0 0.70361328125 0.0166015625 0.0244140625 0.033203125
0 0.30029296875 0.14892578125 0.0517578125 0.0263671875
0 0.19775390625 0.14599609375 0.0615234375 0.0634765625
0 0.9716796875 0.04638671875 0.056640625 0.0712890625
0 0.10888671875 0.32568359375 0.0693359375 0.0615234375
