0 0.66357421875 0.3349609375 0.0615234375 0.091796875
0 0.7099609375 0.03466796875 0.080078125 0.0595703125
0 0.85302734375 0.32177734375 0.0791015625 0.1025390625
0 0.93701171875 0.435546875 0.1083984375 0.08203125
0 0.45947265625 0.2666015625 0.1259765625 0.080078125
0 0.30224609375 0.21337890625 0.0751953125 0.0810546875
0 0.82666015625 0.1435546875 0.0869140625 0.06640625
0 0.93359375 0.65185546875 0.068359375 0.0693359375
0 0.8759765625 0.76806640625 0.041015625 0.0732421875
0 0.1748046875 0.306640625 0.078125 0.095703125
0 0.78173828125 0.876953125 0.0732421875 0.109375
0 0.708984375 0.1044921875 0.037109375 0.091796875
0 0.4775390625 0.3408203125 0.134765625 0.0625
0 0.3095703125 0.650390625 0.068359375 0.064453125
0 0.080078125 0.86328125 0.08203125 0.0859375
0 0.2080078125 0.38818359375 0.107421875 0.0732421875
0 0.3115234375 0.40771484375 0.072265625 0.0615234375
0 0.16015625 0.19580078125 0.07421875 0.0537109375
0 0.220703125 0.435546875 0.1171875 0.064453125
0 0.70458984375 0.3193359375 0.0771484375 0.060546875
0 0.40283203125 0.7060546875 0.1064453125 0.05859375
0 0.88330078125 0.068359375 0.0791015625 0.080078125
0 0.30078125 0.31298828125 0.05859375 0.0869140625
0 0.04443359375 0.982421875 0.0888671875 0.03515625
0 0.4267578125 0.84814453125 0.173828125 0.1064453125
0 0.61181640625 0.83203125 0.0869140625 0.056640625
0 0.83154296875 0.4658203125 0.0869140625 0.07421875
0 0.36474609375 0.98193359375 0.1337890625 0.0361328125
0 0.1279296875 0.42578125 0.05078125 0.05859375
0 0.2509765625 0.31640625 0.091796875 0.05859375
0 0.14501953125 0.98291015625 0.0537109375 0.0341796875
0 0.45947265625 0.29345703125 0.0888671875 0.0654296875
0 0.78857421875 0.9658203125 0.0732421875 0.0546875
0 0.2431640625 0.984375 0.111328125 0.03125
0 0.5615234375 0.97900390625 0.140625 0.0419921875
0 0.9462890625 0.7724609375 0.052734375 0.064453125
0 0.30859375 0.05517578125 0.123046875 0.0478515625
0 0.74462890625 0.89697265625 0.0712890625 0.0576171875
0 0.92626953125 0.04296875 0.0595703125 0.08203125
0 0.3388671875 0.9453125 0.125 0.037109375
0 0.6943359375 0.82861328125 0.068359375 0.1279296875
0 0.61083984375 0.88427734375 0.0673828125 0.0498046875
0 0.98876953125 0.13134765625 0.0224609375 0.0712890625
0 0.0830078125 0.26318359375 0.08984375 0.1123046875
0 0.953125 0.90576171875 0.091796875 0.0693359375
0 0.5888671875 0.7314453125 0.15234375 0.05859375
0 0.52099609375 0.6748046875 0.1376953125 0.0546875
0 0.474609375 0.86962890625 0.10546875 0.0751953125
0 0.3564453125 0.91943359375 0.068359375 0.0283203125
0 0.1767578125 0.896484375 0.150390625 0.05078125
0 0.03564453125 0.2294921875 0.0712890625 0.091796875
0 0.11083984375 0.419921875 0.0498046875 0.05859375
0 0.68798828125 0.90771484375 0.0908203125 0.0400390625
0 0.4189453125 0.67431640625 0.173828125 0.1025390625
0 0.3564453125 0.7685546875 0.068359375 0.05078125
0 0.6669921875 0.69677734375 0.1015625 0.1103515625
0 0.09814453125 0.49365234375 0.0693359375 0.0478515625
0 0.517578125 0.95654296875 0.087890625 0.0791015625
