0 0.63330078125 0.17578125 0.0830078125 0.1015625
0 0.29345703125 0.93212890625 0.0830078125 0.0947265625
0 0.83056640625 0.8330078125 0.0927734375 0.107421875
0 0.669921875 0.70458984375 0.16015625 0.1806640625
0 0.18994140625 0.4365234375 0.0693359375 0.0703125
0 0.05078125 0.92724609375 0.1015625 0.0947265625
0 0.322265625 0.60693359375 0.1796875 0.1201171875
0 0.814453125 0.65673828125 0.150390625 0.1103515625
0 0.24951171875 0.3447265625 0.1357421875 0.099609375
0 0.3984375 0.22607421875 0.142578125 0.1728515625
0 0.1259765625 0.0810546875 0.08203125 0.09765625
0 0.03515625 0.865234375 0.0703125 0.07421875
0 0.1181640625 0.14599609375 0.126953125 0.0673828125
0 0.3896484375 0.12939453125 0.080078125 0.1904296875
0 0.72314453125 0.4169921875 0.1318359375 0.16015625
0 0.5341796875 0.0458984375 0.25 0.091796875
0 0.5322265625 0.3544921875 0.14453125 0.119140625
0 0.88330078125 0.52197265625 0.1572265625 0.0595703125
0 0.724609375 0.04833984375 0.134765625 0.0966796875
0 0.93115234375 0.6416015625 0.1376953125 0.080078125
0 0.38330078125 0.57421875 0.1376953125 0.0546875
0 0.48095703125 0.4404296875 0.1630859375 0.107421875
0 0.19091796875 0.05615234375 0.0869140625 0.1123046875
0 0.68115234375 0.48828125 0.1123046875 0.22265625
0 0.87841796875 0.48291015625 0.2431640625 0.1025390625
0 0.8359375 0.93896484375 0.212890625 0.1220703125
0 0.67724609375 0.4345703125 0.1455078125 0.16015625
0 0.44091796875 0.7841796875 0.2021484375 0.1015625
0 0.96337890625 0.77294921875 0.0732421875 0.0576171875
0 0.80126953125 0.0302734375 0.1298828125 0.060546875
0 0.876953125 0.48681640625 0.220703125 0.0595703125
0 0.40087890625 0.44189453125 0.1220703125 0.0654296875
0 0.67822265625 0.958984375 0.2998046875 0.08203125
0 0.47705078125 0.3544921875 0.1357421875 0.125
0 0.49462890625 0.9521484375 0.1650390625 0.095703125
0 0.63720703125 0.62841796875 0.1494140625 0.0380859375
0 0.79833984375 0.67578125 0.1318359375 0.0625
0 0.61474609375 0.4931640625 0.1298828125 0.037109375
0 0.47119140625 0.40185546875 0.1025390625 0.0849609375
0 0.6357421875 0.06201171875 0.087890625 0.0908203125
0 0.470703125 0.7939453125 0.162109375 0.212890625
