0 0.4599609375 0.13134765625 0.111328125 0.1630859375
0 0.55810546875 0.40576171875 0.1123046875 0.0849609375
0 0.66455078125 0.20458984375 0.1669921875 0.1962890625
0 0.38818359375 0.38330078125 0.2236328125 0.1572265625
0 0.1982421875 0.1279296875 0.068359375 0.1015625
0 0.15673828125 0.32373046875 0.0947265625 0.0830078125
0 0.5556640625 0.33642578125 0.078125 0.0830078125
0 0.05615234375 0.0810546875 0.0830078125 0.12890625
0 0.0439453125 0.2451171875 0.087890625 0.138671875
0 0.0595703125 0.79931640625 0.10546875 0.0947265625
0 0.04931640625 0.94580078125 0.0947265625 0.1083984375
0 0.08642578125 0.0302734375 0.1103515625 0.056640625
0 0.1240234375 0.109375 0.060546875 0.11328125
0 0.099609375 0.1865234375 0.076171875 0.142578125
