0 0.93212890625 0.099609375 0.0751953125 0.107421875
0 0.44970703125 0.29931640625 0.1005859375 0.0537109375
0 0.51611328125 0.7255859375 0.1259765625 0.08203125
0 0.12353515625 0.18310546875 0.1044921875 0.0791015625
0 0.193359375 0.77587890625 0.15625 0.0771484375
0 0.79931640625 0.96728515625 0.0927734375 0.0615234375
0 0.9140625 0.2958984375 0.0859375 0.046875
0 0.31005859375 0.14892578125 0.1044921875 0.0771484375
0 0.24072265625 0.46044921875 0.1748046875 0.0595703125
0 0.54736328125 0.56982421875 0.0986328125 0.0517578125
0 0.06494140625 0.7607421875 0.1298828125 0.09375
0 0.9072265625 0.58251953125 0.146484375 0.0712890625
0 0.99169921875 0.56201171875 0.0166015625 0.0478515625
0 0.2568359375 0.85302734375 0.1015625 0.0986328125
0 0.61572265625 0.50830078125 0.1767578125 0.1044921875
0 0.78076171875 0.59619140625 0.1064453125 0.0888671875
0 0.494140625 0.84814453125 0.080078125 0.0458984375
0 0.87939453125 0.0869140625 0.0712890625 0.08984375
0 0.18359375 0.28271484375 0.177734375 0.0576171875
0 0.51708984375 0.0869140625 0.0908203125 0.0546875
0 0.24560546875 0.22265625 0.0458984375 0.060546875
0 0.58349609375 0.17138671875 0.0712890625 0.0712890625
0 0.3232421875 0.2626953125 0.09375 0.041015625
0 0.41015625 0.0478515625 0.14453125 0.095703125
0 0.03466796875 0.8076171875 0.0673828125 0.04296875
0 0.384765625 0.396484375 0.080078125 0.080078125
0 0.34912109375 0.6884765625 0.1181640625 0.060546875
0 0.271484375 0.9375 0.103515625 0.044921875
0 0.6953125 0.85546875 0.123046875 0.060546875
0 0.08740234375 0.982421875 0.1044921875 0.025390625
0 0.49560546875 0.2041015625 0.1005859375 0.03125
0 0.55859375 0.5224609375 0.064453125 0.03515625
0 0.87158203125 0.228515625 0.1708984375 0.0625
0 0.11767578125 0.88623046875 0.0732421875 0.0341796875
0 0.2138671875 0.36767578125 0.18359375 0.0751953125
0 0.7998046875 0.27783203125 0.08984375 0.0517578125
0 0.0615234375 0.5068359375 0.060546875 0.0625
0 0.91650390625 0.9873046875 0.0654296875 0.025390625
0 0.0712890625 0.83349609375 0.111328125 0.0224609375
0 0.0205078125 0.0771484375 0.041015625 0.04296875
0 0.83544921875 0.15087890625 0.1474609375 0.0810546875
0 0.3388671875 0.08447265625 0.126953125 0.1396484375
0 0.31689453125 0.02783203125 0.0908203125 0.0517578125
0 0.19140625 0.61572265625 0.205078125 0.0478515625
0 0.63134765625 0.7958984375 0.0830078125 0.037109375
0 0.72607421875 0.08349609375 0.0458984375 0.0341796875
0 0.322265625 0.2294921875 0.04296875 0.03515625
0 0.8505859375 0.5107421875 0.083984375 0.095703125
0 0.23486328125 0.341796875 0.1142578125 0.048828125
0 0.43603515625 0.41259765625 0.0927734375 0.1064453125
0 0.25830078125 0.41162109375 0.1201171875 0.0556640625
0 0.2119140625 0.5078125 0.0703125 0.04296875
0 0.21435546875 0.21484375 0.0771484375 0.041015625
0 0.89599609375 0.52685546875 0.0927734375 0.0517578125
0 0.77880859375 0.1318359375 0.0986328125 0.0703125
0 0.07275390625 0.55126953125 0.1298828125 0.0498046875
0 0.369140625 0.88232421875 0.0625 0.0556640625
0 0.529296875 0.95556640625 0.0703125 0.0478515625
0 0.591796875 0.935546875 0.09375 0.04296875
0 0.5986328125 0.97314453125 0.099609375 0.0537109375
