0 0.7880859375 0.35009765625 0.09765625 0.0673828125
0 0.22021484375 0.69140625 0.1025390625 0.064453125
0 0.2421875 0.62841796875 0.064453125 0.0654296875
0 0.548828125 0.50390625 0.09375 0.083984375
0 0.91650390625 0.28515625 0.0810546875 0.0703125
0 0.154296875 0.26953125 0.09375 0.076171875
0 0.1728515625 0.62353515625 0.099609375 0.0595703125
0 0.27392578125 0.30517578125 0.0966796875 0.0712890625
0 0.06201171875 0.6123046875 0.1103515625 0.078125
0 0.6708984375 0.54638671875 0.080078125 0.0556640625
0 0.31640625 0.7490234375 0.107421875 0.064453125
0 0.931640625 0.59619140625 0.07421875 0.0517578125
0 0.103515625 0.451171875 0.12109375 0.078125
0 0.29443359375 0.173828125 0.0986328125 0.041015625
0 0.4921875 0.1650390625 0.083984375 0.0546875
0 0.08349609375 0.13818359375 0.0986328125 0.0595703125
0 0.56591796875 0.18115234375 0.0791015625 0.0458984375
0 0.6787109375 0.44189453125 0.09765625 0.0458984375
0 0.76416015625 0.6455078125 0.0634765625 0.0390625
0 0.8359375 0.9765625 0.1015625 0.037109375
0 0.1328125 0.02490234375 0.095703125 0.0498046875
0 0.43017578125 0.654296875 0.1220703125 0.072265625
0 0.77197265625 0.45654296875 0.0517578125 0.0380859375
0 0.9775390625 0.6796875 0.044921875 0.046875
0 0.0546875 0.2509765625 0.10546875 0.048828125
0 0.5009765625 0.12451171875 0.091796875 0.0498046875
0 0.12353515625 0.701171875 0.1318359375 0.041015625
0 0.77734375 0.06640625 0.123046875 0.0703125
0 0.2255859375 0.359375 0.095703125 0.03125
0 0.67431640625 0.39208984375 0.0556640625 0.0654296875
0 0.81103515625 0.474609375 0.0869140625 0.0390625
0 0.42578125 0.69384765625 0.091796875 0.0517578125
0 0.5498046875 0.69677734375 0.05078125 0.0927734375
0 0.767578125 0.73193359375 0.052734375 0.0498046875
0 0.06640625 0.7470703125 0.130859375 0.041015625
0 0.36083984375 0.640625 0.0751953125 0.044921875
0 0.48291015625 0.0302734375 0.0947265625 0.033203125
0 0.63671875 0.66162109375 0.056640625 0.0361328125
0 0.5244140625 0.27294921875 0.05859375 0.0478515625
0 0.75341796875 0.75341796875 0.0888671875 0.0380859375
0 0.6083984375 0.41455078125 0.09765625 0.0654296875
0 0.2265625 0.5419921875 0.15234375 0.046875
0 0.43115234375 0.4873046875 0.1279296875 0.041015625
0 0.58984375 0.9814453125 0.0625 0.033203125
0 0.16748046875 0.42138671875 0.1064453125 0.0341796875
0 0.90234375 0.03955078125 0.09375 0.0322265625
0 0.05517578125 0.3740234375 0.1103515625 0.04296875
0 0.28759765625 0.9580078125 0.1025390625 0.041015625
0 0.17724609375 0.98046875 0.0966796875 0.0390625
0 0.28955078125 0.8388671875 0.1142578125 0.0390625
0 0.23193359375 0.79541015625 0.0947265625 0.0458984375
0 0.08349609375 0.93701171875 0.1591796875 0.0595703125
0 0.98291015625 0.46240234375 0.0341796875 0.0439453125
0 0.1357421875 0.0576171875 0.134765625 0.05859375
0 0.931640625 0.7919921875 0.091796875 0.041015625
0 0.03759765625 0.8720703125 0.0751953125 0.025390625
0 0.45263671875 0.52197265625 0.1005859375 0.0478515625
0 0.5556640625 0.78271484375 0.138671875 0.0537109375
0 0.95166015625 0.54150390625 0.0458984375 0.0205078125
0 0.7998046875 0.14990234375 0.091796875 0.0400390625
0 0.13427734375 0.88134765625 0.1220703125 0.0322265625
0 0.966796875 0.9931640625 0.0546875 0.013671875
0 0.861328125 0.0908203125 0.037109375 0.076171875
0 0.1845703125 0.193359375 0.0859375 0.05078125
0 0.86474609375 0.50244140625 0.0908203125 0.0419921875
0 0.58837890625 0.83447265625 0.0966796875 0.0380859375
0 0.904296875 0.779296875 0.044921875 0.033203125
0 0.5537109375 0.92041015625 0.09765625 0.0498046875
0 0.0888671875 0.20751953125 0.115234375 0.0673828125
0 0.9677734375 0.193359375 0.064453125 0.052734375
0 0.25732421875 0.7763671875 0.1142578125 0.048828125
0 0.07177734375 0.2939453125 0.0751953125 0.037109375
0 0.32080078125 0.59814453125 0.0966796875 0.0341796875
0 0.564453125 0.404296875 0.05859375 0.0546875
0 0.1474609375 0.1455078125 0.064453125 0.05859375
0 0.0390625 0.10009765625 0.076171875 0.0302734375
0 0.64306640625 0.884765625 0.0498046875 0.03125
0 0.4345703125 0.44189453125 0.1015625 0.0556640625
0 0.08984375 0.60302734375 0.0859375 0.0498046875
0 0.07470703125 0.9091796875 0.1259765625 0.0390625
0 0.29638671875 0.9716796875 0.0966796875 0.03125
0 0.50146484375 0.9267578125 0.0849609375 0.03125
0 0.53466796875 0.8330078125 0.1005859375 0.076171875
0 0.28564453125 0.8671875 0.0927734375 0.02734375
0 0.75 0.43310546875 0.078125 0.0498046875
0 0.07275390625 0.43603515625 0.1416015625 0.0439453125
0 0.0283203125 0.337890625 0.056640625 0.033203125
0 0.02392578125 0.19287109375 0.0478515625 0.0654296875
0 0.04052734375 0.01904296875 0.0810546875 0.0380859375
