0 0.08642578125 0.91748046875 0.0908203125 0.1103515625
0 0.75439453125 0.3740234375 0.0751953125 0.072265625
0 0.76806640625 0.28173828125 0.1220703125 0.0986328125
0 0.4677734375 0.576171875 0.087890625 0.060546875
0 0.12109375 0.36181640625 0.109375 0.0693359375
0 0.8125 0.74072265625 0.087890625 0.0849609375
0 0.39453125 0.95361328125 0.11328125 0.0654296875
0 0.38427734375 0.07958984375 0.1025390625 0.0908203125
0 0.30029296875 0.19580078125 0.0732421875 0.0693359375
0 0.21044921875 0.15087890625 0.0830078125 0.0947265625
0 0.84033203125 0.548828125 0.0869140625 0.103515625
0 0.53125 0.58203125 0.072265625 0.08203125
0 0.75 0.62646484375 0.123046875 0.0888671875
0 0.63720703125 0.64501953125 0.0771484375 0.0537109375
0 0.79150390625 0.25732421875 0.0830078125 0.0595703125
0 0.88720703125 0.3701171875 0.0927734375 0.072265625
0 0.92626953125 0.19189453125 0.1005859375 0.1240234375
0 0.17822265625 0.05419921875 0.1005859375 0.0537109375
0 0.18359375 0.6435546875 0.08203125 0.048828125
0 0.369140625 0.37158203125 0.091796875 0.1357421875
0 0.9326171875 0.3583984375 0.1328125 0.078125
0 0.62158203125 0.06640625 0.0947265625 0.095703125
0 0.29833984375 0.8935546875 0.0634765625 0.07421875
0 0.033203125 0.28955078125 0.06640625 0.1181640625
0 0.5830078125 0.69140625 0.154296875 0.044921875
0 0.45361328125 0.318359375 0.1318359375 0.060546875
0 0.4189453125 0.89013671875 0.083984375 0.0888671875
0 0.59765625 0.556640625 0.10546875 0.1328125
0 0.55419921875 0.47119140625 0.1337890625 0.1162109375
0 0.85009765625 0.431640625 0.0693359375 0.05078125
0 0.15185546875 0.92236328125 0.0771484375 0.0966796875
0 0.4345703125 0.02587890625 0.05859375 0.0517578125
0 0.7861328125 0.8525390625 0.0859375 0.083984375
0 0.2978515625 0.330078125 0.087890625 0.103515625
0 0.03125 0.896484375 0.0625 0.068359375
0 0.86181640625 0.20849609375 0.0732421875 0.0986328125
0 0.1083984375 0.25146484375 0.08203125 0.0458984375
0 0.552734375 0.900390625 0.154296875 0.109375
0 0.306640625 0.2783203125 0.099609375 0.064453125
0 0.97021484375 0.62548828125 0.0595703125 0.0810546875
0 0.5361328125 0.04296875 0.11328125 0.060546875
0 0.3818359375 0.79443359375 0.125 0.0771484375
0 0.87158203125 0.1748046875 0.0830078125 0.12109375
0 0.5703125 0.29931640625 0.056640625 0.0615234375
0 0.94189453125 0.7763671875 0.0673828125 0.046875
0 0.91455078125 0.98046875 0.0517578125 0.0390625
0 0.35595703125 0.2021484375 0.0810546875 0.078125
0 0.39794921875 0.978515625 0.0791015625 0.041015625
0 0.26025390625 0.34228515625 0.0732421875 0.0458984375
0 0.44677734375 0.25244140625 0.1064453125 0.0771484375
0 0.193359375 0.96826171875 0.08984375 0.0634765625
0 0.66357421875 0.02294921875 0.0400390625 0.0458984375
0 0.97216796875 0.017578125 0.0458984375 0.03515625
0 0.86474609375 0.01513671875 0.0400390625 0.0302734375
0 0.04052734375 0.19384765625 0.0810546875 0.0869140625
0 0.94287109375 0.57861328125 0.0654296875 0.0498046875
0 0.2177734375 0.36767578125 0.076171875 0.0263671875
0 0.435546875 0.23876953125 0.130859375 0.1025390625
0 0.65576171875 0.984375 0.0654296875 0.03125
0 0.5087890625 0.783203125 0.208984375 0.07421875
0 0.23046875 0.04833984375 0.126953125 0.0947265625
