0 0.97607421875 0.1845703125 0.0478515625 0.03515625
0 0.93994140625 0.130859375 0.0634765625 0.07421875
0 0.92822265625 0.234375 0.0341796875 0.037109375
0 0.81201171875 0.06005859375 0.0517578125 0.0654296875
0 0.748046875 0.11767578125 0.046875 0.0537109375
0 0.9140625 0.0126953125 0.09375 0.025390625
0 0.78125 0.30419921875 0.041015625 0.0400390625
0 0.7646484375 0.3095703125 0.0703125 0.052734375
0 0.82373046875 0.2802734375 0.0673828125 0.111328125
0 0.7509765625 0.3427734375 0.041015625 0.03125
0 0.49365234375 0.32470703125 0.0400390625 0.0517578125
0 0.60400390625 0.30224609375 0.0693359375 0.0419921875
0 0.6083984375 0.27880859375 0.068359375 0.0576171875
0 0.5126953125 0.1015625 0.080078125 0.04296875
0 0.455078125 0.056640625 0.099609375 0.05078125
0 0.30078125 0.25390625 0.087890625 0.048828125
0 0.3349609375 0.25927734375 0.080078125 0.0634765625
0 0.17041015625 0.2880859375 0.0771484375 0.0390625
0 0.1005859375 0.30517578125 0.05078125 0.0498046875
0 0.22216796875 0.00830078125 0.0693359375 0.0166015625
0 0.0673828125 0.01611328125 0.080078125 0.0283203125
0 0.060546875 0.39697265625 0.07421875 0.0419921875
0 0.02099609375 0.345703125 0.0419921875 0.044921875
0 0.0986328125 0.884765625 0.091796875 0.03515625
0 0.80908203125 0.40234375 0.0712890625 0.041015625
0 0.6533203125 0.427734375 0.05859375 0.041015625
0 0.484375 0.38916015625 0.052734375 0.0400390625
0 0.7900390625 0.4970703125 0.083984375 0.0546875
0 0.78466796875 0.51318359375 0.0869140625 0.0478515625
0 0.60205078125 0.53564453125 0.0673828125 0.0341796875
0 0.82080078125 0.58837890625 0.0595703125 0.0498046875
0 0.93701171875 0.8818359375 0.0556640625 0.041015625
0 0.759765625 0.84765625 0.060546875 0.041015625
0 0.74169921875 0.79052734375 0.0830078125 0.0341796875
0 0.61376953125 0.8232421875 0.0791015625 0.0390625
0 0.54296875 0.80126953125 0.080078125 0.0517578125
0 0.57421875 0.892578125 0.064453125 0.037109375
0 0.4599609375 0.833984375 0.0546875 0.05859375
0 0.505859375 0.921875 0.09375 0.04296875
0 0.7587890625 0.947265625 0.041015625 0.060546875
0 0.9326171875 0.978515625 0.05859375 0.04296875
0 0.13720703125 0.44921875 0.0400390625 0.05859375
0 0.2041015625 0.90283203125 0.10546875 0.0439453125
0 0.34814453125 0.81298828125 0.0439453125 0.0380859375
0 0.41064453125 0.8779296875 0.0556640625 0.037109375
0 0.37744140625 0.9814453125 0.0693359375 0.03515625
