0 0.01953125 0.87939453125 0.0390625 0.0908203125
0 0.041015625 0.7783203125 0.0703125 0.0703125
0 0.15673828125 0.76123046875 0.0771484375 0.0830078125
0 0.27099609375 0.931640625 0.1357421875 0.13671875
0 0.11376953125 0.4462890625 0.0849609375 0.150390625
0 0.38818359375 0.73876953125 0.1650390625 0.0966796875
0 0.3173828125 0.80419921875 0.103515625 0.0791015625
0 0.5859375 0.6669921875 0.111328125 0.099609375
0 0.70947265625 0.6376953125 0.0732421875 0.056640625
0 0.8525390625 0.576171875 0.107421875 0.107421875
0 0.845703125 0.68115234375 0.12109375 0.0869140625
0 0.85107421875 0.82568359375 0.0927734375 0.0849609375
0 0.63916015625 0.9169921875 0.0869140625 0.123046875
0 0.5439453125 0.81298828125 0.076171875 0.0810546875
0 0.9384765625 0.83935546875 0.119140625 0.1142578125
0 0.93603515625 0.93115234375 0.0927734375 0.0732421875
0 0.6728515625 0.4765625 0.138671875 0.083984375
0 0.53369140625 0.46533203125 0.0771484375 0.0751953125
0 0.56494140625 0.38427734375 0.0810546875 0.0771484375
0 0.61328125 0.18896484375 0.103515625 0.0810546875
0 0.76806640625 0.24560546875 0.0673828125 0.0537109375
0 0.8564453125 0.24462890625 0.09375 0.0693359375
0 0.9765625 0.25439453125 0.046875 0.0517578125
0 0.58203125 0.0166015625 0.14453125 0.033203125
0 0.400390625 0.01416015625 0.08984375 0.0283203125
0 0.41015625 0.3232421875 0.091796875 0.119140625
0 0.673828125 0.10400390625 0.150390625 0.1044921875
0 0.68212890625 0.16552734375 0.0634765625 0.0537109375
0 0.65234375 0.60791015625 0.095703125 0.0927734375
0 0.45458984375 0.15966796875 0.1025390625 0.0576171875
