0 0.73193359375 0.20703125 0.0693359375 0.115234375
0 0.97607421875 0.81689453125 0.0478515625 0.0849609375
0 0.5830078125 0.697265625 0.107421875 0.099609375
0 0.828125 0.814453125 0.1328125 0.154296875
0 0.541015625 0.4619140625 0.08203125 0.080078125
0 0.90869140625 0.916015625 0.1025390625 0.1171875
0 0.8681640625 0.640625 0.087890625 0.078125
0 0.60595703125 0.5771484375 0.0830078125 0.08984375
0 0.36474609375 0.6630859375 0.0498046875 0.04296875
0 0.0234375 0.7783203125 0.04296875 0.078125
