0 0.88330078125 0.02490234375 0.1591796875 0.0498046875
0 0.7802734375 0.16796875 0.09765625 0.068359375
0 0.7470703125 0.69189453125 0.140625 0.1337890625
0 0.90234375 0.69091796875 0.1953125 0.1689453125
0 0.814453125 0.259765625 0.095703125 0.09375
0 0.30859375 0.5126953125 0.220703125 0.06640625
0 0.4248046875 0.3037109375 0.083984375 0.07421875
0 0.341796875 0.02197265625 0.083984375 0.0439453125
0 0.05322265625 0.1318359375 0.1064453125 0.091796875
0 0.14892578125 0.67724609375 0.0986328125 0.0751953125
0 0.84912109375 0.82421875 0.0986328125 0.134765625
0 0.01513671875 0.70849609375 0.0302734375 0.0634765625
0 0.03564453125 0.64501953125 0.0712890625 0.0615234375
0 0.015625 0.00341796875 0.03125 0.0068359375
0 0.13232421875 0.3134765625 0.1259765625 0.083984375
0 0.2890625 0.40673828125 0.0703125 0.0830078125
0 0.28076171875 0.0419921875 0.0927734375 0.083984375
0 0.24462890625 0.115234375 0.0537109375 0.044921875
0 0.04443359375 0.85693359375 0.0888671875 0.1201171875
0 0.03076171875 0.97314453125 0.0615234375 0.0537109375
0 0.18701171875 0.8662109375 0.0693359375 0.09765625
0 0.1015625 0.9208984375 0.0546875 0.048828125
0 0.2998046875 0.771484375 0.0703125 0.091796875
0 0.2412109375 0.9375 0.068359375 0.05859375
0 0.15576171875 0.94482421875 0.0732421875 0.0498046875
0 0.091796875 0.38427734375 0.0859375 0.0595703125
0 0.37255859375 0.70166015625 0.0693359375 0.0634765625
0 0.353515625 0.75830078125 0.107421875 0.1162109375
0 0.54541015625 0.83251953125 0.0810546875 0.0810546875
0 0.43408203125 0.962890625 0.0673828125 0.07421875
0 0.53271484375 0.9248046875 0.0908203125 0.146484375
0 0.4970703125 0.12060546875 0.07421875 0.0732421875
0 0.61962890625 0.037109375 0.0673828125 0.07421875
0 0.50537109375 0.0185546875 0.0556640625 0.037109375
0 0.59814453125 0.2060546875 0.0693359375 0.072265625
0 0.86181640625 0.091796875 0.1064453125 0.080078125
0 0.3720703125 0.57666015625 0.08984375 0.0595703125
0 0.48095703125 0.57373046875 0.1357421875 0.0693359375
0 0.51513671875 0.6748046875 0.1083984375 0.068359375
0 0.521484375 0.716796875 0.111328125 0.05859375
0 0.76806640625 0.91845703125 0.0888671875 0.1259765625
0 0.9033203125 0.9169921875 0.091796875 0.05859375
0 0.95947265625 0.5009765625 0.0810546875 0.0546875
0 0.41552734375 0.4775390625 0.0693359375 0.076171875
0 0.00927734375 0.07373046875 0.0185546875 0.0419921875
