0 0.81494140625 0.158203125 0.1435546875 0.06640625
0 0.22314453125 0.3935546875 0.0927734375 0.107421875
0 0.9599609375 0.90087890625 0.080078125 0.0771484375
0 0.447265625 0.32177734375 0.08984375 0.1103515625
0 0.9384765625 0.72314453125 0.123046875 0.1376953125
0 0.33837890625 0.453125 0.0830078125 0.078125
0 0.75927734375 0.41455078125 0.1298828125 0.1005859375
0 0.92236328125 0.1181640625 0.0751953125 0.087890625
0 0.89599609375 0.365234375 0.0556640625 0.08984375
0 0.24951171875 0.61962890625 0.0791015625 0.0947265625
0 0.22216796875 0.2958984375 0.1044921875 0.09765625
0 0.42333984375 0.4833984375 0.0771484375 0.08203125
0 0.87060546875 0.4697265625 0.0830078125 0.08984375
0 0.16015625 0.73779296875 0.076171875 0.0615234375
0 0.82958984375 0.85302734375 0.0751953125 0.0849609375
0 0.3154296875 0.29248046875 0.0390625 0.0751953125
0 0.9609375 0.501953125 0.078125 0.10546875
0 0.48095703125 0.126953125 0.1025390625 0.07421875
0 0.3486328125 0.029296875 0.072265625 0.05859375
0 0.1064453125 0.05712890625 0.09765625 0.1025390625
0 0.39111328125 0.25439453125 0.0576171875 0.0654296875
0 0.037109375 0.0908203125 0.0703125 0.09765625
0 0.83984375 0.19677734375 0.048828125 0.0537109375
0 0.36474609375 0.35595703125 0.0400390625 0.0341796875
0 0.2177734375 0.5166015625 0.041015625 0.046875
