0 0.97216796875 0.3466796875 0.0556640625 0.0859375
0 0.89404296875 0.2802734375 0.0654296875 0.095703125
0 0.939453125 0.40966796875 0.060546875 0.0537109375
0 0.75439453125 0.4072265625 0.0791015625 0.091796875
0 0.67529296875 0.29541015625 0.0654296875 0.0732421875
0 0.56640625 0.23583984375 0.068359375 0.1064453125
0 0.556640625 0.32958984375 0.068359375 0.0830078125
0 0.580078125 0.46240234375 0.05078125 0.0732421875
0 0.39306640625 0.3056640625 0.0595703125 0.109375
0 0.31982421875 0.328125 0.0908203125 0.107421875
0 0.375 0.16357421875 0.0859375 0.1044921875
0 0.48291015625 0.14892578125 0.0615234375 0.1318359375
0 0.9404296875 0.03564453125 0.05859375 0.0712890625
0 0.818359375 0.044921875 0.0703125 0.0703125
0 0.56591796875 0.02685546875 0.0869140625 0.0537109375
0 0.408203125 0.01953125 0.103515625 0.0390625
0 0.14453125 0.03466796875 0.080078125 0.0693359375
0 0.15283203125 0.275390625 0.0673828125 0.0859375
0 0.21484375 0.35888671875 0.072265625 0.0849609375
0 0.27783203125 0.47216796875 0.0908203125 0.0888671875
0 0.1435546875 0.3369140625 0.060546875 0.056640625
0 0.05419921875 0.255859375 0.0869140625 0.125
0 0.03662109375 0.4423828125 0.0732421875 0.1015625
0 0.21044921875 0.58935546875 0.0576171875 0.0634765625
0 0.49609375 0.546875 0.06640625 0.05859375
0 0.37158203125 0.70849609375 0.0673828125 0.0869140625
0 0.17431640625 0.65966796875 0.1376953125 0.0517578125
0 0.06396484375 0.65380859375 0.1123046875 0.0556640625
0 0.57080078125 0.6923828125 0.0673828125 0.05859375
0 0.529296875 0.72119140625 0.05078125 0.0615234375
0 0.67822265625 0.74462890625 0.0595703125 0.0732421875
0 0.685546875 0.82080078125 0.060546875 0.0791015625
0 0.603515625 0.82763671875 0.060546875 0.0888671875
0 0.33447265625 0.80029296875 0.0986328125 0.0849609375
0 0.25634765625 0.82763671875 0.1337890625 0.0712890625
0 0.150390625 0.85546875 0.0546875 0.0625
0 0.04345703125 0.81640625 0.0869140625 0.05859375
0 0.029296875 0.9150390625 0.05859375 0.06640625
0 0.21044921875 0.96728515625 0.0654296875 0.0654296875
0 0.361328125 0.92138671875 0.07421875 0.0615234375
0 0.4501953125 0.91650390625 0.07421875 0.0693359375
0 0.7333984375 0.93359375 0.080078125 0.08203125
0 0.97265625 0.74267578125 0.0546875 0.0771484375
0 0.85009765625 0.64111328125 0.1005859375 0.0654296875
0 0.8681640625 0.70166015625 0.05859375 0.0615234375
0 0.1748046875 0.7294921875 0.05078125 0.048828125
0 0.787109375 0.8994140625 0.05078125 0.048828125
0 0.8623046875 0.576171875 0.068359375 0.03515625
0 0.482421875 0.31787109375 0.05859375 0.0751953125
0 0.7080078125 0.7451171875 0.048828125 0.076171875
