0 0.07373046875 0.916015625 0.1474609375 0.109375
0 0.1015625 0.83154296875 0.103515625 0.0556640625
0 0.1181640625 0.7421875 0.1015625 0.107421875
0 0.037109375 0.6015625 0.07421875 0.107421875
0 0.091796875 0.52197265625 0.130859375 0.0634765625
0 0.25439453125 0.50439453125 0.0751953125 0.2255859375
0 0.29052734375 0.6640625 0.0634765625 0.07421875
0 0.30078125 0.78759765625 0.1015625 0.1611328125
0 0.44921875 0.76953125 0.119140625 0.1328125
0 0.54296875 0.68505859375 0.1328125 0.2666015625
0 0.45068359375 0.4697265625 0.0751953125 0.1015625
0 0.61962890625 0.49072265625 0.0830078125 0.1318359375
0 0.81201171875 0.63134765625 0.1064453125 0.1318359375
0 0.4990234375 0.92578125 0.095703125 0.1484375
0 0.74365234375 0.80712890625 0.0927734375 0.1298828125
0 0.92578125 0.91796875 0.1328125 0.0859375
0 0.94482421875 0.654296875 0.0830078125 0.1484375
0 0.837890625 0.345703125 0.126953125 0.119140625
0 0.37890625 0.31591796875 0.13671875 0.1748046875
0 0.2275390625 0.13525390625 0.09375 0.1103515625
0 0.1484375 0.19189453125 0.060546875 0.0810546875
0 0.03173828125 0.150390625 0.0634765625 0.1171875
0 0.01708984375 0.28955078125 0.0341796875 0.0849609375
0 0.09765625 0.3984375 0.1953125 0.09765625
0 0.1689453125 0.02294921875 0.103515625 0.0458984375
0 0.423828125 0.02197265625 0.09375 0.0439453125
0 0.36083984375 0.60302734375 0.0966796875 0.0927734375
0 0.453125 0.35986328125 0.09765625 0.1611328125
