0 0.06103515625 0.4345703125 0.1220703125 0.078125
0 0.10107421875 0.62451171875 0.2021484375 0.0849609375
0 0.810546875 0.4208984375 0.107421875 0.08203125
0 0.103515625 0.79443359375 0.15234375 0.0751953125
0 0.6923828125 0.3271484375 0.134765625 0.125
0 0.828125 0.6259765625 0.1171875 0.072265625
0 0.85205078125 0.80322265625 0.1044921875 0.0673828125
0 0.70703125 0.18310546875 0.10546875 0.0771484375
0 0.73095703125 0.03369140625 0.1376953125 0.0673828125
0 0.0673828125 0.91162109375 0.09375 0.0537109375
0 0.94189453125 0.087890625 0.0947265625 0.0625
0 0.9296875 0.7724609375 0.08984375 0.080078125
0 0.90380859375 0.9765625 0.0908203125 0.046875
0 0.94482421875 0.17431640625 0.1103515625 0.0654296875
0 0.95654296875 0.9716796875 0.0791015625 0.056640625
0 0.9765625 0.7138671875 0.046875 0.076171875
