0 0.01513671875 0.11083984375 0.0302734375 0.0966796875
0 0.60009765625 0.451171875 0.0498046875 0.091796875
0 0.7041015625 0.42138671875 0.041015625 0.0947265625
0 0.69873046875 0.65771484375 0.0673828125 0.0732421875
0 0.71435546875 0.52001953125 0.0693359375 0.0595703125
0 0.77685546875 0.17529296875 0.0595703125 0.0751953125
0 0.20556640625 0.11572265625 0.0283203125 0.0908203125
0 0.62158203125 0.630859375 0.0283203125 0.091796875
0 0.1318359375 0.0185546875 0.0546875 0.037109375
0 0.3212890625 0.177734375 0.076171875 0.0703125
0 0.4501953125 0.65576171875 0.103515625 0.0654296875
0 0.42919921875 0.0595703125 0.0654296875 0.05078125
0 0.892578125 0.2685546875 0.029296875 0.083984375
0 0.4951171875 0.20703125 0.083984375 0.078125
0 0.25390625 0.40380859375 0.15234375 0.1103515625
0 0.5947265625 0.05517578125 0.052734375 0.0576171875
0 0.98193359375 0.96435546875 0.0361328125 0.0673828125
0 0.14013671875 0.58935546875 0.0595703125 0.0673828125
0 0.54638671875 0.43701171875 0.0322265625 0.0751953125
0 0.0615234375 0.02392578125 0.068359375 0.0439453125
0 0.3076171875 0.12890625 0.05078125 0.072265625
0 0.689453125 0.3017578125 0.060546875 0.076171875
0 0.8583984375 0.9736328125 0.029296875 0.052734375
0 0.6884765625 0.0888671875 0.0703125 0.06640625
0 0.39453125 0.7978515625 0.126953125 0.052734375
0 0.2763671875 0.61572265625 0.068359375 0.0439453125
0 0.97509765625 0.85205078125 0.0400390625 0.0966796875
0 0.89990234375 0.671875 0.0576171875 0.0546875
0 0.49609375 0.01220703125 0.046875 0.0244140625
0 0.0908203125 0.6728515625 0.056640625 0.048828125
0 0.587890625 0.74365234375 0.0703125 0.0419921875
0 0.2041015625 0.6162109375 0.046875 0.041015625
0 0.24462890625 0.8701171875 0.0634765625 0.05078125
0 0.3857421875 0.283203125 0.029296875 0.0625
0 0.7373046875 0.3056640625 0.0703125 0.046875
0 0.140625 0.4521484375 0.05859375 0.064453125
0 0.4775390625 0.10546875 0.048828125 0.02734375
0 0.259765625 0.10791015625 0.05859375 0.0517578125
0 0.4912109375 0.154296875 0.0546875 0.05859375
0 0.9814453125 0.50048828125 0.03125 0.0732421875
0 0.29150390625 0.04345703125 0.0595703125 0.0537109375
0 0.6669921875 0.83544921875 0.025390625 0.0908203125
0 0.6513671875 0.82958984375 0.0234375 0.0869140625
0 0.02294921875 0.52294921875 0.0458984375 0.0419921875
0 0.931640625 0.42822265625 0.05078125 0.0947265625
0 0.27734375 0.626953125 0.068359375 0.046875
0 0.8955078125 0.04248046875 0.05859375 0.0361328125
0 0.98291015625 0.57421875 0.0302734375 0.044921875
0 0.56640625 0.2890625 0.037109375 0.029296875
0 0.96484375 0.349609375 0.056640625 0.03125
0 0.65673828125 0.119140625 0.0458984375 0.06640625
0 0.2666015625 0.47509765625 0.0703125 0.1494140625
0 0.76416015625 0.458984375 0.0244140625 0.08203125
0 0.30419921875 0.55029296875 0.0595703125 0.0517578125
0 0.54345703125 0.5771484375 0.1611328125 0.126953125
0 0.3515625 0.013671875 0.046875 0.02734375
