0 0.2373046875 0.6044921875 0.134765625 0.115234375
0 0.83837890625 0.3447265625 0.0927734375 0.099609375
0 0.70703125 0.97705078125 0.08984375 0.0458984375
0 0.1220703125 0.5830078125 0.08984375 0.072265625
0 0.46044921875 0.3173828125 0.1025390625 0.08984375
0 0.57080078125 0.92431640625 0.1279296875 0.0751953125
0 0.91455078125 0.640625 0.0947265625 0.087890625
0 0.1630859375 0.9736328125 0.08203125 0.052734375
0 0.6884765625 0.32861328125 0.126953125 0.1123046875
0 0.03466796875 0.14453125 0.0693359375 0.109375
0 0.31591796875 0.41943359375 0.0771484375 0.1201171875
0 0.91064453125 0.44580078125 0.0673828125 0.0732421875
0 0.10546875 0.86181640625 0.107421875 0.0947265625
0 0.1396484375 0.224609375 0.125 0.134765625
0 0.79345703125 0.94287109375 0.0830078125 0.1025390625
0 0.76806640625 0.51953125 0.0830078125 0.0703125
0 0.70556640625 0.3994140625 0.1025390625 0.060546875
0 0.689453125 0.63671875 0.095703125 0.080078125
0 0.62841796875 0.7607421875 0.1220703125 0.087890625
0 0.7294921875 0.7119140625 0.154296875 0.0703125
0 0.2197265625 0.8310546875 0.150390625 0.1171875
0 0.87939453125 0.8642578125 0.0751953125 0.0703125
0 0.537109375 0.978515625 0.095703125 0.04296875
0 0.408203125 0.64697265625 0.123046875 0.1357421875
0 0.53466796875 0.4619140625 0.1044921875 0.099609375
0 0.48095703125 0.197265625 0.0771484375 0.125
0 0.5029296875 0.62841796875 0.072265625 0.1220703125
0 0.7109375 0.1630859375 0.0625 0.08203125
0 0.03662109375 0.80029296875 0.0732421875 0.1376953125
0 0.93701171875 0.79443359375 0.0654296875 0.0693359375
0 0.47314453125 0.0771484375 0.1220703125 0.150390625
0 0.591796875 0.60595703125 0.099609375 0.2021484375
0 0.3681640625 0.751953125 0.078125 0.125
0 0.7822265625 0.66845703125 0.0703125 0.0576171875
0 0.06201171875 0.435546875 0.0654296875 0.08203125
0 0.3271484375 0.279296875 0.0703125 0.0703125
0 0.74072265625 0.78369140625 0.0869140625 0.0673828125
0 0.13330078125 0.4619140625 0.1181640625 0.10546875
0 0.60888671875 0.03076171875 0.1044921875 0.0615234375
0 0.4794921875 0.72314453125 0.064453125 0.0771484375
0 0.8056640625 0.81689453125 0.09765625 0.0849609375
0 0.70458984375 0.05322265625 0.1044921875 0.1025390625
0 0.96826171875 0.4208984375 0.0576171875 0.0625
0 0.60302734375 0.52294921875 0.1123046875 0.1025390625
0 0.61328125 0.85791015625 0.068359375 0.0576171875
0 0.05615234375 0.32421875 0.1123046875 0.080078125
0 0.04833984375 0.55322265625 0.0419921875 0.0673828125
0 0.681640625 0.1220703125 0.080078125 0.0546875
0 0.77197265625 0.05712890625 0.1201171875 0.1142578125
0 0.98291015625 0.51904296875 0.0341796875 0.0732421875
0 0.96875 0.7109375 0.0625 0.107421875
0 0.1474609375 0.26806640625 0.080078125 0.1376953125
0 0.1494140625 0.4833984375 0.150390625 0.0625
0 0.6533203125 0.9130859375 0.087890625 0.04296875
0 0.35107421875 0.65673828125 0.0576171875 0.0947265625
0 0.4609375 0.658203125 0.052734375 0.072265625
0 0.501953125 0.45068359375 0.095703125 0.1767578125
0 0.45947265625 0.12548828125 0.0693359375 0.1474609375
0 0.41455078125 0.033203125 0.0556640625 0.0625
0 0.60595703125 0.0146484375 0.0947265625 0.029296875
0 0.84765625 0.068359375 0.08984375 0.13671875
0 0.2392578125 0.6259765625 0.125 0.052734375
0 0.55078125 0.76953125 0.072265625 0.109375
0 0.439453125 0.62548828125 0.0546875 0.0673828125
