0 0.88330078125 0.49072265625 0.1572265625 0.0673828125
0 0.84912109375 0.8544921875 0.0849609375 0.080078125
0 0.65576171875 0.9208984375 0.0947265625 0.126953125
0 0.76806640625 0.8408203125 0.0771484375 0.09765625
0 0.70458984375 0.37060546875 0.1357421875 0.0830078125
0 0.8232421875 0.2421875 0.078125 0.060546875
0 0.6005859375 0.4794921875 0.1171875 0.115234375
0 0.513671875 0.4521484375 0.0625 0.095703125
0 0.4189453125 0.12060546875 0.134765625 0.2412109375
0 0.53076171875 0.04345703125 0.0732421875 0.0869140625
0 0.9580078125 0.2080078125 0.083984375 0.126953125
0 0.40966796875 0.6181640625 0.0849609375 0.0625
0 0.9609375 0.0537109375 0.0625 0.107421875
0 0.65673828125 0.78076171875 0.1552734375 0.0576171875
0 0.7822265625 0.11962890625 0.099609375 0.0693359375
0 0.22607421875 0.8544921875 0.1923828125 0.080078125
0 0.60693359375 0.19580078125 0.1943359375 0.0966796875
0 0.6669921875 0.00732421875 0.07421875 0.0146484375
0 0.42919921875 0.83447265625 0.0947265625 0.1806640625
0 0.09912109375 0.5234375 0.1982421875 0.205078125
0 0.65966796875 0.72216796875 0.2744140625 0.1005859375
0 0.14453125 0.04345703125 0.140625 0.0869140625
0 0.0771484375 0.6533203125 0.150390625 0.072265625
0 0.73193359375 0.28955078125 0.0595703125 0.0595703125
0 0.58447265625 0.35693359375 0.1142578125 0.1298828125
0 0.0341796875 0.1005859375 0.068359375 0.189453125
0 0.8037109375 0.40185546875 0.0625 0.1044921875
0 0.12548828125 0.2919921875 0.1103515625 0.064453125
0 0.3681640625 0.72705078125 0.091796875 0.1494140625
0 0.61328125 0.6572265625 0.072265625 0.080078125
0 0.4970703125 0.53857421875 0.095703125 0.0576171875
0 0.931640625 0.1298828125 0.08984375 0.134765625
0 0.6884765625 0.251953125 0.1328125 0.060546875
0 0.69091796875 0.08740234375 0.1318359375 0.1748046875
0 0.32470703125 0.7607421875 0.0595703125 0.046875
0 0.025390625 0.5 0.05078125 0.091796875
0 0.12841796875 0.15234375 0.1630859375 0.212890625
0 0.39697265625 0.18798828125 0.0556640625 0.1728515625
0 0.01953125 0.32177734375 0.03515625 0.2099609375
0 0.0654296875 0.4716796875 0.08984375 0.04296875
0 0.5068359375 0.69580078125 0.0546875 0.0673828125
0 0.4521484375 0.787109375 0.0703125 0.115234375
0 0.56103515625 0.97705078125 0.1025390625 0.0458984375
0 0.12060546875 0.8955078125 0.0927734375 0.087890625
0 0.02587890625 0.80810546875 0.0478515625 0.0576171875
0 0.04296875 0.87109375 0.0859375 0.251953125
0 0.07373046875 0.87451171875 0.1123046875 0.2509765625
0 0.8359375 0.669921875 0.09765625 0.205078125
0 0.82177734375 0.64453125 0.1748046875 0.099609375
0 0.88818359375 0.6669921875 0.0517578125 0.05078125
0 0.93994140625 0.56494140625 0.1201171875 0.0810546875
0 0.97509765625 0.615234375 0.0380859375 0.0625
0 0.955078125 0.6884765625 0.08984375 0.17578125
