0 0.00634765625 0.30029296875 0.0126953125 0.0517578125
0 0.04296875 0.3427734375 0.0859375 0.064453125
0 0.00927734375 0.41748046875 0.0185546875 0.1142578125
0 0.20556640625 0.4033203125 0.0927734375 0.099609375
0 0.19189453125 0.0439453125 0.1806640625 0.083984375
0 0.54833984375 0.1484375 0.1435546875 0.09375
0 0.55810546875 0.0341796875 0.0673828125 0.068359375
0 0.36572265625 0.29736328125 0.1103515625 0.1044921875
0 0.43115234375 0.36083984375 0.0751953125 0.0810546875
0 0.6064453125 0.37744140625 0.08203125 0.0947265625
0 0.50537109375 0.43603515625 0.0810546875 0.1142578125
0 0.63916015625 0.47509765625 0.1064453125 0.0830078125
0 0.349609375 0.45947265625 0.095703125 0.0927734375
0 0.25830078125 0.5302734375 0.0947265625 0.095703125
0 0.81787109375 0.38720703125 0.1533203125 0.1435546875
0 0.62353515625 0.583984375 0.1552734375 0.111328125
0 0.49951171875 0.68408203125 0.1376953125 0.1044921875
0 0.3525390625 0.673828125 0.109375 0.12109375
0 0.02197265625 0.69970703125 0.0439453125 0.0693359375
0 0.39013671875 0.87841796875 0.1044921875 0.0654296875
0 0.17236328125 0.92578125 0.0810546875 0.09375
0 0.09716796875 0.80322265625 0.0634765625 0.0888671875
0 0.4951171875 0.82177734375 0.123046875 0.0830078125
0 0.6689453125 0.88525390625 0.087890625 0.1669921875
0 0.75244140625 0.74853515625 0.0751953125 0.0869140625
0 0.81689453125 0.67626953125 0.0654296875 0.0771484375
0 0.93505859375 0.904296875 0.1083984375 0.1328125
0 0.95849609375 0.66552734375 0.0830078125 0.0908203125
0 0.96923828125 0.47265625 0.0615234375 0.103515625
0 0.9775390625 0.06982421875 0.044921875 0.0908203125
0 0.91552734375 0.19775390625 0.0869140625 0.0537109375
0 0.89599609375 0.25732421875 0.0927734375 0.0732421875
0 0.98779296875 0.21240234375 0.0244140625 0.0869140625
0 0.04248046875 0.02685546875 0.0791015625 0.0537109375
0 0.841796875 0.36328125 0.095703125 0.083984375
