0 0.02001953125 0.1025390625 0.0400390625 0.12890625
0 0.0302734375 0.25537109375 0.060546875 0.0888671875
0 0.06103515625 0.35302734375 0.0966796875 0.0693359375
0 0.21875 0.18994140625 0.076171875 0.0927734375
0 0.287109375 0.39501953125 0.0703125 0.1865234375
0 0.19384765625 0.30322265625 0.0771484375 0.0810546875
0 0.12841796875 0.47265625 0.0849609375 0.091796875
0 0.22021484375 0.43017578125 0.0634765625 0.0966796875
0 0.36279296875 0.37109375 0.0693359375 0.12890625
0 0.49951171875 0.3935546875 0.0693359375 0.076171875
0 0.5537109375 0.2646484375 0.126953125 0.107421875
0 0.396484375 0.02490234375 0.1015625 0.0498046875
0 0.138671875 0.029296875 0.083984375 0.05859375
0 0.5927734375 0.02685546875 0.11328125 0.0537109375
0 0.85205078125 0.046875 0.0869140625 0.09375
0 0.70458984375 0.23583984375 0.0986328125 0.1005859375
0 0.85791015625 0.232421875 0.0947265625 0.115234375
0 0.58740234375 0.43701171875 0.0791015625 0.1103515625
0 0.59033203125 0.5498046875 0.0732421875 0.134765625
0 0.2568359375 0.64306640625 0.142578125 0.1591796875
0 0.02294921875 0.73193359375 0.0458984375 0.0927734375
0 0.1103515625 0.91455078125 0.08984375 0.0888671875
0 0.16064453125 0.80126953125 0.0849609375 0.0849609375
0 0.4228515625 0.94873046875 0.158203125 0.0751953125
0 0.328125 0.986328125 0.169921875 0.02734375
0 0.83837890625 0.9794921875 0.0498046875 0.041015625
0 0.49169921875 0.72607421875 0.1337890625 0.0888671875
0 0.9873046875 0.14306640625 0.025390625 0.0673828125
0 0.892578125 0.37646484375 0.0859375 0.1005859375
0 0.95263671875 0.54638671875 0.0712890625 0.0791015625
0 0.62255859375 0.80908203125 0.0693359375 0.0693359375
0 0.892578125 0.734375 0.078125 0.091796875
0 0.39697265625 0.5400390625 0.1064453125 0.099609375
