0 0.0185546875 0.365234375 0.037109375 0.068359375
0 0.04248046875 0.54345703125 0.0849609375 0.1572265625
0 0.0712890625 0.6455078125 0.095703125 0.064453125
0 0.05517578125 0.84619140625 0.0576171875 0.0986328125
0 0.04052734375 0.02734375 0.0810546875 0.0546875
0 0.5576171875 0.02734375 0.091796875 0.0546875
0 0.6982421875 0.15478515625 0.087890625 0.0966796875
0 0.578125 0.27099609375 0.0859375 0.1103515625
0 0.39990234375 0.27587890625 0.1611328125 0.0732421875
0 0.322265625 0.23291015625 0.12890625 0.0849609375
0 0.17041015625 0.23974609375 0.0947265625 0.0810546875
0 0.158203125 0.3740234375 0.125 0.10546875
0 0.28271484375 0.32421875 0.0966796875 0.1015625
0 0.357421875 0.4580078125 0.072265625 0.091796875
0 0.26708984375 0.42431640625 0.0830078125 0.0751953125
0 0.12255859375 0.54541015625 0.1220703125 0.1591796875
0 0.27490234375 0.54931640625 0.0888671875 0.0673828125
0 0.35205078125 0.5634765625 0.0947265625 0.107421875
0 0.4375 0.49951171875 0.111328125 0.1884765625
0 0.52587890625 0.53759765625 0.0615234375 0.1162109375
0 0.60400390625 0.62255859375 0.0693359375 0.0849609375
0 0.69189453125 0.59765625 0.0849609375 0.115234375
0 0.73779296875 0.470703125 0.0849609375 0.08984375
0 0.96337890625 0.4169921875 0.0732421875 0.076171875
0 0.84619140625 0.5986328125 0.0849609375 0.080078125
0 0.78662109375 0.73193359375 0.1181640625 0.1572265625
0 0.91162109375 0.72900390625 0.1435546875 0.1982421875
0 0.4384765625 0.6650390625 0.11328125 0.09765625
0 0.28857421875 0.63037109375 0.0849609375 0.0751953125
0 0.283203125 0.70361328125 0.095703125 0.1142578125
0 0.16845703125 0.75146484375 0.0986328125 0.1123046875
0 0.23486328125 0.77001953125 0.1708984375 0.1552734375
0 0.3798828125 0.8203125 0.107421875 0.1328125
0 0.1953125 0.95068359375 0.0859375 0.0986328125
0 0.3017578125 0.9677734375 0.0859375 0.064453125
0 0.314453125 0.89794921875 0.091796875 0.0693359375
0 0.7890625 0.97021484375 0.076171875 0.0595703125
