0 0.0185546875 0.63623046875 0.037109375 0.1025390625
0 0.35888671875 0.8837890625 0.0888671875 0.1484375
0 0.6806640625 0.90576171875 0.142578125 0.0869140625
0 0.27880859375 0.7001953125 0.0927734375 0.126953125
0 0.45361328125 0.23193359375 0.1572265625 0.0849609375
0 0.8447265625 0.5859375 0.14453125 0.171875
0 0.8076171875 0.95263671875 0.185546875 0.0830078125
0 0.17431640625 0.74560546875 0.1552734375 0.1630859375
0 0.6083984375 0.70361328125 0.09765625 0.0849609375
0 0.650390625 0.2822265625 0.20703125 0.166015625
0 0.8583984375 0.87451171875 0.1875 0.0751953125
0 0.32568359375 0.19580078125 0.0771484375 0.1025390625
0 0.4609375 0.72705078125 0.087890625 0.1552734375
0 0.39892578125 0.7919921875 0.0634765625 0.0703125
0 0.4306640625 0.67333984375 0.107421875 0.1533203125
0 0.8486328125 0.83203125 0.177734375 0.064453125
0 0.82958984375 0.10693359375 0.0654296875 0.0849609375
0 0.62841796875 0.0341796875 0.1669921875 0.064453125
0 0.95068359375 0.07568359375 0.0966796875 0.1494140625
0 0.2529296875 0.04345703125 0.107421875 0.0830078125
0 0.53759765625 0.1650390625 0.0634765625 0.15625
0 0.50244140625 0.0458984375 0.1005859375 0.08203125
