0 0.2490234375 0.22998046875 0.12109375 0.0712890625
0 0.115234375 0.56787109375 0.109375 0.0693359375
0 0.6005859375 0.0380859375 0.087890625 0.072265625
0 0.775390625 0.47802734375 0.1015625 0.0478515625
0 0.3154296875 0.0654296875 0.140625 0.0625
0 0.68017578125 0.76611328125 0.1083984375 0.0634765625
0 0.50732421875 0.89013671875 0.1357421875 0.0849609375
0 0.0537109375 0.3798828125 0.107421875 0.0546875
0 0.47021484375 0.2119140625 0.1259765625 0.05078125
0 0.85107421875 0.61181640625 0.1103515625 0.0400390625
0 0.8369140625 0.29248046875 0.12109375 0.0751953125
0 0.68115234375 0.6865234375 0.1181640625 0.0390625
0 0.138671875 0.234375 0.09765625 0.07421875
0 0.54736328125 0.57763671875 0.1201171875 0.0380859375
0 0.5791015625 0.38818359375 0.1171875 0.0615234375
0 0.56494140625 0.22021484375 0.0927734375 0.1025390625
0 0.2109375 0.048828125 0.09765625 0.048828125
0 0.3505859375 0.9560546875 0.11328125 0.046875
0 0.55810546875 0.2802734375 0.0908203125 0.048828125
0 0.29736328125 0.87646484375 0.1220703125 0.0439453125
0 0.705078125 0.01806640625 0.09375 0.0361328125
0 0.71630859375 0.56201171875 0.1083984375 0.0322265625
0 0.21337890625 0.080078125 0.0830078125 0.0546875
0 0.51806640625 0.63232421875 0.1025390625 0.0341796875
0 0.470703125 0.53857421875 0.0859375 0.0361328125
0 0.46142578125 0.46337890625 0.0947265625 0.0361328125
0 0.89453125 0.27294921875 0.16015625 0.0712890625
0 0.9580078125 0.1171875 0.083984375 0.044921875
0 0.07275390625 0.27587890625 0.1455078125 0.0556640625
0 0.66259765625 0.2919921875 0.1455078125 0.046875
0 0.89208984375 0.09130859375 0.0712890625 0.0498046875
0 0.06640625 0.85546875 0.125 0.037109375
0 0.29345703125 0.736328125 0.1005859375 0.037109375
0 0.5166015625 0.1357421875 0.16015625 0.087890625
0 0.30810546875 0.013671875 0.0634765625 0.02734375
0 0.80224609375 0.56640625 0.0849609375 0.029296875
0 0.20166015625 0.8330078125 0.0849609375 0.021484375
0 0.8076171875 0.990234375 0.072265625 0.01953125
0 0.93359375 0.39599609375 0.12890625 0.0947265625
0 0.662109375 0.091796875 0.1640625 0.04296875
0 0.51904296875 0.328125 0.1083984375 0.060546875
0 0.9638671875 0.7490234375 0.072265625 0.0234375
0 0.056640625 0.7666015625 0.11328125 0.03125
0 0.8916015625 0.685546875 0.130859375 0.0390625
0 0.2822265625 0.64013671875 0.107421875 0.0361328125
0 0.8515625 0.0576171875 0.06640625 0.01953125
0 0.48828125 0.73095703125 0.123046875 0.0341796875
0 0.5078125 0.6015625 0.13671875 0.02734375
0 0.3330078125 0.6943359375 0.125 0.037109375
0 0.720703125 0.65234375 0.087890625 0.029296875
0 0.9443359375 0.71826171875 0.111328125 0.0341796875
0 0.0595703125 0.9931640625 0.08203125 0.013671875
0 0.58984375 0.8779296875 0.119140625 0.044921875
0 0.951171875 0.0126953125 0.060546875 0.025390625
0 0.140625 0.48828125 0.103515625 0.025390625
0 0.32666015625 0.41064453125 0.1435546875 0.0263671875
0 0.22509765625 0.6669921875 0.1201171875 0.0390625
0 0.5390625 0.66259765625 0.1171875 0.0322265625
0 0.88720703125 0.8505859375 0.0888671875 0.025390625
0 0.70166015625 0.94775390625 0.0634765625 0.0263671875
0 0.19140625 0.40234375 0.099609375 0.025390625
0 0.78271484375 0.939453125 0.1103515625 0.04296875
0 0.80517578125 0.3017578125 0.0576171875 0.0234375
0 0.01611328125 0.90673828125 0.0302734375 0.0224609375
0 0.2080078125 0.6201171875 0.11328125 0.029296875
0 0.29150390625 0.9833984375 0.1826171875 0.033203125
0 0.36962890625 0.45751953125 0.1123046875 0.0537109375
0 0.22705078125 0.45458984375 0.1689453125 0.0458984375
0 0.169921875 0.35400390625 0.10546875 0.0400390625
0 0.2666015625 0.36669921875 0.103515625 0.0380859375
0 0.37060546875 0.36572265625 0.1025390625 0.0361328125
0 0.412109375 0.2939453125 0.111328125 0.06640625
