0 0.9130859375 0.21826171875 0.08203125 0.0927734375
0 0.9560546875 0.44970703125 0.087890625 0.1298828125
0 0.89453125 0.6435546875 0.07421875 0.107421875
0 0.7919921875 0.54443359375 0.07421875 0.1357421875
0 0.86083984375 0.29443359375 0.1123046875 0.0751953125
0 0.70556640625 0.19580078125 0.1220703125 0.0830078125
0 0.03564453125 0.61181640625 0.0673828125 0.0654296875
0 0.16162109375 0.8369140625 0.1201171875 0.1796875
0 0.16064453125 0.16552734375 0.0673828125 0.1025390625
0 0.037109375 0.341796875 0.0703125 0.134765625
0 0.2880859375 0.63427734375 0.107421875 0.0595703125
0 0.20458984375 0.70166015625 0.0849609375 0.0751953125
0 0.04931640625 0.49853515625 0.0947265625 0.1025390625
0 0.8232421875 0.60693359375 0.09765625 0.1494140625
0 0.923828125 0.0185546875 0.0625 0.037109375
