0 0.13134765625 0.826171875 0.0830078125 0.095703125
0 0.10498046875 0.7529296875 0.0986328125 0.091796875
0 0.1630859375 0.7197265625 0.0546875 0.078125
0 0.28662109375 0.8212890625 0.0966796875 0.091796875
0 0.2431640625 0.60302734375 0.08203125 0.1337890625
0 0.39501953125 0.88671875 0.1181640625 0.060546875
0 0.37109375 0.9521484375 0.095703125 0.068359375
0 0.23046875 0.9013671875 0.064453125 0.0703125
0 0.572265625 0.9091796875 0.07421875 0.0859375
0 0.56689453125 0.97265625 0.0634765625 0.0546875
0 0.75439453125 0.912109375 0.0888671875 0.064453125
0 0.3974609375 0.53076171875 0.083984375 0.0830078125
0 0.40869140625 0.6171875 0.0732421875 0.087890625
0 0.5322265625 0.60107421875 0.08984375 0.0869140625
0 0.537109375 0.69091796875 0.068359375 0.0771484375
0 0.46044921875 0.71533203125 0.1201171875 0.0595703125
0 0.52880859375 0.77685546875 0.0634765625 0.0732421875
0 0.68310546875 0.6943359375 0.1103515625 0.0859375
0 0.64990234375 0.6015625 0.0810546875 0.140625
0 0.76025390625 0.78466796875 0.0849609375 0.0673828125
0 0.9033203125 0.7119140625 0.08203125 0.11328125
0 0.861328125 0.7998046875 0.072265625 0.072265625
0 0.8486328125 0.97021484375 0.072265625 0.0595703125
0 0.9169921875 0.96923828125 0.06640625 0.0615234375
0 0.9765625 0.7177734375 0.046875 0.05859375
0 0.96484375 0.625 0.0703125 0.1328125
0 0.900390625 0.47021484375 0.095703125 0.0751953125
0 0.763671875 0.43310546875 0.072265625 0.0751953125
0 0.658203125 0.43115234375 0.072265625 0.0751953125
0 0.509765625 0.42626953125 0.087890625 0.1201171875
0 0.40380859375 0.3837890625 0.1005859375 0.06640625
0 0.4052734375 0.30859375 0.125 0.083984375
0 0.15380859375 0.3837890625 0.1376953125 0.068359375
0 0.185546875 0.4443359375 0.07421875 0.056640625
0 0.24169921875 0.27734375 0.1142578125 0.080078125
0 0.09228515625 0.1630859375 0.0654296875 0.140625
0 0.14208984375 0.142578125 0.0732421875 0.099609375
0 0.25146484375 0.177734375 0.0634765625 0.064453125
0 0.40087890625 0.146484375 0.0869140625 0.08984375
0 0.5966796875 0.2041015625 0.078125 0.099609375
0 0.5537109375 0.013671875 0.115234375 0.02734375
0 0.63818359375 0.06298828125 0.0654296875 0.1259765625
0 0.57421875 0.0712890625 0.0703125 0.08984375
0 0.68310546875 0.033203125 0.0634765625 0.06640625
0 0.76025390625 0.03173828125 0.0888671875 0.0634765625
0 0.880859375 0.1318359375 0.06640625 0.091796875
0 0.3896484375 0.02978515625 0.056640625 0.0595703125
0 0.46484375 0.75927734375 0.130859375 0.0673828125
0 0.23583984375 0.39013671875 0.0927734375 0.0634765625
0 0.45947265625 0.87841796875 0.0673828125 0.0771484375
0 0.9658203125 0.45263671875 0.05078125 0.0751953125
0 0.21875 0.990234375 0.0859375 0.01953125
0 0.3642578125 0.98828125 0.099609375 0.0234375
0 0.97802734375 0.55029296875 0.0400390625 0.0693359375
0 0.00830078125 0.3203125 0.0166015625 0.08984375
