0 0.01123046875 0.98828125 0.0224609375 0.0234375
0 0.69873046875 0.95263671875 0.1669921875 0.0947265625
0 0.3525390625 0.95654296875 0.279296875 0.0869140625
0 0.3974609375 0.826171875 0.103515625 0.162109375
0 0.2861328125 0.75146484375 0.111328125 0.0771484375
0 0.166015625 0.87939453125 0.09765625 0.1513671875
0 0.01708984375 0.8525390625 0.0341796875 0.109375
0 0.02294921875 0.720703125 0.0458984375 0.119140625
0 0.16552734375 0.69189453125 0.0947265625 0.0849609375
0 0.26708984375 0.5986328125 0.1533203125 0.1171875
0 0.6728515625 0.7392578125 0.26171875 0.12109375
0 0.88720703125 0.74560546875 0.1708984375 0.1044921875
0 0.96240234375 0.8154296875 0.0751953125 0.1015625
0 0.0712890625 0.46484375 0.125 0.2265625
0 0.06787109375 0.06494140625 0.0869140625 0.0771484375
0 0.1787109375 0.0771484375 0.126953125 0.12109375
0 0.1494140625 0.21484375 0.130859375 0.119140625
0 0.330078125 0.19189453125 0.080078125 0.0732421875
0 0.384765625 0.24755859375 0.09375 0.0771484375
0 0.25634765625 0.35595703125 0.0908203125 0.0634765625
0 0.1728515625 0.35986328125 0.095703125 0.0673828125
0 0.50048828125 0.2138671875 0.1025390625 0.240234375
0 0.4609375 0.2978515625 0.095703125 0.138671875
0 0.7392578125 0.2080078125 0.12109375 0.109375
0 0.6767578125 0.0400390625 0.099609375 0.076171875
0 0.56689453125 0.048828125 0.1005859375 0.09765625
0 0.931640625 0.1953125 0.126953125 0.103515625
0 0.9658203125 0.36279296875 0.068359375 0.0888671875
