0 0.267578125 0.20849609375 0.0703125 0.0849609375
0 0.185546875 0.3271484375 0.060546875 0.06640625
0 0.2685546875 0.109375 0.091796875 0.095703125
0 0.12841796875 0.1416015625 0.0712890625 0.103515625
0 0.294921875 0.0322265625 0.0703125 0.064453125
0 0.25341796875 0.97705078125 0.0751953125 0.0458984375
0 0.0498046875 0.07861328125 0.072265625 0.0927734375
0 0.1923828125 0.24365234375 0.07421875 0.0673828125
0 0.17822265625 0.552734375 0.0869140625 0.072265625
0 0.29052734375 0.8388671875 0.0693359375 0.056640625
0 0.87109375 0.32080078125 0.119140625 0.0947265625
0 0.126953125 0.24560546875 0.064453125 0.0634765625
0 0.13427734375 0.8828125 0.0634765625 0.056640625
0 0.8955078125 0.6982421875 0.060546875 0.0625
0 0.32275390625 0.59423828125 0.0869140625 0.0908203125
0 0.07666015625 0.2119140625 0.0791015625 0.0703125
0 0.35693359375 0.0908203125 0.0439453125 0.072265625
0 0.1240234375 0.39208984375 0.09765625 0.1142578125
0 0.81689453125 0.0986328125 0.1025390625 0.10546875
0 0.05029296875 0.77978515625 0.0673828125 0.0576171875
0 0.0927734375 0.556640625 0.107421875 0.146484375
0 0.71240234375 0.11865234375 0.0908203125 0.0810546875
0 0.30029296875 0.25927734375 0.0517578125 0.0810546875
0 0.8818359375 0.47412109375 0.087890625 0.0810546875
0 0.9365234375 0.55322265625 0.1171875 0.0810546875
0 0.2939453125 0.34521484375 0.091796875 0.0810546875
0 0.36083984375 0.2685546875 0.0634765625 0.064453125
0 0.3154296875 0.5029296875 0.1171875 0.08203125
0 0.20361328125 0.8564453125 0.0576171875 0.06640625
0 0.0546875 0.947265625 0.107421875 0.064453125
0 0.0341796875 0.98193359375 0.06640625 0.0322265625
0 0.89697265625 0.89794921875 0.0693359375 0.0576171875
0 0.6689453125 0.21142578125 0.072265625 0.0830078125
0 0.7744140625 0.19775390625 0.068359375 0.0908203125
0 0.95263671875 0.1630859375 0.0849609375 0.107421875
0 0.94873046875 0.08251953125 0.0888671875 0.0771484375
0 0.927734375 0.0419921875 0.078125 0.083984375
0 0.396484375 0.23388671875 0.05078125 0.0712890625
0 0.19384765625 0.1591796875 0.0439453125 0.0625
0 0.19873046875 0.09130859375 0.0498046875 0.0810546875
