0 0.02294921875 0.14794921875 0.0458984375 0.0869140625
0 0.099609375 0.14697265625 0.06640625 0.1279296875
0 0.09912109375 0.27294921875 0.0556640625 0.0615234375
0 0.0751953125 0.5009765625 0.0546875 0.0546875
0 0.185546875 0.54541015625 0.072265625 0.1201171875
0 0.08642578125 0.7412109375 0.0615234375 0.06640625
0 0.16015625 0.71484375 0.068359375 0.068359375
0 0.15234375 0.810546875 0.11328125 0.0703125
0 0.0595703125 0.806640625 0.060546875 0.064453125
0 0.021484375 0.8525390625 0.04296875 0.05078125
0 0.8935546875 0.966796875 0.1171875 0.06640625
0 0.56640625 0.9384765625 0.064453125 0.080078125
0 0.49560546875 0.98388671875 0.0908203125 0.0322265625
0 0.4970703125 0.91552734375 0.05859375 0.0595703125
0 0.56982421875 0.86083984375 0.0595703125 0.0556640625
0 0.3544921875 0.9775390625 0.078125 0.044921875
0 0.26318359375 0.98828125 0.0634765625 0.0234375
0 0.32666015625 0.908203125 0.0576171875 0.056640625
0 0.36669921875 0.83349609375 0.0693359375 0.0654296875
0 0.447265625 0.8193359375 0.0703125 0.06640625
0 0.35205078125 0.7666015625 0.0791015625 0.05078125
0 0.431640625 0.76220703125 0.0625 0.0556640625
0 0.42041015625 0.69921875 0.0693359375 0.08203125
0 0.65625 0.77978515625 0.056640625 0.0595703125
0 0.96240234375 0.8046875 0.0712890625 0.083984375
0 0.9365234375 0.69287109375 0.072265625 0.0595703125
0 0.8173828125 0.68310546875 0.068359375 0.1162109375
0 0.69677734375 0.66357421875 0.0869140625 0.0693359375
0 0.611328125 0.63525390625 0.11328125 0.0556640625
0 0.95068359375 0.607421875 0.0849609375 0.087890625
0 0.9755859375 0.42138671875 0.048828125 0.0791015625
0 0.47412109375 0.61474609375 0.0869140625 0.0712890625
0 0.29541015625 0.615234375 0.0615234375 0.087890625
0 0.4365234375 0.4677734375 0.060546875 0.0546875
0 0.94140625 0.306640625 0.087890625 0.107421875
0 0.912109375 0.14013671875 0.099609375 0.1005859375
0 0.9697265625 0.03857421875 0.060546875 0.0732421875
0 0.65869140625 0.0537109375 0.0712890625 0.099609375
0 0.63671875 0.15673828125 0.068359375 0.0849609375
0 0.67138671875 0.32373046875 0.0849609375 0.0771484375
0 0.521484375 0.2802734375 0.06640625 0.06640625
0 0.64306640625 0.38671875 0.0478515625 0.05078125
0 0.27587890625 0.28125 0.0927734375 0.083984375
0 0.9853515625 0.29541015625 0.029296875 0.0771484375
