0 0.2236328125 0.4560546875 0.0859375 0.130859375
0 0.9248046875 0.33642578125 0.091796875 0.0888671875
0 0.6962890625 0.080078125 0.099609375 0.09375
0 0.69921875 0.29345703125 0.056640625 0.0927734375
0 0.9365234375 0.12353515625 0.115234375 0.0830078125
0 0.06103515625 0.33203125 0.1220703125 0.08984375
0 0.24365234375 0.04638671875 0.0830078125 0.0771484375
0 0.70947265625 0.38720703125 0.1259765625 0.0615234375
0 0.6533203125 0.57373046875 0.09375 0.0556640625
0 0.98095703125 0.44287109375 0.0380859375 0.0673828125
0 0.4658203125 0.5947265625 0.16015625 0.052734375
0 0.48291015625 0.0751953125 0.0439453125 0.12109375
0 0.84814453125 0.259765625 0.0869140625 0.0546875
0 0.955078125 0.0791015625 0.080078125 0.0859375
0 0.28564453125 0.671875 0.0634765625 0.08203125
0 0.53662109375 0.181640625 0.1044921875 0.056640625
0 0.88330078125 0.2275390625 0.0830078125 0.05859375
0 0.19482421875 0.8173828125 0.1025390625 0.0546875
0 0.5361328125 0.49169921875 0.06640625 0.0654296875
0 0.99365234375 0.0654296875 0.0126953125 0.025390625
0 0.1875 0.10791015625 0.10546875 0.0634765625
0 0.37744140625 0.8896484375 0.0576171875 0.0546875
0 0.42431640625 0.7685546875 0.1181640625 0.064453125
0 0.90869140625 0.45068359375 0.0576171875 0.0498046875
0 0.53955078125 0.763671875 0.1220703125 0.044921875
0 0.21923828125 0.71728515625 0.1064453125 0.0712890625
0 0.09814453125 0.90087890625 0.1103515625 0.0576171875
0 0.283203125 0.10986328125 0.06640625 0.0556640625
0 0.4833984375 0.5234375 0.0546875 0.03515625
0 0.5595703125 0.8212890625 0.05859375 0.033203125
0 0.08447265625 0.140625 0.1103515625 0.0546875
0 0.1533203125 0.4345703125 0.078125 0.052734375
0 0.654296875 0.427734375 0.1015625 0.1328125
0 0.7607421875 0.470703125 0.169921875 0.07421875
0 0.86865234375 0.75439453125 0.0615234375 0.0595703125
0 0.20654296875 0.244140625 0.1201171875 0.046875
0 0.43701171875 0.1513671875 0.1044921875 0.05078125
0 0.0283203125 0.2080078125 0.056640625 0.052734375
0 0.57470703125 0.89892578125 0.0654296875 0.0380859375
0 0.05859375 0.275390625 0.1171875 0.05078125
0 0.26513671875 0.15576171875 0.0673828125 0.0556640625
0 0.05517578125 0.94873046875 0.1103515625 0.0478515625
0 0.1884765625 0.3193359375 0.126953125 0.0546875
0 0.18212890625 0.79248046875 0.1123046875 0.0595703125
0 0.77001953125 0.36572265625 0.0654296875 0.0537109375
0 0.412109375 0.12109375 0.115234375 0.052734375
0 0.318359375 0.2099609375 0.080078125 0.0703125
0 0.2177734375 0.26416015625 0.11328125 0.0556640625
0 0.34716796875 0.5419921875 0.0654296875 0.048828125
0 0.806640625 0.9287109375 0.08984375 0.041015625
0 0.2509765625 0.93212890625 0.095703125 0.0478515625
0 0.095703125 0.05029296875 0.080078125 0.0693359375
0 0.19384765625 0.13818359375 0.0712890625 0.0732421875
0 0.080078125 0.0927734375 0.16015625 0.052734375
0 0.88720703125 0.14013671875 0.1005859375 0.1005859375
0 0.4248046875 0.55322265625 0.046875 0.0361328125
