0 0.056640625 0.02490234375 0.076171875 0.0498046875
0 0.1162109375 0.07080078125 0.068359375 0.0517578125
0 0.17236328125 0.16943359375 0.0634765625 0.0830078125
0 0.23681640625 0.1474609375 0.0927734375 0.068359375
0 0.306640625 0.1708984375 0.05859375 0.05078125
0 0.34228515625 0.19140625 0.0673828125 0.0546875
0 0.435546875 0.18798828125 0.060546875 0.0615234375
0 0.673828125 0.1171875 0.072265625 0.087890625
0 0.77001953125 0.11328125 0.0732421875 0.05078125
0 0.822265625 0.04248046875 0.078125 0.0654296875
0 0.04931640625 0.9609375 0.0712890625 0.078125
0 0.0322265625 0.89892578125 0.064453125 0.0537109375
0 0.166015625 0.9765625 0.078125 0.046875
0 0.28564453125 0.9287109375 0.0693359375 0.056640625
0 0.333984375 0.95263671875 0.060546875 0.0517578125
0 0.02587890625 0.54296875 0.0517578125 0.05078125
0 0.05859375 0.580078125 0.0546875 0.056640625
0 0.06640625 0.63134765625 0.068359375 0.0810546875
0 0.0771484375 0.4609375 0.087890625 0.0703125
0 0.31591796875 0.62158203125 0.1123046875 0.0556640625
0 0.431640625 0.5302734375 0.08203125 0.083984375
0 0.544921875 0.53173828125 0.08203125 0.0888671875
0 0.52880859375 0.603515625 0.1025390625 0.0546875
0 0.56689453125 0.6923828125 0.0693359375 0.05859375
0 0.44482421875 0.76611328125 0.0712890625 0.0947265625
0 0.4609375 0.708984375 0.0625 0.046875
0 0.5771484375 0.76953125 0.0703125 0.078125
0 0.658203125 0.751953125 0.0625 0.05078125
0 0.70263671875 0.57177734375 0.0830078125 0.0693359375
0 0.693359375 0.52294921875 0.09375 0.0712890625
0 0.81396484375 0.65576171875 0.0986328125 0.0791015625
0 0.67578125 0.6298828125 0.076171875 0.068359375
0 0.896484375 0.59423828125 0.076171875 0.0751953125
0 0.9580078125 0.55908203125 0.0703125 0.0654296875
0 0.91748046875 0.49169921875 0.0634765625 0.0869140625
0 0.884765625 0.84033203125 0.115234375 0.0986328125
0 0.94677734375 0.92626953125 0.1064453125 0.0615234375
0 0.5888671875 0.962890625 0.09765625 0.07421875
0 0.607421875 0.12353515625 0.0859375 0.0673828125
0 0.57958984375 0.060546875 0.0732421875 0.05078125
