0 0.35986328125 0.63671875 0.2001953125 0.125
0 0.1689453125 0.79736328125 0.337890625 0.4052734375
0 0.7265625 0.92626953125 0.107421875 0.1025390625
0 0.8154296875 0.462890625 0.07421875 0.072265625
0 0.73828125 0.8427734375 0.13671875 0.103515625
0 0.599609375 0.1083984375 0.107421875 0.216796875
0 0.9140625 0.14892578125 0.171875 0.1220703125
0 0.72607421875 0.55615234375 0.1494140625 0.1416015625
0 0.673828125 0.6669921875 0.166015625 0.080078125
0 0.89501953125 0.04150390625 0.0888671875 0.0830078125
0 0.8642578125 0.9462890625 0.0859375 0.107421875
0 0.0615234375 0.39697265625 0.048828125 0.0712890625
0 0.02294921875 0.2216796875 0.0458984375 0.087890625
0 0.63427734375 0.91845703125 0.1064453125 0.0830078125
0 0.68701171875 0.6318359375 0.1083984375 0.05859375
0 0.921875 0.8291015625 0.0390625 0.048828125
