0 0.03271484375 0.1572265625 0.0654296875 0.07421875
0 0.09912109375 0.2451171875 0.0986328125 0.0703125
0 0.103515625 0.0927734375 0.099609375 0.1015625
0 0.01953125 0.06005859375 0.0390625 0.1201171875
0 0.2236328125 0.02685546875 0.078125 0.0537109375
0 0.24853515625 0.0888671875 0.0654296875 0.111328125
0 0.32470703125 0.18603515625 0.0693359375 0.0771484375
0 0.84619140625 0.93310546875 0.0732421875 0.0576171875
0 0.796875 0.97998046875 0.0625 0.0400390625
0 0.6591796875 0.9404296875 0.1640625 0.09375
0 0.73779296875 0.9140625 0.0908203125 0.0625
0 0.2900390625 0.947265625 0.064453125 0.064453125
0 0.3681640625 0.9921875 0.048828125 0.015625
0 0.17431640625 0.98046875 0.0830078125 0.0390625
0 0.337890625 0.88818359375 0.107421875 0.0517578125
0 0.318359375 0.837890625 0.068359375 0.03515625
0 0.3330078125 0.7490234375 0.09375 0.048828125
0 0.4072265625 0.77490234375 0.083984375 0.1376953125
0 0.4951171875 0.7490234375 0.064453125 0.046875
0 0.51220703125 0.69580078125 0.0830078125 0.0615234375
0 0.52490234375 0.6240234375 0.0751953125 0.05078125
0 0.37451171875 0.65185546875 0.1005859375 0.0732421875
0 0.38427734375 0.5908203125 0.0576171875 0.04296875
0 0.3212890625 0.5556640625 0.080078125 0.109375
0 0.26806640625 0.640625 0.0576171875 0.048828125
0 0.07666015625 0.814453125 0.0849609375 0.0546875
0 0.12841796875 0.8857421875 0.0419921875 0.0703125
0 0.1826171875 0.91650390625 0.08203125 0.1083984375
0 0.2197265625 0.8212890625 0.05078125 0.0625
0 0.2109375 0.5859375 0.064453125 0.05859375
0 0.205078125 0.6513671875 0.056640625 0.056640625
0 0.1630859375 0.67626953125 0.08203125 0.0732421875
0 0.08203125 0.625 0.087890625 0.0859375
0 0.3642578125 0.39404296875 0.078125 0.0869140625
0 0.51220703125 0.52392578125 0.0615234375 0.1123046875
0 0.603515625 0.6142578125 0.056640625 0.16015625
0 0.72021484375 0.5947265625 0.0771484375 0.05859375
0 0.7998046875 0.466796875 0.076171875 0.0859375
0 0.67138671875 0.41259765625 0.0771484375 0.1240234375
0 0.86572265625 0.35595703125 0.1279296875 0.0732421875
0 0.8857421875 0.4658203125 0.04296875 0.048828125
0 0.93310546875 0.54638671875 0.0712890625 0.0693359375
0 0.97412109375 0.49560546875 0.0517578125 0.0927734375
0 0.99072265625 0.32763671875 0.0185546875 0.0615234375
0 0.7958984375 0.1591796875 0.095703125 0.072265625
0 0.78271484375 0.19775390625 0.0654296875 0.0888671875
0 0.4609375 0.22705078125 0.056640625 0.0615234375
0 0.5322265625 0.18017578125 0.095703125 0.1396484375
0 0.52001953125 0.3359375 0.0751953125 0.09765625
0 0.63525390625 0.28564453125 0.0556640625 0.0966796875
0 0.46044921875 0.1044921875 0.0732421875 0.076171875
0 0.98974609375 0.67431640625 0.0205078125 0.0830078125
0 0.9853515625 0.84912109375 0.029296875 0.0771484375
0 0.7529296875 0.02197265625 0.044921875 0.0439453125
0 0.4921875 0.01611328125 0.07421875 0.0322265625
0 0.6337890625 0.0126953125 0.078125 0.025390625
0 0.55517578125 0.21044921875 0.0576171875 0.1181640625
