0 0.5419921875 0.193359375 0.060546875 0.048828125
0 0.5595703125 0.1240234375 0.052734375 0.056640625
0 0.9443359375 0.287109375 0.111328125 0.0703125
0 0.6044921875 0.37451171875 0.052734375 0.0361328125
0 0.6376953125 0.30322265625 0.05078125 0.0849609375
0 0.6357421875 0.14404296875 0.083984375 0.0712890625
0 0.97607421875 0.64990234375 0.0478515625 0.0849609375
0 0.49072265625 0.24609375 0.0537109375 0.09375
0 0.396484375 0.5107421875 0.046875 0.05078125
0 0.01904296875 0.05419921875 0.0380859375 0.0791015625
0 0.0712890625 0.08935546875 0.083984375 0.1337890625
0 0.16650390625 0.12548828125 0.0908203125 0.1005859375
0 0.53857421875 0.3583984375 0.0712890625 0.06640625
0 0.56591796875 0.25244140625 0.0830078125 0.0654296875
0 0.3876953125 0.26025390625 0.0703125 0.0751953125
0 0.11328125 0.38916015625 0.126953125 0.0810546875
0 0.45751953125 0.12158203125 0.0615234375 0.0615234375
0 0.26953125 0.1591796875 0.0859375 0.0859375
0 0.51220703125 0.04638671875 0.0634765625 0.0927734375
0 0.9736328125 0.34619140625 0.052734375 0.0869140625
0 0.92333984375 0.3828125 0.0419921875 0.0703125
0 0.3798828125 0.66650390625 0.0625 0.0537109375
0 0.41650390625 0.62548828125 0.0419921875 0.0361328125
0 0.42236328125 0.5947265625 0.0791015625 0.046875
0 0.63427734375 0.4462890625 0.1572265625 0.109375
0 0.630859375 0.546875 0.056640625 0.111328125
0 0.6220703125 0.642578125 0.068359375 0.0625
0 0.4814453125 0.669921875 0.05859375 0.060546875
0 0.4892578125 0.6162109375 0.06640625 0.0546875
0 0.5341796875 0.65966796875 0.0859375 0.0810546875
0 0.4267578125 0.84326171875 0.05859375 0.0595703125
0 0.466796875 0.88232421875 0.052734375 0.0693359375
0 0.56591796875 0.86865234375 0.1259765625 0.0595703125
0 0.6220703125 0.93994140625 0.125 0.0732421875
0 0.69677734375 0.986328125 0.0986328125 0.02734375
0 0.7744140625 0.95751953125 0.158203125 0.0849609375
0 0.4052734375 0.96142578125 0.0546875 0.0380859375
0 0.34716796875 0.302734375 0.0537109375 0.0625
0 0.4501953125 0.43798828125 0.076171875 0.0712890625
0 0.5009765625 0.5 0.060546875 0.0703125
