0 0.67236328125 0.7470703125 0.1201171875 0.08984375
0 0.5986328125 0.50537109375 0.09765625 0.1025390625
0 0.5146484375 0.0859375 0.134765625 0.072265625
0 0.69580078125 0.537109375 0.1123046875 0.095703125
0 0.42724609375 0.25927734375 0.1103515625 0.0751953125
0 0.96875 0.07421875 0.0625 0.11328125
0 0.64208984375 0.1357421875 0.1142578125 0.068359375
0 0.564453125 0.36181640625 0.08984375 0.0654296875
0 0.97607421875 0.0009765625 0.0478515625 0.001953125
0 0.87939453125 0.2607421875 0.0693359375 0.123046875
0 0.755859375 0.10205078125 0.087890625 0.0693359375
0 0.6396484375 0.22314453125 0.125 0.0673828125
0 0.65283203125 0.04736328125 0.1025390625 0.0947265625
0 0.935546875 0.32958984375 0.0625 0.0849609375
0 0.54736328125 0.56591796875 0.0849609375 0.0673828125
0 0.67578125 0.18701171875 0.08203125 0.0458984375
0 0.45703125 0.11474609375 0.0859375 0.0478515625
