0 0.22412109375 0.24658203125 0.0849609375 0.0751953125
0 0.07275390625 0.1689453125 0.1162109375 0.080078125
0 0.0439453125 0.26318359375 0.080078125 0.0693359375
0 0.11865234375 0.31201171875 0.0576171875 0.0673828125
0 0.40966796875 0.09765625 0.0830078125 0.103515625
0 0.4580078125 0.046875 0.109375 0.09375
0 0.6298828125 0.02685546875 0.130859375 0.0537109375
0 0.68798828125 0.208984375 0.0888671875 0.0546875
0 0.59814453125 0.162109375 0.0615234375 0.0625
0 0.853515625 0.23486328125 0.076171875 0.0556640625
0 0.82275390625 0.30517578125 0.0693359375 0.0537109375
0 0.61279296875 0.30419921875 0.0849609375 0.0595703125
0 0.990234375 0.28271484375 0.01953125 0.0751953125
0 0.92529296875 0.30419921875 0.0556640625 0.0712890625
0 0.9716796875 0.10791015625 0.056640625 0.0712890625
0 0.94677734375 0.03173828125 0.0556640625 0.0634765625
0 0.81787109375 0.4599609375 0.0791015625 0.0703125
0 0.4296875 0.43017578125 0.140625 0.0849609375
0 0.06689453125 0.50634765625 0.0966796875 0.0673828125
0 0.505859375 0.53515625 0.109375 0.08984375
0 0.55517578125 0.67822265625 0.1298828125 0.0849609375
0 0.4404296875 0.7197265625 0.10546875 0.078125
0 0.716796875 0.61328125 0.126953125 0.154296875
0 0.96240234375 0.587890625 0.0751953125 0.068359375
0 0.87646484375 0.82080078125 0.1083984375 0.0654296875
0 0.8193359375 0.958984375 0.09765625 0.0546875
0 0.8505859375 0.8994140625 0.08984375 0.064453125
0 0.44775390625 0.86962890625 0.0888671875 0.0791015625
0 0.2861328125 0.88818359375 0.107421875 0.1044921875
0 0.23095703125 0.77490234375 0.0712890625 0.0634765625
0 0.06982421875 0.80078125 0.1396484375 0.06640625
0 0.36962890625 0.9921875 0.0595703125 0.015625
0 0.994140625 0.9873046875 0.01171875 0.025390625
0 0.0947265625 0.93701171875 0.08984375 0.0869140625
0 0.51513671875 0.94873046875 0.0732421875 0.0595703125
0 0.23583984375 0.39453125 0.1044921875 0.07421875
0 0.56298828125 0.26953125 0.0771484375 0.08984375
0 0.755859375 0.5185546875 0.078125 0.037109375
0 0.68994140625 0.7861328125 0.0791015625 0.103515625
0 0.62548828125 0.7421875 0.0673828125 0.10546875
0 0.22119140625 0.9208984375 0.0712890625 0.052734375
