0 0.02880859375 0.7421875 0.0576171875 0.0703125
0 0.1533203125 0.83837890625 0.05078125 0.0478515625
0 0.150390625 0.90576171875 0.05078125 0.0556640625
0 0.2412109375 0.81640625 0.080078125 0.0859375
0 0.23876953125 0.9501953125 0.0595703125 0.08203125
0 0.32470703125 0.94189453125 0.0654296875 0.0595703125
0 0.203125 0.95263671875 0.052734375 0.0615234375
0 0.27294921875 0.32763671875 0.0947265625 0.0810546875
0 0.10595703125 0.203125 0.0986328125 0.078125
0 0.03369140625 0.130859375 0.0673828125 0.072265625
0 0.44970703125 0.03662109375 0.0908203125 0.0732421875
0 0.8857421875 0.05810546875 0.091796875 0.1162109375
0 0.62744140625 0.2041015625 0.0986328125 0.0859375
0 0.4326171875 0.171875 0.06640625 0.068359375
0 0.3857421875 0.283203125 0.140625 0.083984375
0 0.5869140625 0.34130859375 0.09765625 0.0791015625
0 0.736328125 0.41650390625 0.095703125 0.0869140625
0 0.75732421875 0.29052734375 0.0771484375 0.0732421875
0 0.62158203125 0.447265625 0.1318359375 0.11328125
0 0.41943359375 0.4921875 0.2490234375 0.1171875
0 0.744140625 0.5263671875 0.12109375 0.12890625
0 0.7607421875 0.61474609375 0.080078125 0.0966796875
0 0.46484375 0.736328125 0.083984375 0.103515625
0 0.5546875 0.80859375 0.16796875 0.0859375
0 0.388671875 0.88720703125 0.1171875 0.1162109375
0 0.69580078125 0.935546875 0.1025390625 0.060546875
0 0.6142578125 0.97705078125 0.0703125 0.0458984375
0 0.87646484375 0.94970703125 0.1064453125 0.0634765625
0 0.96533203125 0.91064453125 0.0654296875 0.1181640625
0 0.912109375 0.74072265625 0.05859375 0.0634765625
0 0.97705078125 0.3818359375 0.0458984375 0.078125
0 0.98046875 0.1357421875 0.0390625 0.0703125
