0 0.06201171875 0.3134765625 0.0595703125 0.064453125
0 0.0576171875 0.49658203125 0.076171875 0.1025390625
0 0.03125 0.09912109375 0.0625 0.0869140625
0 0.1689453125 0.13818359375 0.080078125 0.0673828125
0 0.19140625 0.1708984375 0.091796875 0.109375
0 0.3681640625 0.2216796875 0.17578125 0.25
0 0.3173828125 0.36328125 0.0859375 0.095703125
0 0.25732421875 0.4326171875 0.1220703125 0.07421875
0 0.177734375 0.53125 0.138671875 0.0859375
0 0.35693359375 0.65576171875 0.0751953125 0.1455078125
0 0.212890625 0.74365234375 0.115234375 0.1435546875
0 0.18505859375 0.88037109375 0.1005859375 0.0830078125
0 0.26806640625 0.8642578125 0.0693359375 0.0859375
0 0.32958984375 0.8271484375 0.0830078125 0.1015625
0 0.42724609375 0.81005859375 0.0986328125 0.0810546875
0 0.50634765625 0.7412109375 0.1044921875 0.099609375
0 0.544921875 0.67578125 0.08203125 0.0859375
0 0.5810546875 0.80810546875 0.10546875 0.0947265625
0 0.7431640625 0.7548828125 0.06640625 0.0703125
0 0.73095703125 0.8603515625 0.0888671875 0.078125
0 0.56005859375 0.93701171875 0.0947265625 0.0791015625
0 0.67138671875 0.9765625 0.0751953125 0.046875
0 0.88818359375 0.7392578125 0.1181640625 0.08203125
0 0.8857421875 0.87255859375 0.068359375 0.0849609375
0 0.833984375 0.60693359375 0.068359375 0.0673828125
0 0.65283203125 0.54052734375 0.0712890625 0.0771484375
0 0.744140625 0.43017578125 0.173828125 0.1533203125
0 0.78173828125 0.32763671875 0.0712890625 0.0908203125
0 0.64208984375 0.32568359375 0.0634765625 0.0693359375
0 0.541015625 0.26904296875 0.091796875 0.0732421875
0 0.94384765625 0.33154296875 0.0830078125 0.0771484375
0 0.8876953125 0.1240234375 0.0625 0.115234375
0 0.736328125 0.10888671875 0.12890625 0.0712890625
0 0.67919921875 0.03857421875 0.0712890625 0.0771484375
0 0.7939453125 0.0185546875 0.146484375 0.037109375
0 0.80224609375 0.03515625 0.0986328125 0.06640625
0 0.28466796875 0.70654296875 0.0498046875 0.0712890625
