0 0.5693359375 0.505859375 0.0703125 0.080078125
0 0.517578125 0.5185546875 0.060546875 0.080078125
0 0.76953125 0.16357421875 0.052734375 0.0908203125
0 0.771484375 0.95751953125 0.06640625 0.0751953125
0 0.0869140625 0.04736328125 0.0625 0.0830078125
0 0.95166015625 0.4013671875 0.0478515625 0.076171875
0 0.607421875 0.59423828125 0.08203125 0.0634765625
0 0.333984375 0.1875 0.0546875 0.087890625
0 0.76318359375 0.41796875 0.0771484375 0.1171875
0 0.81689453125 0.12451171875 0.0771484375 0.0869140625
0 0.68994140625 0.53955078125 0.0771484375 0.0673828125
0 0.1005859375 0.39501953125 0.080078125 0.0595703125
0 0.84228515625 0.23046875 0.0615234375 0.130859375
0 0.7431640625 0.876953125 0.076171875 0.087890625
0 0.32275390625 0.95556640625 0.0732421875 0.0830078125
0 0.0537109375 0.6123046875 0.099609375 0.056640625
0 0.08984375 0.26611328125 0.1015625 0.1044921875
0 0.408203125 0.5595703125 0.0859375 0.0859375
0 0.158203125 0.876953125 0.0859375 0.1015625
0 0.59375 0.35009765625 0.068359375 0.0537109375
0 0.13330078125 0.79541015625 0.0576171875 0.0849609375
0 0.478515625 0.14599609375 0.05859375 0.1123046875
0 0.234375 0.43115234375 0.06640625 0.0615234375
0 0.12158203125 0.94189453125 0.1455078125 0.0732421875
0 0.9140625 0.89599609375 0.06640625 0.0517578125
0 0.7763671875 0.28271484375 0.0546875 0.0869140625
0 0.966796875 0.5419921875 0.06640625 0.0859375
0 0.93212890625 0.16064453125 0.0517578125 0.0634765625
0 0.2412109375 0.69287109375 0.076171875 0.0595703125
0 0.18896484375 0.197265625 0.0771484375 0.0546875
0 0.2294921875 0.5068359375 0.115234375 0.048828125
0 0.0615234375 0.6962890625 0.07421875 0.041015625
0 0.76123046875 0.208984375 0.0810546875 0.087890625
0 0.490234375 0.03515625 0.07421875 0.0625
0 0.73291015625 0.62353515625 0.1123046875 0.0927734375
0 0.18701171875 0.7373046875 0.0810546875 0.0546875
0 0.0234375 0.31396484375 0.03125 0.0947265625
0 0.25390625 0.576171875 0.0546875 0.064453125
0 0.27734375 0.97265625 0.091796875 0.044921875
0 0.77587890625 0.0224609375 0.0361328125 0.044921875
0 0.92041015625 0.56494140625 0.0439453125 0.0693359375
0 0.9736328125 0.6806640625 0.052734375 0.0625
0 0.5009765625 0.85400390625 0.064453125 0.0478515625
0 0.29345703125 0.298828125 0.0380859375 0.0546875
0 0.32421875 0.11474609375 0.064453125 0.0751953125
0 0.70556640625 0.93994140625 0.0712890625 0.0400390625
0 0.53369140625 0.61865234375 0.0654296875 0.0576171875
0 0.716796875 0.67626953125 0.048828125 0.0380859375
0 0.03173828125 0.9169921875 0.0615234375 0.052734375
0 0.46826171875 0.9560546875 0.0810546875 0.0625
0 0.52001953125 0.1318359375 0.0517578125 0.0546875
0 0.2744140625 0.0283203125 0.025390625 0.056640625
0 0.59814453125 0.90625 0.0478515625 0.04296875
0 0.9482421875 0.716796875 0.048828125 0.03125
0 0.03125 0.87548828125 0.0625 0.0556640625
0 0.85693359375 0.0146484375 0.0419921875 0.029296875
0 0.9404296875 0.23291015625 0.05078125 0.0380859375
0 0.10888671875 0.341796875 0.0673828125 0.033203125
0 0.93798828125 0.0263671875 0.0556640625 0.05078125
0 0.8046875 0.65576171875 0.080078125 0.0537109375
0 0.48486328125 0.9384765625 0.2041015625 0.111328125
0 0.95068359375 0.02880859375 0.0673828125 0.0537109375
0 0.5986328125 0.6669921875 0.05078125 0.044921875
0 0.2734375 0.162109375 0.0546875 0.044921875
0 0.39794921875 0.07763671875 0.1201171875 0.0205078125
0 0.10400390625 0.61474609375 0.0517578125 0.0439453125
0 0.9453125 0.48876953125 0.08203125 0.0810546875
0 0.01904296875 0.74951171875 0.0380859375 0.0341796875
0 0.767578125 0.18359375 0.064453125 0.09375
0 0.87158203125 0.01220703125 0.0341796875 0.0244140625
0 0.20068359375 0.02392578125 0.1005859375 0.0478515625
0 0.17236328125 0.6416015625 0.0498046875 0.072265625
0 0.9892578125 0.41650390625 0.021484375 0.0615234375
0 0.38623046875 0.03759765625 0.0576171875 0.0478515625
0 0.28125 0.07421875 0.0546875 0.048828125
