0 0.4814453125 0.34326171875 0.068359375 0.0771484375
0 0.12841796875 0.74267578125 0.0595703125 0.0791015625
0 0.43359375 0.09814453125 0.068359375 0.0830078125
0 0.939453125 0.57373046875 0.087890625 0.0693359375
0 0.8271484375 0.69677734375 0.046875 0.0751953125
0 0.8544921875 0.1455078125 0.046875 0.068359375
0 0.798828125 0.35693359375 0.041015625 0.0693359375
0 0.45751953125 0.41015625 0.0576171875 0.05078125
0 0.4326171875 0.65087890625 0.06640625 0.0654296875
0 0.12353515625 0.44287109375 0.0673828125 0.0888671875
0 0.7451171875 0.2265625 0.05078125 0.076171875
0 0.5615234375 0.46044921875 0.076171875 0.0478515625
0 0.109375 0.8251953125 0.078125 0.037109375
0 0.3232421875 0.2294921875 0.0546875 0.0546875
0 0.546875 0.97119140625 0.046875 0.0576171875
0 0.79833984375 0.2314453125 0.0830078125 0.0859375
0 0.5869140625 0.2255859375 0.0546875 0.078125
0 0.01513671875 0.267578125 0.0302734375 0.037109375
0 0.68994140625 0.87890625 0.0654296875 0.025390625
0 0.1259765625 0.544921875 0.072265625 0.03515625
0 0.05908203125 0.56689453125 0.0693359375 0.0791015625
0 0.27294921875 0.6279296875 0.0556640625 0.033203125
0 0.7529296875 0.51806640625 0.080078125 0.0634765625
0 0.201171875 0.1396484375 0.033203125 0.07421875
0 0.73291015625 0.46875 0.0771484375 0.052734375
0 0.3642578125 0.46044921875 0.056640625 0.0595703125
0 0.4658203125 0.65087890625 0.037109375 0.0634765625
0 0.5615234375 0.92578125 0.068359375 0.041015625
0 0.28466796875 0.81787109375 0.0771484375 0.0361328125
0 0.47314453125 0.0927734375 0.0458984375 0.07421875
0 0.5166015625 0.80078125 0.0546875 0.048828125
0 0.34765625 0.66796875 0.04296875 0.046875
0 0.732421875 0.63720703125 0.05078125 0.0361328125
0 0.75146484375 0.0517578125 0.0771484375 0.0546875
0 0.30908203125 0.56103515625 0.0439453125 0.0634765625
0 0.4169921875 0.50048828125 0.072265625 0.0576171875
0 0.16357421875 0.2744140625 0.0458984375 0.03515625
0 0.48828125 0.18798828125 0.0390625 0.0517578125
0 0.00830078125 0.80224609375 0.0166015625 0.0166015625
0 0.53369140625 0.89306640625 0.0869140625 0.0439453125
0 0.63525390625 0.49169921875 0.0615234375 0.0458984375
0 0.7626953125 0.560546875 0.08984375 0.029296875
0 0.0439453125 0.7490234375 0.072265625 0.03125
0 0.9296875 0.8427734375 0.064453125 0.033203125
0 0.83935546875 0.35205078125 0.0537109375 0.0224609375
0 0.4619140625 0.015625 0.068359375 0.03125
0 0.4072265625 0.8740234375 0.04296875 0.037109375
0 0.439453125 0.60986328125 0.060546875 0.0400390625
0 0.89892578125 0.58447265625 0.0791015625 0.0478515625
0 0.765625 0.84130859375 0.041015625 0.0361328125
0 0.75390625 0.99169921875 0.05859375 0.0166015625
0 0.82275390625 0.841796875 0.0439453125 0.046875
0 0.58544921875 0.5986328125 0.0517578125 0.01953125
0 0.9453125 0.25048828125 0.0546875 0.0263671875
0 0.345703125 0.927734375 0.048828125 0.025390625
0 0.10009765625 0.79345703125 0.0458984375 0.0224609375
0 0.1943359375 0.876953125 0.052734375 0.0625
0 0.69482421875 0.7802734375 0.0419921875 0.02734375
0 0.1123046875 0.89990234375 0.07421875 0.0478515625
0 0.7626953125 0.58544921875 0.076171875 0.0205078125
0 0.56591796875 0.43603515625 0.0361328125 0.0498046875
0 0.84619140625 0.64111328125 0.0478515625 0.0556640625
0 0.17724609375 0.96630859375 0.1025390625 0.0341796875
0 0.35693359375 0.54052734375 0.0556640625 0.0380859375
0 0.0419921875 0.19873046875 0.05078125 0.0517578125
0 0.25439453125 0.87744140625 0.0634765625 0.0400390625
0 0.1357421875 0.99169921875 0.07421875 0.0166015625
0 0.86474609375 0.908203125 0.0576171875 0.0390625
