0 0.146484375 0.916015625 0.05859375 0.076171875
0 0.04541015625 0.8984375 0.0458984375 0.08203125
0 0.03076171875 0.83251953125 0.0400390625 0.0458984375
0 0.17138671875 0.7470703125 0.0986328125 0.052734375
0 0.16259765625 0.703125 0.0751953125 0.056640625
0 0.19873046875 0.66845703125 0.0458984375 0.0517578125
0 0.19189453125 0.8115234375 0.0615234375 0.091796875
0 0.0673828125 0.46435546875 0.06640625 0.0595703125
0 0.13232421875 0.42333984375 0.0654296875 0.0634765625
0 0.04736328125 0.255859375 0.0732421875 0.064453125
0 0.10693359375 0.19677734375 0.0732421875 0.0849609375
0 0.1953125 0.20068359375 0.091796875 0.0634765625
0 0.20263671875 0.259765625 0.0654296875 0.05859375
0 0.28955078125 0.28125 0.0595703125 0.0546875
0 0.26953125 0.40185546875 0.060546875 0.0595703125
0 0.28076171875 0.4599609375 0.0751953125 0.076171875
0 0.35009765625 0.58251953125 0.0478515625 0.0498046875
0 0.4609375 0.49462890625 0.068359375 0.0458984375
0 0.4443359375 0.44873046875 0.0390625 0.0419921875
0 0.41796875 0.4013671875 0.05078125 0.048828125
0 0.50732421875 0.42333984375 0.0869140625 0.0888671875
0 0.5205078125 0.63671875 0.05859375 0.0546875
0 0.484375 0.6904296875 0.076171875 0.060546875
0 0.3505859375 0.73779296875 0.05078125 0.0615234375
0 0.38916015625 0.74853515625 0.0595703125 0.0537109375
0 0.56201171875 0.8212890625 0.0576171875 0.056640625
0 0.58251953125 0.86962890625 0.0634765625 0.0771484375
0 0.4736328125 0.919921875 0.052734375 0.076171875
0 0.52685546875 0.947265625 0.0537109375 0.087890625
0 0.5693359375 0.9345703125 0.083984375 0.056640625
0 0.6708984375 0.7626953125 0.05078125 0.0546875
0 0.6064453125 0.7119140625 0.0625 0.060546875
0 0.8076171875 0.91748046875 0.0703125 0.0537109375
0 0.75927734375 0.861328125 0.0517578125 0.0546875
0 0.8134765625 0.85546875 0.0625 0.068359375
0 0.859375 0.82275390625 0.111328125 0.1044921875
0 0.89013671875 0.75830078125 0.0869140625 0.0810546875
0 0.91845703125 0.736328125 0.0537109375 0.048828125
0 0.94775390625 0.81298828125 0.0712890625 0.0634765625
0 0.96435546875 0.91845703125 0.0673828125 0.0869140625
0 0.7353515625 0.5595703125 0.060546875 0.0625
0 0.958984375 0.54345703125 0.048828125 0.0732421875
0 0.849609375 0.41650390625 0.0546875 0.0556640625
0 0.60791015625 0.3486328125 0.0595703125 0.068359375
0 0.36328125 0.298828125 0.048828125 0.052734375
0 0.4111328125 0.29443359375 0.0625 0.0673828125
0 0.44189453125 0.2333984375 0.0654296875 0.0625
0 0.5595703125 0.248046875 0.060546875 0.0546875
0 0.5615234375 0.2998046875 0.0625 0.044921875
0 0.69482421875 0.15625 0.0712890625 0.095703125
0 0.54052734375 0.14501953125 0.0478515625 0.0556640625
0 0.50341796875 0.08642578125 0.0830078125 0.0634765625
0 0.61767578125 0.025390625 0.0751953125 0.05078125
0 0.97021484375 0.9853515625 0.0576171875 0.029296875
0 0.056640625 0.619140625 0.05078125 0.05078125
0 0.01220703125 0.72802734375 0.0244140625 0.0693359375
0 0.546875 0.19677734375 0.04296875 0.0419921875
0 0.56005859375 0.39453125 0.0654296875 0.046875
0 0.15234375 0.82470703125 0.046875 0.0556640625
