0 0.26171875 0.02099609375 0.083984375 0.0419921875
0 0.341796875 0.037109375 0.05859375 0.07421875
0 0.0576171875 0.1494140625 0.0859375 0.142578125
0 0.27099609375 0.14453125 0.0908203125 0.08203125
0 0.44189453125 0.11962890625 0.1142578125 0.0673828125
0 0.15234375 0.16357421875 0.07421875 0.0810546875
0 0.3671875 0.146484375 0.060546875 0.0546875
0 0.59912109375 0.02783203125 0.1181640625 0.0556640625
0 0.888671875 0.06640625 0.09765625 0.078125
0 0.70703125 0.123046875 0.080078125 0.087890625
0 0.66162109375 0.19873046875 0.0908203125 0.0947265625
0 0.53271484375 0.24365234375 0.0693359375 0.0712890625
0 0.361328125 0.333984375 0.068359375 0.06640625
0 0.8642578125 0.24609375 0.076171875 0.087890625
0 0.97021484375 0.23974609375 0.0595703125 0.1416015625
0 0.158203125 0.38818359375 0.107421875 0.0712890625
0 0.060546875 0.33251953125 0.07421875 0.0634765625
0 0.0712890625 0.49169921875 0.087890625 0.0927734375
0 0.21826171875 0.6181640625 0.1181640625 0.13671875
0 0.44775390625 0.55712890625 0.0791015625 0.0888671875
0 0.56103515625 0.56787109375 0.0791015625 0.0966796875
0 0.59716796875 0.3837890625 0.0986328125 0.078125
0 0.6396484375 0.29931640625 0.107421875 0.0654296875
0 0.79296875 0.35693359375 0.07421875 0.0830078125
0 0.9013671875 0.4775390625 0.09375 0.10546875
0 0.72314453125 0.5458984375 0.0908203125 0.103515625
0 0.6328125 0.6103515625 0.0546875 0.08203125
0 0.62353515625 0.7236328125 0.0771484375 0.06640625
0 0.595703125 0.8271484375 0.08984375 0.080078125
0 0.44580078125 0.80126953125 0.0595703125 0.0849609375
0 0.318359375 0.84765625 0.068359375 0.07421875
0 0.287109375 0.9111328125 0.068359375 0.06640625
0 0.06640625 0.76806640625 0.07421875 0.0595703125
0 0.0634765625 0.9287109375 0.0703125 0.1015625
0 0.52294921875 0.9609375 0.1279296875 0.078125
0 0.1279296875 0.97900390625 0.052734375 0.0419921875
0 0.81005859375 0.94140625 0.1201171875 0.0859375
0 0.91015625 0.81982421875 0.068359375 0.0673828125
0 0.95703125 0.66552734375 0.076171875 0.1142578125
0 0.912109375 0.974609375 0.068359375 0.05078125
0 0.0517578125 0.64208984375 0.0703125 0.0810546875
0 0.50048828125 0.2177734375 0.0361328125 0.0546875
0 0.5732421875 0.28515625 0.0546875 0.068359375
0 0.19140625 0.921875 0.056640625 0.056640625
