0 0.2587890625 0.29345703125 0.15234375 0.1103515625
0 0.36328125 0.67431640625 0.13671875 0.0751953125
0 0.40380859375 0.15771484375 0.1181640625 0.0849609375
0 0.44091796875 0.34033203125 0.1982421875 0.0908203125
0 0.234375 0.8564453125 0.083984375 0.189453125
0 0.35498046875 0.041015625 0.0810546875 0.08203125
0 0.52099609375 0.41845703125 0.2001953125 0.0849609375
0 0.02783203125 0.43603515625 0.0537109375 0.0927734375
0 0.908203125 0.4296875 0.1796875 0.08203125
0 0.50830078125 0.908203125 0.1630859375 0.087890625
0 0.9482421875 0.92333984375 0.09765625 0.1494140625
0 0.34423828125 0.7373046875 0.1201171875 0.080078125
0 0.658203125 0.7548828125 0.080078125 0.08984375
0 0.40771484375 0.9375 0.0771484375 0.115234375
0 0.162109375 0.03369140625 0.07421875 0.0673828125
0 0.16796875 0.55615234375 0.080078125 0.0751953125
0 0.83984375 0.041015625 0.21484375 0.08203125
0 0.3251953125 0.88671875 0.119140625 0.162109375
0 0.9521484375 0.162109375 0.095703125 0.08984375
0 0.77685546875 0.099609375 0.1005859375 0.125
0 0.96728515625 0.3388671875 0.0654296875 0.10546875
0 0.951171875 0.2333984375 0.09765625 0.08203125
0 0.9609375 0.373046875 0.078125 0.052734375
0 0.32470703125 0.79931640625 0.1201171875 0.1044921875
