0 0.06591796875 0.59033203125 0.1025390625 0.1474609375
0 0.109375 0.97216796875 0.08984375 0.0556640625
0 0.0234375 0.75244140625 0.046875 0.0849609375
0 0.09814453125 0.69091796875 0.0771484375 0.0576171875
0 0.01708984375 0.16552734375 0.0341796875 0.1533203125
0 0.03955078125 0.82666015625 0.0791015625 0.0673828125
0 0.56982421875 0.07421875 0.0830078125 0.107421875
0 0.01953125 0.50537109375 0.0390625 0.0947265625
0 0.01123046875 0.05615234375 0.0224609375 0.1123046875
0 0.95654296875 0.57763671875 0.0869140625 0.0732421875
0 0.9208984375 0.453125 0.1328125 0.1171875
0 0.9033203125 0.412109375 0.08984375 0.095703125
