0 0.0576171875 0.03466796875 0.115234375 0.0693359375
0 0.046875 0.77490234375 0.09375 0.1064453125
0 0.0166015625 0.3271484375 0.033203125 0.05859375
0 0.06982421875 0.3076171875 0.0595703125 0.05859375
0 0.06640625 0.41259765625 0.1328125 0.0849609375
0 0.185546875 0.33642578125 0.072265625 0.0732421875
0 0.1982421875 0.20166015625 0.083984375 0.0791015625
0 0.03271484375 0.95068359375 0.0654296875 0.0986328125
0 0.16015625 0.91943359375 0.140625 0.0654296875
0 0.33740234375 0.87744140625 0.0810546875 0.0810546875
0 0.43115234375 0.8271484375 0.0810546875 0.1171875
0 0.51123046875 0.802734375 0.0732421875 0.14453125
0 0.66015625 0.83349609375 0.08984375 0.0849609375
0 0.5126953125 0.65625 0.134765625 0.0703125
0 0.37451171875 0.5078125 0.2138671875 0.09765625
0 0.49951171875 0.43115234375 0.1220703125 0.0810546875
0 0.38916015625 0.36474609375 0.0712890625 0.0693359375
0 0.283203125 0.33203125 0.099609375 0.140625
0 0.41015625 0.234375 0.078125 0.072265625
0 0.513671875 0.232421875 0.099609375 0.08203125
0 0.70556640625 0.4453125 0.0654296875 0.109375
0 0.77099609375 0.7890625 0.0712890625 0.09375
0 0.6669921875 0.9228515625 0.0625 0.05859375
0 0.91796875 0.96044921875 0.130859375 0.0791015625
0 0.94921875 0.85693359375 0.1015625 0.0986328125
0 0.9306640625 0.7509765625 0.076171875 0.083984375
0 0.8359375 0.5771484375 0.1484375 0.23046875
0 0.97216796875 0.501953125 0.0556640625 0.068359375
0 0.84130859375 0.328125 0.2412109375 0.076171875
0 0.7578125 0.21923828125 0.083984375 0.0673828125
0 0.724609375 0.09619140625 0.072265625 0.1005859375
0 0.841796875 0.1044921875 0.15234375 0.0703125
0 0.6611328125 0.017578125 0.2265625 0.03515625
0 0.41357421875 0.0400390625 0.1787109375 0.080078125
0 0.28369140625 0.13720703125 0.1513671875 0.1220703125
0 0.98193359375 0.69921875 0.0361328125 0.15234375
0 0.97705078125 0.1318359375 0.0458984375 0.076171875
