0 0.17333984375 0.32421875 0.1181640625 0.08984375
0 0.51318359375 0.79931640625 0.1982421875 0.0849609375
0 0.880859375 0.01806640625 0.078125 0.0361328125
0 0.853515625 0.876953125 0.09765625 0.0703125
0 0.7470703125 0.71875 0.109375 0.0625
0 0.21484375 0.4248046875 0.134765625 0.080078125
0 0.3720703125 0.21826171875 0.169921875 0.0732421875
0 0.86669921875 0.71630859375 0.1025390625 0.0576171875
0 0.814453125 0.10595703125 0.080078125 0.1220703125
0 0.03271484375 0.05224609375 0.0654296875 0.1005859375
0 0.06201171875 0.41455078125 0.0693359375 0.1298828125
0 0.56787109375 0.1240234375 0.0576171875 0.064453125
0 0.87060546875 0.41357421875 0.1376953125 0.0673828125
0 0.201171875 0.21826171875 0.142578125 0.1025390625
0 0.48583984375 0.4072265625 0.1533203125 0.099609375
0 0.64697265625 0.42431640625 0.0654296875 0.0595703125
0 0.26953125 0.140625 0.17578125 0.126953125
0 0.6181640625 0.65185546875 0.0625 0.1552734375
0 0.623046875 0.0322265625 0.072265625 0.0546875
0 0.53955078125 0.5107421875 0.2548828125 0.078125
0 0.166015625 0.482421875 0.15234375 0.080078125
0 0.7431640625 0.9111328125 0.087890625 0.177734375
0 0.05224609375 0.0009765625 0.1044921875 0.001953125
0 0.880859375 0.48095703125 0.09765625 0.0576171875
0 0.66455078125 0.0732421875 0.0693359375 0.142578125
0 0.294921875 0.0361328125 0.064453125 0.072265625
0 0.7333984375 0.51708984375 0.123046875 0.0947265625
0 0.39208984375 0.02392578125 0.1298828125 0.0478515625
0 0.66943359375 0.83740234375 0.1005859375 0.0849609375
0 0.14990234375 0.595703125 0.0751953125 0.09765625
0 0.86962890625 0.6044921875 0.2607421875 0.0703125
0 0.318359375 0.943359375 0.09765625 0.078125
0 0.52685546875 0.03662109375 0.0732421875 0.0595703125
0 0.94580078125 0.3271484375 0.1083984375 0.064453125
0 0.54833984375 0.64306640625 0.0771484375 0.1279296875
0 0.17919921875 0.62841796875 0.0849609375 0.1181640625
0 0.11962890625 0.8408203125 0.0751953125 0.318359375
0 0.38330078125 0.943359375 0.0673828125 0.11328125
0 0.6357421875 0.96044921875 0.125 0.0791015625
0 0.93994140625 0.8369140625 0.1201171875 0.064453125
0 0.6943359375 0.6796875 0.0546875 0.0546875
0 0.96728515625 0.5009765625 0.0654296875 0.142578125
0 0.90869140625 0.79736328125 0.1826171875 0.0751953125
0 0.4697265625 0.3759765625 0.064453125 0.212890625
0 0.66650390625 0.4736328125 0.1591796875 0.076171875
0 0.0546875 0.9697265625 0.064453125 0.060546875
0 0.3623046875 0.86572265625 0.080078125 0.0673828125
0 0.966796875 0.74462890625 0.06640625 0.0595703125
0 0.21826171875 0.76220703125 0.0966796875 0.1103515625
0 0.25390625 0.12255859375 0.22265625 0.0927734375
0 0.9736328125 0.67724609375 0.052734375 0.0654296875
0 0.7392578125 0.60302734375 0.134765625 0.0576171875
0 0.9716796875 0.8828125 0.056640625 0.04296875
0 0.9169921875 0.52099609375 0.064453125 0.0419921875
0 0.8818359375 0.55419921875 0.099609375 0.0400390625
0 0.9599609375 0.287109375 0.080078125 0.060546875
0 0.47705078125 0.03564453125 0.1201171875 0.0673828125
0 0.978515625 0.0849609375 0.04296875 0.044921875
0 0.97216796875 0.13818359375 0.0556640625 0.0576171875
0 0.96630859375 0.20068359375 0.0673828125 0.0634765625
