0 0.2060546875 0.8046875 0.087890625 0.099609375
0 0.443359375 0.32958984375 0.087890625 0.1044921875
0 0.3857421875 0.74658203125 0.078125 0.0849609375
0 0.99853515625 0.58935546875 0.0029296875 0.0751953125
0 0.9365234375 0.45263671875 0.083984375 0.1435546875
0 0.15576171875 0.53076171875 0.0869140625 0.0732421875
0 0.5888671875 0.8037109375 0.08203125 0.080078125
0 0.44189453125 0.95361328125 0.0849609375 0.0927734375
0 0.71484375 0.82861328125 0.0703125 0.1025390625
0 0.88232421875 0.74169921875 0.0849609375 0.0751953125
0 0.64306640625 0.9521484375 0.1025390625 0.095703125
0 0.51416015625 0.70458984375 0.1201171875 0.0947265625
0 0.77490234375 0.51708984375 0.0751953125 0.1005859375
0 0.06201171875 0.578125 0.0947265625 0.09765625
0 0.3125 0.89013671875 0.11328125 0.0986328125
0 0.19091796875 0.30810546875 0.1318359375 0.0830078125
0 0.890625 0.60595703125 0.08203125 0.1279296875
0 0.55078125 0.6083984375 0.078125 0.1171875
0 0.33447265625 0.11181640625 0.0849609375 0.1201171875
0 0.6796875 0.453125 0.08984375 0.08203125
0 0.87939453125 0.2236328125 0.0947265625 0.09765625
0 0.84716796875 0.3056640625 0.0693359375 0.09765625
0 0.1767578125 0.12939453125 0.0703125 0.0947265625
0 0.94091796875 0.0849609375 0.0830078125 0.125
0 0.6982421875 0.7216796875 0.078125 0.125
0 0.25244140625 0.189453125 0.0849609375 0.16015625
0 0.73974609375 0.21435546875 0.0849609375 0.1396484375
0 0.4912109375 0.22119140625 0.0625 0.1025390625
0 0.06689453125 0.83349609375 0.0751953125 0.0673828125
0 0.65185546875 0.228515625 0.0634765625 0.072265625
0 0.689453125 0.1357421875 0.080078125 0.09765625
0 0.8818359375 0.11328125 0.060546875 0.13671875
0 0.17529296875 0.03662109375 0.0673828125 0.0732421875
0 0.171875 0.2509765625 0.099609375 0.087890625
0 0.65625 0.04150390625 0.060546875 0.0810546875
0 0.76318359375 0.03466796875 0.0498046875 0.0673828125
0 0.775390625 0.2744140625 0.107421875 0.134765625
0 0.478515625 0.56982421875 0.107421875 0.1552734375
0 0.04931640625 0.388671875 0.0947265625 0.107421875
0 0.58642578125 0.0361328125 0.0576171875 0.0703125
