0 0.94921875 0.044921875 0.078125 0.08984375
0 0.1494140625 0.18115234375 0.076171875 0.0712890625
0 0.240234375 0.16650390625 0.072265625 0.0634765625
0 0.3564453125 0.2548828125 0.052734375 0.087890625
0 0.4072265625 0.2666015625 0.06640625 0.064453125
0 0.447265625 0.14697265625 0.056640625 0.0634765625
0 0.521484375 0.17236328125 0.064453125 0.0634765625
0 0.6318359375 0.1611328125 0.06640625 0.095703125
0 0.69384765625 0.2265625 0.0810546875 0.06640625
0 0.64306640625 0.34716796875 0.1142578125 0.0693359375
0 0.73974609375 0.29638671875 0.0673828125 0.0595703125
0 0.79736328125 0.2919921875 0.0712890625 0.0859375
0 0.8505859375 0.291015625 0.048828125 0.0625
0 0.87158203125 0.18798828125 0.0556640625 0.0576171875
0 0.8134765625 0.19091796875 0.068359375 0.0634765625
0 0.80908203125 0.14453125 0.1064453125 0.05859375
0 0.93603515625 0.2333984375 0.0751953125 0.072265625
0 0.93359375 0.3330078125 0.056640625 0.068359375
0 0.96875 0.27197265625 0.0625 0.0517578125
0 0.03271484375 0.65380859375 0.0498046875 0.0556640625
0 0.08154296875 0.6181640625 0.0576171875 0.044921875
0 0.17822265625 0.55615234375 0.0771484375 0.0810546875
0 0.23486328125 0.53857421875 0.0576171875 0.0556640625
0 0.27197265625 0.58984375 0.0576171875 0.056640625
0 0.05078125 0.79736328125 0.07421875 0.0751953125
0 0.13037109375 0.77587890625 0.0478515625 0.0869140625
0 0.169921875 0.75634765625 0.0546875 0.0634765625
0 0.201171875 0.7138671875 0.0625 0.06640625
0 0.275390625 0.7041015625 0.064453125 0.0703125
0 0.33642578125 0.68115234375 0.0810546875 0.0595703125
0 0.4140625 0.638671875 0.0703125 0.06640625
0 0.52392578125 0.7001953125 0.0673828125 0.0625
0 0.451171875 0.72998046875 0.111328125 0.0693359375
0 0.50830078125 0.76513671875 0.0693359375 0.0537109375
0 0.53857421875 0.8203125 0.0537109375 0.08984375
0 0.3525390625 0.84716796875 0.06640625 0.0634765625
0 0.66357421875 0.7548828125 0.0712890625 0.10546875
0 0.7041015625 0.7275390625 0.06640625 0.064453125
0 0.7353515625 0.67138671875 0.05078125 0.0595703125
0 0.81787109375 0.75537109375 0.0732421875 0.0556640625
0 0.87353515625 0.74951171875 0.0556640625 0.0517578125
0 0.5732421875 0.71337890625 0.052734375 0.0517578125
