0 0.83544921875 0.95849609375 0.0419921875 0.0244140625
0 0.97216796875 0.96875 0.0556640625 0.0390625
0 0.7802734375 0.76416015625 0.041015625 0.0380859375
0 0.90771484375 0.7099609375 0.1044921875 0.04296875
0 0.47705078125 0.7197265625 0.0478515625 0.076171875
0 0.41845703125 0.6298828125 0.0439453125 0.0390625
0 0.44140625 0.55029296875 0.044921875 0.1103515625
0 0.5302734375 0.50048828125 0.03515625 0.0380859375
0 0.69482421875 0.5537109375 0.0576171875 0.03515625
0 0.845703125 0.55078125 0.076171875 0.05859375
0 0.97119140625 0.42041015625 0.0576171875 0.0712890625
0 0.4619140625 0.166015625 0.0703125 0.029296875
0 0.5458984375 0.09033203125 0.03515625 0.0634765625
0 0.21484375 0.1298828125 0.046875 0.041015625
0 0.123046875 0.06494140625 0.0703125 0.0458984375
0 0.13623046875 0.1884765625 0.0380859375 0.087890625
0 0.26953125 0.3720703125 0.037109375 0.0546875
0 0.111328125 0.34375 0.0390625 0.037109375
0 0.1015625 0.404296875 0.046875 0.041015625
0 0.05859375 0.42578125 0.05078125 0.033203125
0 0.041015625 0.486328125 0.060546875 0.046875
0 0.052734375 0.57275390625 0.033203125 0.0498046875
0 0.09814453125 0.591796875 0.0654296875 0.041015625
0 0.27978515625 0.63037109375 0.0400390625 0.0419921875
0 0.19189453125 0.6611328125 0.0439453125 0.046875
