0 0.31201171875 0.296875 0.1396484375 0.08984375
0 0.21337890625 0.1357421875 0.1181640625 0.072265625
0 0.2431640625 0.50927734375 0.20703125 0.0751953125
0 0.63916015625 0.95703125 0.0927734375 0.0859375
0 0.66845703125 0.3857421875 0.2626953125 0.091796875
0 0.544921875 0.79052734375 0.177734375 0.0869140625
0 0.09326171875 0.0556640625 0.1103515625 0.0625
0 0.48046875 0.6796875 0.142578125 0.099609375
0 0.025390625 0.875 0.048828125 0.15234375
0 0.0390625 0.123046875 0.072265625 0.080078125
0 0.48828125 0.23486328125 0.11328125 0.0849609375
0 0.59716796875 0.18701171875 0.1298828125 0.0556640625
0 0.07421875 0.2392578125 0.1484375 0.064453125
0 0.5244140625 0.62060546875 0.10546875 0.0830078125
0 0.03466796875 0.28076171875 0.0693359375 0.0732421875
0 0.32568359375 0.126953125 0.1181640625 0.064453125
0 0.2607421875 0.69775390625 0.091796875 0.1201171875
0 0.685546875 0.55224609375 0.142578125 0.0751953125
0 0.76708984375 0.7158203125 0.1591796875 0.072265625
0 0.52685546875 0.916015625 0.1298828125 0.087890625
0 0.78466796875 0.765625 0.1298828125 0.0625
0 0.32470703125 0.171875 0.1103515625 0.060546875
0 0.05029296875 0.93408203125 0.1005859375 0.1298828125
0 0.18212890625 0.919921875 0.1005859375 0.16015625
0 0.28076171875 0.75634765625 0.1533203125 0.0615234375
0 0.7138671875 0.9501953125 0.140625 0.09765625
0 0.89111328125 0.9609375 0.1376953125 0.078125
0 0.95166015625 0.625 0.0966796875 0.0859375
0 0.5244140625 0.2724609375 0.099609375 0.080078125
