0 0.2734375 0.05419921875 0.1484375 0.1083984375
0 0.07958984375 0.19921875 0.1044921875 0.1171875
0 0.38671875 0.02880859375 0.0625 0.0576171875
0 0.62353515625 0.017578125 0.0908203125 0.03515625
0 0.47509765625 0.04296875 0.0654296875 0.080078125
0 0.51123046875 0.11962890625 0.0654296875 0.0673828125
0 0.646484375 0.11767578125 0.15234375 0.1005859375
0 0.802734375 0.029296875 0.08203125 0.05859375
0 0.64794921875 0.21630859375 0.1279296875 0.0771484375
0 0.84130859375 0.20166015625 0.0732421875 0.0595703125
0 0.77001953125 0.37890625 0.0908203125 0.109375
0 0.96044921875 0.15380859375 0.0791015625 0.0693359375
0 0.90869140625 0.40771484375 0.1103515625 0.1337890625
0 0.841796875 0.513671875 0.115234375 0.16015625
0 0.71484375 0.48291015625 0.15625 0.1611328125
0 0.255859375 0.423828125 0.279296875 0.22265625
0 0.07470703125 0.443359375 0.0966796875 0.076171875
0 0.087890625 0.60498046875 0.08984375 0.0634765625
0 0.34130859375 0.81396484375 0.0693359375 0.0654296875
0 0.16259765625 0.943359375 0.0791015625 0.0703125
0 0.2705078125 0.962890625 0.080078125 0.07421875
0 0.93505859375 0.61376953125 0.1201171875 0.1396484375
