0 0.58203125 0.19189453125 0.119140625 0.1123046875
0 0.86083984375 0.02880859375 0.0537109375 0.0576171875
0 0.9228515625 0.03662109375 0.05859375 0.0732421875
0 0.69140625 0.08544921875 0.08203125 0.1201171875
0 0.4677734375 0.0966796875 0.087890625 0.126953125
0 0.37353515625 0.17626953125 0.0830078125 0.0615234375
0 0.23876953125 0.1962890625 0.1494140625 0.080078125
0 0.3203125 0.2412109375 0.06640625 0.076171875
0 0.4404296875 0.24365234375 0.109375 0.0673828125
0 0.3115234375 0.5361328125 0.103515625 0.21875
0 0.3935546875 0.3232421875 0.078125 0.0703125
0 0.3271484375 0.36376953125 0.06640625 0.0654296875
0 0.166015625 0.28564453125 0.09765625 0.0908203125
0 0.201171875 0.3291015625 0.142578125 0.0625
0 0.07421875 0.3876953125 0.1484375 0.076171875
0 0.27978515625 0.8115234375 0.1318359375 0.08984375
0 0.45947265625 0.82568359375 0.1025390625 0.1142578125
0 0.55078125 0.90185546875 0.087890625 0.1279296875
0 0.6201171875 0.76953125 0.1015625 0.095703125
0 0.62939453125 0.67919921875 0.0751953125 0.0693359375
0 0.71630859375 0.72705078125 0.0986328125 0.0771484375
0 0.79248046875 0.779296875 0.1240234375 0.0703125
0 0.7265625 0.57958984375 0.06640625 0.0947265625
0 0.75439453125 0.65966796875 0.1103515625 0.0576171875
0 0.64208984375 0.50390625 0.0595703125 0.06640625
0 0.54345703125 0.48974609375 0.0927734375 0.0615234375
0 0.58203125 0.33154296875 0.076171875 0.0751953125
0 0.51416015625 0.70068359375 0.0810546875 0.0712890625
0 0.27783203125 0.71923828125 0.1416015625 0.0654296875
0 0.1689453125 0.6494140625 0.08203125 0.05859375
0 0.078125 0.78564453125 0.0703125 0.0771484375
0 0.06689453125 0.71875 0.1279296875 0.05078125
0 0.0576171875 0.58203125 0.115234375 0.0546875
0 0.09228515625 0.51953125 0.0830078125 0.048828125
0 0.9609375 0.90673828125 0.078125 0.1435546875
0 0.7294921875 0.89599609375 0.0859375 0.0751953125
0 0.3642578125 0.8662109375 0.09375 0.076171875
0 0.23291015625 0.5927734375 0.0947265625 0.068359375
0 0.423828125 0.609375 0.06640625 0.06640625
0 0.44287109375 0.4033203125 0.1044921875 0.078125
0 0.49169921875 0.3310546875 0.1005859375 0.095703125
0 0.6005859375 0.5458984375 0.0703125 0.0703125
0 0.03125 0.26708984375 0.0625 0.0615234375
