0 0.84326171875 0.24560546875 0.0771484375 0.1220703125
0 0.978515625 0.91748046875 0.04296875 0.0517578125
0 0.787109375 0.8720703125 0.080078125 0.080078125
0 0.7607421875 0.3583984375 0.072265625 0.1328125
0 0.8896484375 0.87109375 0.08984375 0.072265625
0 0.94970703125 0.53955078125 0.0849609375 0.0693359375
0 0.71826171875 0.61474609375 0.0654296875 0.0634765625
0 0.96142578125 0.69970703125 0.0771484375 0.0654296875
0 0.87744140625 0.46875 0.0849609375 0.0625
0 0.96875 0.42822265625 0.0625 0.0771484375
0 0.95849609375 0.30322265625 0.0830078125 0.1181640625
0 0.7880859375 0.71875 0.06640625 0.109375
0 0.783203125 0.79296875 0.087890625 0.0625
0 0.7958984375 0.9697265625 0.078125 0.060546875
0 0.669921875 0.79345703125 0.080078125 0.0673828125
0 0.95703125 0.80712890625 0.0703125 0.0673828125
0 0.95849609375 0.58837890625 0.0830078125 0.0673828125
0 0.890625 0.3896484375 0.08203125 0.080078125
0 0.79931640625 0.42822265625 0.0751953125 0.1181640625
0 0.81787109375 0.0888671875 0.0634765625 0.0703125
0 0.8173828125 0.3134765625 0.080078125 0.09765625
0 0.9814453125 0.64794921875 0.037109375 0.0498046875
0 0.69921875 0.57861328125 0.080078125 0.0576171875
0 0.66015625 0.95556640625 0.037109375 0.0419921875
0 0.8564453125 0.96923828125 0.083984375 0.0537109375
