0 0.6259765625 0.96923828125 0.080078125 0.0615234375
0 0.55908203125 0.9755859375 0.0908203125 0.048828125
0 0.4853515625 0.9755859375 0.08984375 0.048828125
0 0.82177734375 0.90771484375 0.0751953125 0.0673828125
0 0.96923828125 0.8603515625 0.0615234375 0.07421875
0 0.6416015625 0.8251953125 0.068359375 0.0546875
0 0.75439453125 0.81494140625 0.1474609375 0.0595703125
0 0.7333984375 0.76171875 0.095703125 0.080078125
0 0.87744140625 0.783203125 0.0478515625 0.06640625
0 0.91845703125 0.736328125 0.1630859375 0.072265625
0 0.6923828125 0.65625 0.060546875 0.080078125
0 0.78662109375 0.66650390625 0.0712890625 0.0791015625
0 0.80517578125 0.56689453125 0.0830078125 0.1201171875
0 0.9912109375 0.65771484375 0.017578125 0.0693359375
0 0.80126953125 0.45703125 0.1396484375 0.078125
0 0.69775390625 0.4892578125 0.0712890625 0.08203125
0 0.58740234375 0.42138671875 0.0849609375 0.0537109375
0 0.59912109375 0.50048828125 0.1103515625 0.1103515625
0 0.431640625 0.43359375 0.130859375 0.087890625
0 0.400390625 0.525390625 0.08984375 0.14453125
0 0.67529296875 0.32373046875 0.0927734375 0.0693359375
0 0.74658203125 0.3125 0.0849609375 0.064453125
0 0.90869140625 0.27294921875 0.0634765625 0.0751953125
0 0.79443359375 0.24169921875 0.0986328125 0.0712890625
0 0.9501953125 0.3876953125 0.099609375 0.060546875
0 0.9814453125 0.3427734375 0.037109375 0.0703125
0 0.98193359375 0.20654296875 0.0361328125 0.0771484375
0 0.98095703125 0.1064453125 0.0380859375 0.0546875
0 0.85546875 0.11669921875 0.173828125 0.0712890625
0 0.8349609375 0.05029296875 0.064453125 0.0771484375
0 0.48681640625 0.03369140625 0.0830078125 0.0673828125
0 0.31201171875 0.14892578125 0.0830078125 0.0712890625
0 0.21826171875 0.2216796875 0.0693359375 0.072265625
0 0.29248046875 0.25146484375 0.0712890625 0.0693359375
0 0.39697265625 0.0087890625 0.0927734375 0.017578125
0 0.41357421875 0.044921875 0.0634765625 0.0546875
0 0.2392578125 0.0283203125 0.11328125 0.056640625
0 0.0244140625 0.15966796875 0.048828125 0.0986328125
0 0.10302734375 0.3642578125 0.0712890625 0.06640625
0 0.037109375 0.3681640625 0.07421875 0.09765625
0 0.1767578125 0.4951171875 0.080078125 0.091796875
0 0.08642578125 0.59326171875 0.0908203125 0.1572265625
0 0.1015625 0.830078125 0.087890625 0.087890625
0 0.10595703125 0.7333984375 0.0888671875 0.064453125
0 0.1689453125 0.7451171875 0.056640625 0.087890625
0 0.3251953125 0.9140625 0.076171875 0.0625
0 0.8828125 0.50537109375 0.068359375 0.0888671875
0 0.8603515625 0.77294921875 0.044921875 0.0712890625
0 0.056640625 0.88232421875 0.09765625 0.0673828125
0 0.10791015625 0.51708984375 0.0478515625 0.0576171875
0 0.34033203125 0.55517578125 0.0693359375 0.0927734375
0 0.51171875 0.43505859375 0.041015625 0.0712890625
0 0.03466796875 0.14111328125 0.0595703125 0.0908203125
0 0.8720703125 0.01171875 0.07421875 0.0234375
0 0.8486328125 0.486328125 0.078125 0.0625
