0 0.06884765625 0.279296875 0.1201171875 0.12109375
0 0.02685546875 0.3134765625 0.0537109375 0.099609375
0 0.25048828125 0.07177734375 0.1298828125 0.0712890625
0 0.07763671875 0.0322265625 0.1552734375 0.056640625
0 0.60986328125 0.03955078125 0.1474609375 0.0576171875
0 0.552734375 0.11279296875 0.09375 0.0615234375
0 0.7099609375 0.16259765625 0.109375 0.0810546875
0 0.44970703125 0.22119140625 0.0693359375 0.0751953125
0 0.6162109375 0.31884765625 0.1484375 0.0693359375
0 0.6552734375 0.39892578125 0.083984375 0.0791015625
0 0.3486328125 0.4521484375 0.1171875 0.140625
0 0.1708984375 0.35546875 0.115234375 0.119140625
0 0.2822265625 0.39306640625 0.2265625 0.1474609375
0 0.04296875 0.5322265625 0.08203125 0.154296875
0 0.533203125 0.47509765625 0.12109375 0.0634765625
0 0.56201171875 0.521484375 0.1669921875 0.07421875
0 0.400390625 0.59814453125 0.0703125 0.0791015625
0 0.2294921875 0.62548828125 0.078125 0.1201171875
0 0.5302734375 0.65380859375 0.146484375 0.0634765625
0 0.6162109375 0.71435546875 0.12890625 0.0751953125
0 0.53271484375 0.78759765625 0.0791015625 0.0615234375
0 0.69873046875 0.84130859375 0.1865234375 0.0615234375
0 0.71875 0.61767578125 0.162109375 0.0712890625
0 0.85107421875 0.51123046875 0.0615234375 0.0849609375
0 0.8955078125 0.3369140625 0.099609375 0.16015625
0 0.95361328125 0.71875 0.0927734375 0.080078125
0 0.97802734375 0.91259765625 0.0439453125 0.1123046875
0 0.9052734375 0.9677734375 0.076171875 0.064453125
0 0.78857421875 0.953125 0.0849609375 0.09375
0 0.9833984375 0.9892578125 0.033203125 0.021484375
0 0.08544921875 0.9072265625 0.1630859375 0.056640625
0 0.35791015625 0.7978515625 0.0810546875 0.068359375
0 0.02392578125 0.8310546875 0.0478515625 0.078125
0 0.1533203125 0.14453125 0.146484375 0.111328125
0 0.70947265625 0.0751953125 0.1025390625 0.08984375
0 0.5341796875 0.10009765625 0.150390625 0.0654296875
0 0.93408203125 0.1201171875 0.0810546875 0.064453125
0 0.40234375 0.70654296875 0.12109375 0.0556640625
0 0.216796875 0.529296875 0.234375 0.119140625
0 0.6220703125 0.751953125 0.146484375 0.1015625
0 0.544921875 0.83056640625 0.10546875 0.0673828125
0 0.40234375 0.78125 0.06640625 0.052734375
0 0.10791015625 0.07958984375 0.1240234375 0.1298828125
