0 0.96533203125 0.4794921875 0.0576171875 0.09375
0 0.0712890625 0.3701171875 0.095703125 0.052734375
0 0.189453125 0.03271484375 0.0859375 0.0634765625
0 0.05322265625 0.208984375 0.0947265625 0.07421875
0 0.07470703125 0.48095703125 0.1083984375 0.0615234375
0 0.759765625 0.2578125 0.11328125 0.0546875
0 0.05419921875 0.52685546875 0.1064453125 0.0498046875
0 0.1318359375 0.8154296875 0.091796875 0.044921875
0 0.05078125 0.77685546875 0.099609375 0.0419921875
0 0.169921875 0.05615234375 0.08984375 0.0654296875
0 0.56005859375 0.66943359375 0.0888671875 0.0712890625
0 0.958984375 0.2548828125 0.078125 0.064453125
0 0.04248046875 0.11181640625 0.0771484375 0.0439453125
0 0.57421875 0.541015625 0.0859375 0.06640625
0 0.2080078125 0.68115234375 0.08984375 0.0576171875
0 0.5498046875 0.275390625 0.134765625 0.04296875
0 0.0341796875 0.2939453125 0.06640625 0.044921875
0 0.49072265625 0.46923828125 0.1083984375 0.0732421875
0 0.84912109375 0.06494140625 0.0732421875 0.0341796875
0 0.4658203125 0.228515625 0.076171875 0.04296875
0 0.29931640625 0.9375 0.0771484375 0.052734375
0 0.95849609375 0.3056640625 0.0830078125 0.041015625
0 0.6875 0.55224609375 0.08984375 0.0458984375
0 0.1650390625 0.275390625 0.146484375 0.04296875
0 0.11767578125 0.08740234375 0.0888671875 0.0419921875
0 0.27880859375 0.5537109375 0.1025390625 0.07421875
0 0.806640625 0.3740234375 0.041015625 0.05859375
0 0.97705078125 0.353515625 0.0458984375 0.0234375
0 0.51953125 0.064453125 0.064453125 0.033203125
0 0.40478515625 0.82666015625 0.0712890625 0.0439453125
0 0.05517578125 0.91650390625 0.1025390625 0.0400390625
0 0.08984375 0.85498046875 0.072265625 0.0654296875
0 0.4560546875 0.28125 0.056640625 0.099609375
0 0.39013671875 0.2607421875 0.0615234375 0.05859375
0 0.73974609375 0.91064453125 0.0751953125 0.0419921875
0 0.46337890625 0.6640625 0.0791015625 0.03125
0 0.81201171875 0.89599609375 0.0810546875 0.0380859375
0 0.60302734375 0.67333984375 0.0517578125 0.0361328125
0 0.0546875 0.8681640625 0.107421875 0.0390625
0 0.453125 0.61181640625 0.044921875 0.0400390625
0 0.53369140625 0.71044921875 0.0517578125 0.0478515625
0 0.044921875 0.6015625 0.08984375 0.033203125
0 0.7802734375 0.5654296875 0.0703125 0.033203125
0 0.31103515625 0.7333984375 0.0888671875 0.02734375
0 0.4384765625 0.7001953125 0.0625 0.01953125
0 0.298828125 0.34814453125 0.083984375 0.0380859375
0 0.13720703125 0.97607421875 0.1181640625 0.0322265625
0 0.21484375 0.310546875 0.107421875 0.056640625
0 0.017578125 0.98828125 0.03515625 0.0234375
0 0.32275390625 0.38134765625 0.1083984375 0.0380859375
0 0.82666015625 0.6943359375 0.0498046875 0.04296875
0 0.037109375 0.025390625 0.072265625 0.033203125
0 0.7158203125 0.015625 0.08203125 0.03125
0 0.47216796875 0.1064453125 0.0791015625 0.0546875
0 0.44873046875 0.990234375 0.0966796875 0.015625
0 0.87548828125 0.03076171875 0.0693359375 0.0498046875
0 0.7841796875 0.0166015625 0.03515625 0.033203125
0 0.8896484375 0.02490234375 0.07421875 0.0478515625
0 0.6982421875 0.982421875 0.134765625 0.033203125
0 0.5087890625 0.72998046875 0.0859375 0.0322265625
0 0.07421875 0.1669921875 0.1015625 0.037109375
0 0.9375 0.74462890625 0.076171875 0.0400390625
0 0.01708984375 0.41943359375 0.0341796875 0.0380859375
0 0.81787109375 0.4912109375 0.0556640625 0.025390625
0 0.19921875 0.14501953125 0.095703125 0.0263671875
0 0.75 0.36767578125 0.095703125 0.0458984375
0 0.41259765625 0.93310546875 0.0986328125 0.0400390625
0 0.212890625 0.7529296875 0.078125 0.03125
0 0.53271484375 0.03076171875 0.1201171875 0.0400390625
0 0.359375 0.0537109375 0.064453125 0.041015625
0 0.267578125 0.7265625 0.130859375 0.02734375
0 0.71533203125 0.34619140625 0.1376953125 0.0439453125
0 0.693359375 0.29736328125 0.056640625 0.0322265625
0 0.39306640625 0.0810546875 0.0732421875 0.03515625
0 0.90478515625 0.55712890625 0.0693359375 0.0439453125
0 0.89404296875 0.73095703125 0.0849609375 0.0458984375
0 0.34375 0.59521484375 0.046875 0.0361328125
