0 0.1220703125 0.42041015625 0.12109375 0.0810546875
0 0.86181640625 0.64306640625 0.1044921875 0.0771484375
0 0.06298828125 0.296875 0.0908203125 0.07421875
0 0.193359375 0.21875 0.078125 0.142578125
0 0.140625 0.62353515625 0.142578125 0.0673828125
0 0.86962890625 0.8623046875 0.1005859375 0.080078125
0 0.7568359375 0.70849609375 0.15234375 0.0771484375
0 0.10693359375 0.796875 0.1103515625 0.0703125
0 0.908203125 0.73193359375 0.142578125 0.0673828125
0 0.1494140625 0.96484375 0.095703125 0.0703125
0 0.81103515625 0.7744140625 0.1123046875 0.080078125
0 0.11181640625 0.92431640625 0.1025390625 0.0576171875
0 0.1044921875 0.7109375 0.0703125 0.078125
0 0.72705078125 0.68017578125 0.1298828125 0.0751953125
0 0.15478515625 0.15576171875 0.0947265625 0.1025390625
0 0.92578125 0.2373046875 0.1171875 0.08984375
0 0.94970703125 0.3251953125 0.1005859375 0.0703125
0 0.87646484375 0.05224609375 0.1103515625 0.1044921875
0 0.962890625 0.49462890625 0.072265625 0.1005859375
