0 0.76220703125 0.06884765625 0.0673828125 0.1376953125
0 0.8369140625 0.2626953125 0.15234375 0.115234375
0 0.49853515625 0.34033203125 0.2099609375 0.0693359375
0 0.57861328125 0.36083984375 0.1494140625 0.0849609375
0 0.55615234375 0.4365234375 0.0830078125 0.111328125
0 0.69189453125 0.4189453125 0.1162109375 0.134765625
0 0.591796875 0.5185546875 0.091796875 0.076171875
0 0.50830078125 0.5947265625 0.0947265625 0.11328125
0 0.61083984375 0.62158203125 0.0419921875 0.0556640625
0 0.67041015625 0.67919921875 0.1455078125 0.0947265625
0 0.54443359375 0.81396484375 0.0634765625 0.0634765625
0 0.51708984375 0.9033203125 0.0771484375 0.080078125
0 0.6484375 0.8310546875 0.11328125 0.078125
0 0.82666015625 0.9013671875 0.1806640625 0.095703125
0 0.654296875 0.95556640625 0.08203125 0.0888671875
0 0.86279296875 0.92333984375 0.0498046875 0.1474609375
0 0.2197265625 0.5703125 0.09375 0.123046875
0 0.146484375 0.50732421875 0.07421875 0.0771484375
0 0.04736328125 0.5390625 0.0693359375 0.14453125
0 0.26513671875 0.39404296875 0.0732421875 0.0732421875
0 0.1953125 0.32470703125 0.095703125 0.0693359375
0 0.0380859375 0.26904296875 0.076171875 0.0615234375
0 0.0654296875 0.236328125 0.130859375 0.130859375
0 0.12939453125 0.23583984375 0.0986328125 0.1005859375
0 0.06787109375 0.45947265625 0.1357421875 0.0615234375
0 0.0556640625 0.73486328125 0.111328125 0.1025390625
0 0.38525390625 0.8525390625 0.0634765625 0.052734375
0 0.20556640625 0.9248046875 0.1005859375 0.130859375
0 0.337890625 0.95654296875 0.095703125 0.0869140625
0 0.06005859375 0.89794921875 0.1201171875 0.0615234375
0 0.96044921875 0.55078125 0.0791015625 0.125
0 0.990234375 0.4736328125 0.01953125 0.0859375
0 0.91552734375 0.70556640625 0.0634765625 0.0498046875
0 0.02685546875 0.33935546875 0.0537109375 0.0615234375
