0 0.7802734375 0.69384765625 0.0859375 0.0791015625
0 0.57861328125 0.97705078125 0.1103515625 0.0458984375
0 0.435546875 0.77978515625 0.08203125 0.1201171875
0 0.1220703125 0.35107421875 0.080078125 0.1474609375
0 0.98291015625 0.61474609375 0.0341796875 0.1025390625
0 0.0810546875 0.6220703125 0.142578125 0.0703125
0 0.375 0.9052734375 0.134765625 0.06640625
0 0.76220703125 0.58154296875 0.1103515625 0.1064453125
0 0.29150390625 0.46142578125 0.0615234375 0.1494140625
0 0.29345703125 0.765625 0.1025390625 0.1328125
0 0.8515625 0.34716796875 0.111328125 0.0888671875
0 0.71337890625 0.24853515625 0.0751953125 0.1591796875
0 0.9013671875 0.71435546875 0.064453125 0.0869140625
0 0.96728515625 0.5615234375 0.0654296875 0.12109375
0 0.1767578125 0.0908203125 0.0703125 0.087890625
0 0.197265625 0.8056640625 0.0703125 0.078125
0 0.8154296875 0.86376953125 0.044921875 0.0537109375
0 0.10205078125 0.701171875 0.0673828125 0.107421875
0 0.1259765625 0.1396484375 0.142578125 0.14453125
0 0.74951171875 0.4833984375 0.0849609375 0.078125
0 0.09228515625 0.36083984375 0.0849609375 0.1279296875
0 0.77685546875 0.52099609375 0.0849609375 0.0771484375
