0 0.9697265625 0.82470703125 0.05859375 0.0849609375
0 0.95849609375 0.23193359375 0.0556640625 0.0947265625
0 0.57421875 0.169921875 0.056640625 0.095703125
0 0.80078125 0.22412109375 0.048828125 0.0810546875
0 0.51953125 0.5537109375 0.07421875 0.078125
0 0.333984375 0.470703125 0.05859375 0.078125
0 0.44970703125 0.33740234375 0.0810546875 0.0654296875
0 0.01904296875 0.388671875 0.0380859375 0.052734375
0 0.15283203125 0.17333984375 0.0712890625 0.0869140625
0 0.05859375 0.96533203125 0.0546875 0.0693359375
0 0.90283203125 0.02490234375 0.0458984375 0.0478515625
0 0.04736328125 0.31884765625 0.0615234375 0.0517578125
0 0.68896484375 0.3017578125 0.0693359375 0.0546875
0 0.72705078125 0.86572265625 0.0556640625 0.0732421875
0 0.30224609375 0.83935546875 0.0537109375 0.0693359375
0 0.72021484375 0.28125 0.0439453125 0.080078125
0 0.95947265625 0.537109375 0.0791015625 0.064453125
0 0.08740234375 0.50341796875 0.0830078125 0.0380859375
0 0.34814453125 0.6103515625 0.0595703125 0.05859375
0 0.90771484375 0.7841796875 0.0537109375 0.07421875
0 0.8154296875 0.51806640625 0.037109375 0.0615234375
0 0.408203125 0.5673828125 0.064453125 0.052734375
0 0.15087890625 0.93603515625 0.0634765625 0.0654296875
0 0.2529296875 0.5791015625 0.08203125 0.080078125
0 0.63623046875 0.18505859375 0.0595703125 0.0478515625
0 0.8017578125 0.021484375 0.078125 0.04296875
0 0.9296875 0.29638671875 0.0703125 0.0361328125
0 0.1064453125 0.64208984375 0.087890625 0.0517578125
0 0.216796875 0.02197265625 0.060546875 0.0341796875
0 0.193359375 0.3466796875 0.111328125 0.046875
0 0.43310546875 0.7197265625 0.1044921875 0.06640625
0 0.4609375 0.84814453125 0.060546875 0.0458984375
0 0.05419921875 0.5751953125 0.0615234375 0.048828125
0 0.62744140625 0.54736328125 0.0673828125 0.0478515625
0 0.29833984375 0.9248046875 0.0751953125 0.041015625
0 0.2529296875 0.95654296875 0.060546875 0.0517578125
0 0.34716796875 0.0234375 0.0908203125 0.046875
0 0.67626953125 0.552734375 0.0595703125 0.037109375
0 0.337890625 0.29052734375 0.0703125 0.0380859375
0 0.10400390625 0.19091796875 0.0654296875 0.0380859375
0 0.36572265625 0.9697265625 0.1064453125 0.052734375
0 0.7314453125 0.2021484375 0.04296875 0.078125
0 0.61083984375 0.7041015625 0.0498046875 0.033203125
0 0.92236328125 0.5419921875 0.0400390625 0.07421875
0 0.87255859375 0.875 0.0556640625 0.05078125
0 0.11865234375 0.31396484375 0.0517578125 0.0341796875
0 0.81884765625 0.09521484375 0.0517578125 0.0478515625
0 0.49755859375 0.3359375 0.0283203125 0.05078125
0 0.71044921875 0.927734375 0.0693359375 0.05859375
0 0.7646484375 0.521484375 0.06640625 0.041015625
0 0.43701171875 0.14111328125 0.0986328125 0.0458984375
0 0.34765625 0.70751953125 0.052734375 0.0458984375
0 0.876953125 0.62646484375 0.05078125 0.0400390625
0 0.40771484375 0.15283203125 0.0771484375 0.0400390625
0 0.7890625 0.34765625 0.083984375 0.052734375
0 0.04345703125 0.68896484375 0.0732421875 0.0458984375
0 0.82470703125 0.89453125 0.0341796875 0.05859375
0 0.31689453125 0.61474609375 0.0634765625 0.0498046875
0 0.03759765625 0.83544921875 0.0517578125 0.0537109375
0 0.35546875 0.05078125 0.048828125 0.052734375
0 0.84130859375 0.9326171875 0.0517578125 0.044921875
0 0.8330078125 0.65185546875 0.044921875 0.0517578125
0 0.03466796875 0.11279296875 0.0654296875 0.0537109375
0 0.9375 0.63916015625 0.0546875 0.0419921875
0 0.36767578125 0.33349609375 0.0771484375 0.0439453125
0 0.34033203125 0.65673828125 0.0693359375 0.0458984375
0 0.2900390625 0.78271484375 0.080078125 0.0478515625
0 0.7412109375 0.080078125 0.0546875 0.048828125
0 0.7109375 0.63330078125 0.046875 0.0400390625
0 0.251953125 0.9873046875 0.033203125 0.025390625
0 0.4228515625 0.775390625 0.05859375 0.048828125
0 0.82470703125 0.29248046875 0.0595703125 0.0380859375
0 0.18408203125 0.28955078125 0.0615234375 0.0498046875
0 0.9609375 0.353515625 0.04296875 0.060546875
0 0.63037109375 0.62939453125 0.0478515625 0.0361328125
0 0.69677734375 0.67138671875 0.0400390625 0.0341796875
0 0.02880859375 0.759765625 0.0576171875 0.044921875
0 0.86962890625 0.3046875 0.0537109375 0.05078125
0 0.59619140625 0.66259765625 0.0673828125 0.0595703125
0 0.6787109375 0.76171875 0.056640625 0.056640625
0 0.49267578125 0.9775390625 0.0537109375 0.041015625
0 0.1279296875 0.96826171875 0.05859375 0.0498046875
0 0.20068359375 0.619140625 0.0576171875 0.0546875
0 0.59228515625 0.6123046875 0.0419921875 0.06640625
0 0.90673828125 0.9033203125 0.0380859375 0.0546875
0 0.81396484375 0.3828125 0.0498046875 0.03515625
0 0.4111328125 0.8525390625 0.05859375 0.05078125
0 0.06689453125 0.93896484375 0.0634765625 0.0751953125
