0 0.5791015625 0.6396484375 0.080078125 0.115234375
0 0.912109375 0.07958984375 0.080078125 0.0654296875
0 0.95654296875 0.22509765625 0.0869140625 0.0791015625
0 0.90234375 0.2138671875 0.048828125 0.0546875
0 0.845703125 0.4970703125 0.087890625 0.095703125
0 0.77197265625 0.89453125 0.0849609375 0.1640625
0 0.77978515625 0.25732421875 0.0751953125 0.0849609375
0 0.7060546875 0.5576171875 0.0703125 0.123046875
0 0.84326171875 0.71923828125 0.0830078125 0.0849609375
0 0.78955078125 0.63330078125 0.0849609375 0.1279296875
0 0.86328125 0.9287109375 0.1328125 0.142578125
0 0.63232421875 0.76904296875 0.0595703125 0.0908203125
0 0.71142578125 0.46484375 0.0849609375 0.087890625
0 0.9443359375 0.51171875 0.080078125 0.134765625
0 0.9560546875 0.74462890625 0.087890625 0.1201171875
0 0.97509765625 0.12744140625 0.0498046875 0.0458984375
0 0.75048828125 0.697265625 0.0673828125 0.115234375
0 0.62255859375 0.84814453125 0.0888671875 0.0966796875
0 0.876953125 0.76953125 0.0546875 0.0703125
0 0.94677734375 0.87548828125 0.0751953125 0.0673828125
0 0.662109375 0.95849609375 0.064453125 0.0791015625
