0 0.80078125 0.0654296875 0.060546875 0.091796875
0 0.19970703125 0.30126953125 0.0849609375 0.0791015625
0 0.44580078125 0.03369140625 0.0810546875 0.0654296875
0 0.98388671875 0.181640625 0.0322265625 0.078125
0 0.07666015625 0.5673828125 0.0927734375 0.052734375
0 0.63916015625 0.44384765625 0.0986328125 0.0771484375
0 0.77783203125 0.548828125 0.0654296875 0.1015625
0 0.47607421875 0.37060546875 0.1025390625 0.0576171875
0 0.40380859375 0.3818359375 0.0947265625 0.05078125
0 0.55859375 0.0986328125 0.10546875 0.068359375
0 0.697265625 0.359375 0.080078125 0.05078125
0 0.25048828125 0.15283203125 0.0869140625 0.0615234375
0 0.9873046875 0.5888671875 0.025390625 0.064453125
0 0.8662109375 0.1875 0.1328125 0.06640625
0 0.06787109375 0.62353515625 0.1025390625 0.0537109375
0 0.5732421875 0.69775390625 0.09765625 0.0439453125
0 0.49267578125 0.59521484375 0.0693359375 0.0537109375
0 0.53759765625 0.51025390625 0.1865234375 0.0869140625
0 0.82421875 0.40087890625 0.064453125 0.0478515625
0 0.0703125 0.27294921875 0.111328125 0.0419921875
0 0.30126953125 0.32958984375 0.0888671875 0.0712890625
0 0.40576171875 0.3154296875 0.0693359375 0.056640625
0 0.71826171875 0.70556640625 0.0634765625 0.0576171875
0 0.96435546875 0.41796875 0.0673828125 0.04296875
0 0.46826171875 0.7060546875 0.0966796875 0.05078125
0 0.04931640625 0.0888671875 0.0654296875 0.05078125
0 0.10888671875 0.03759765625 0.0849609375 0.0712890625
0 0.2978515625 0.0361328125 0.095703125 0.056640625
0 0.34619140625 0.5107421875 0.0751953125 0.0546875
0 0.9111328125 0.68896484375 0.0546875 0.0556640625
0 0.93896484375 0.65380859375 0.0810546875 0.0654296875
0 0.1240234375 0.7021484375 0.078125 0.05859375
0 0.1689453125 0.029296875 0.109375 0.033203125
0 0.572265625 0.9208984375 0.103515625 0.056640625
0 0.90625 0.263671875 0.07421875 0.056640625
0 0.35400390625 0.4287109375 0.0693359375 0.05859375
0 0.5634765625 0.5576171875 0.056640625 0.060546875
0 0.60205078125 0.9736328125 0.0673828125 0.046875
0 0.9423828125 0.01904296875 0.06640625 0.0380859375
0 0.8974609375 0.10986328125 0.0859375 0.0361328125
0 0.52880859375 0.7099609375 0.0830078125 0.083984375
0 0.55224609375 0.970703125 0.0673828125 0.048828125
0 0.078125 0.330078125 0.103515625 0.103515625
0 0.36767578125 0.98583984375 0.0556640625 0.0283203125
0 0.65869140625 0.8115234375 0.0791015625 0.05078125
0 0.13720703125 0.46142578125 0.1416015625 0.0595703125
0 0.111328125 0.73681640625 0.087890625 0.0263671875
0 0.96142578125 0.7353515625 0.0771484375 0.05859375
0 0.35009765625 0.32177734375 0.0693359375 0.0439453125
0 0.03662109375 0.47412109375 0.0693359375 0.0341796875
0 0.37890625 0.0263671875 0.0703125 0.05078125
0 0.39453125 0.560546875 0.06640625 0.037109375
0 0.05078125 0.0625 0.078125 0.087890625
0 0.974609375 0.79736328125 0.05078125 0.0380859375
0 0.10205078125 0.505859375 0.1552734375 0.0546875
0 0.35302734375 0.5576171875 0.0693359375 0.041015625
0 0.03564453125 0.35498046875 0.0712890625 0.0595703125
0 0.97509765625 0.80810546875 0.0498046875 0.0380859375
0 0.03369140625 0.865234375 0.0673828125 0.046875
0 0.6494140625 0.01025390625 0.0625 0.0205078125
0 0.9169921875 0.81640625 0.10546875 0.041015625
0 0.2978515625 0.67333984375 0.1171875 0.0517578125
0 0.8525390625 0.84375 0.0625 0.064453125
0 0.03466796875 0.95263671875 0.0693359375 0.0419921875
0 0.69677734375 0.97607421875 0.0634765625 0.0419921875
0 0.2421875 0.00927734375 0.044921875 0.0185546875
0 0.09716796875 0.6748046875 0.0908203125 0.078125
0 0.541015625 0.8037109375 0.083984375 0.05078125
0 0.8720703125 0.63134765625 0.080078125 0.0576171875
0 0.9609375 0.62158203125 0.03515625 0.0478515625
0 0.611328125 0.68212890625 0.091796875 0.0439453125
0 0.38232421875 0.43505859375 0.0556640625 0.0439453125
0 0.12255859375 0.369140625 0.0947265625 0.0703125
0 0.13427734375 0.40380859375 0.0537109375 0.0400390625
0 0.6982421875 0.7841796875 0.09375 0.03515625
0 0.62451171875 0.8564453125 0.0595703125 0.05078125
0 0.4921875 0.189453125 0.08984375 0.05078125
