0 0.3974609375 0.33203125 0.0546875 0.064453125
0 0.45654296875 0.3857421875 0.0830078125 0.162109375
0 0.38916015625 0.4658203125 0.0966796875 0.134765625
0 0.65673828125 0.392578125 0.1826171875 0.0703125
0 0.58642578125 0.294921875 0.0556640625 0.046875
0 0.62451171875 0.26171875 0.0849609375 0.083984375
0 0.71923828125 0.2548828125 0.1181640625 0.1015625
0 0.8076171875 0.32470703125 0.06640625 0.0712890625
0 0.81689453125 0.1787109375 0.1201171875 0.087890625
0 0.7705078125 0.10693359375 0.09765625 0.1376953125
0 0.90576171875 0.23681640625 0.1025390625 0.1513671875
0 0.93701171875 0.15478515625 0.0810546875 0.1103515625
0 0.9873046875 0.0322265625 0.025390625 0.064453125
0 0.52685546875 0.1826171875 0.0888671875 0.072265625
0 0.4931640625 0.19482421875 0.15234375 0.0751953125
0 0.34375 0.18359375 0.080078125 0.052734375
0 0.365234375 0.05908203125 0.12890625 0.1025390625
0 0.24267578125 0.052734375 0.1142578125 0.10546875
0 0.04736328125 0.07763671875 0.0947265625 0.1259765625
0 0.01513671875 0.17919921875 0.0302734375 0.0693359375
0 0.060546875 0.205078125 0.087890625 0.08203125
0 0.0400390625 0.27001953125 0.080078125 0.0654296875
0 0.1328125 0.18115234375 0.091796875 0.0576171875
0 0.1650390625 0.2509765625 0.107421875 0.078125
0 0.216796875 0.15771484375 0.072265625 0.0595703125
0 0.26708984375 0.2080078125 0.0732421875 0.0859375
0 0.74609375 0.61669921875 0.111328125 0.1142578125
0 0.6015625 0.73193359375 0.091796875 0.0849609375
0 0.2109375 0.806640625 0.1015625 0.111328125
0 0.14013671875 0.79248046875 0.0634765625 0.0830078125
0 0.1083984375 0.88134765625 0.08203125 0.0615234375
0 0.0498046875 0.92822265625 0.09375 0.0673828125
0 0.11572265625 0.94482421875 0.0732421875 0.0556640625
0 0.16943359375 0.97265625 0.0869140625 0.0546875
0 0.173828125 0.90771484375 0.072265625 0.0654296875
0 0.31982421875 0.947265625 0.0693359375 0.080078125
0 0.36279296875 0.9140625 0.0830078125 0.0703125
0 0.51025390625 0.91845703125 0.0654296875 0.0966796875
0 0.54638671875 0.81787109375 0.0849609375 0.0693359375
0 0.58984375 0.8291015625 0.044921875 0.0625
0 0.63232421875 0.8828125 0.0751953125 0.064453125
0 0.55712890625 0.8759765625 0.0615234375 0.068359375
0 0.73291015625 0.91162109375 0.0810546875 0.0732421875
0 0.77001953125 0.8017578125 0.0712890625 0.0859375
0 0.9833984375 0.74560546875 0.033203125 0.0927734375
0 0.763671875 0.986328125 0.056640625 0.02734375
0 0.8603515625 0.9072265625 0.044921875 0.0625
0 0.6083984375 0.99169921875 0.103515625 0.0166015625
0 0.98486328125 0.3388671875 0.0302734375 0.052734375
