0 0.1533203125 0.1171875 0.076171875 0.078125
0 0.3037109375 0.1337890625 0.09375 0.068359375
0 0.40087890625 0.11572265625 0.0634765625 0.0595703125
0 0.453125 0.0537109375 0.095703125 0.06640625
0 0.56494140625 0.11376953125 0.0888671875 0.0751953125
0 0.509765625 0.15869140625 0.048828125 0.0498046875
0 0.31591796875 0.23046875 0.0849609375 0.09375
0 0.25048828125 0.26416015625 0.0986328125 0.0966796875
0 0.05029296875 0.41259765625 0.0869140625 0.0849609375
0 0.033203125 0.27294921875 0.06640625 0.0478515625
0 0.470703125 0.35986328125 0.08203125 0.1728515625
0 0.564453125 0.40234375 0.091796875 0.125
0 0.65966796875 0.23974609375 0.1650390625 0.0673828125
0 0.77587890625 0.3671875 0.0693359375 0.146484375
0 0.83984375 0.39404296875 0.052734375 0.1103515625
0 0.82763671875 0.2646484375 0.0556640625 0.078125
0 0.94482421875 0.2919921875 0.1103515625 0.171875
0 0.91650390625 0.1328125 0.0654296875 0.05859375
0 0.97265625 0.1357421875 0.0546875 0.0703125
0 0.8935546875 0.07958984375 0.056640625 0.0537109375
0 0.689453125 0.10205078125 0.126953125 0.1376953125
0 0.80029296875 0.02001953125 0.0869140625 0.0400390625
0 0.99267578125 0.0517578125 0.0146484375 0.087890625
0 0.9677734375 0.43505859375 0.064453125 0.0673828125
0 0.74609375 0.53369140625 0.0546875 0.1064453125
0 0.771484375 0.59521484375 0.08203125 0.0908203125
0 0.46240234375 0.6044921875 0.0595703125 0.08203125
0 0.2138671875 0.59423828125 0.109375 0.1181640625
0 0.02734375 0.48095703125 0.0546875 0.0478515625
0 0.1015625 0.7509765625 0.076171875 0.119140625
0 0.24169921875 0.7724609375 0.0791015625 0.08984375
0 0.30908203125 0.8720703125 0.0771484375 0.072265625
0 0.1533203125 0.9541015625 0.0859375 0.091796875
0 0.05322265625 0.9072265625 0.1044921875 0.08203125
0 0.4462890625 0.81689453125 0.068359375 0.0673828125
0 0.48291015625 0.876953125 0.0771484375 0.12109375
0 0.5322265625 0.73486328125 0.056640625 0.0595703125
0 0.63134765625 0.70556640625 0.0830078125 0.0654296875
0 0.70166015625 0.82958984375 0.0673828125 0.1572265625
0 0.88427734375 0.7568359375 0.0771484375 0.111328125
0 0.91943359375 0.888671875 0.0673828125 0.064453125
0 0.912109375 0.986328125 0.10546875 0.02734375
0 0.716796875 0.962890625 0.083984375 0.0625
0 0.39404296875 0.421875 0.0322265625 0.044921875
