0 0.2685546875 0.123046875 0.078125 0.0546875
0 0.2109375 0.23974609375 0.07421875 0.0810546875
0 0.14453125 0.26123046875 0.11328125 0.0810546875
0 0.23779296875 0.3095703125 0.0986328125 0.07421875
0 0.05224609375 0.34619140625 0.0478515625 0.0771484375
0 0.17431640625 0.4091796875 0.0869140625 0.080078125
0 0.134765625 0.435546875 0.076171875 0.072265625
0 0.10986328125 0.49365234375 0.1005859375 0.0595703125
0 0.291015625 0.4931640625 0.08203125 0.05859375
0 0.23046875 0.5634765625 0.083984375 0.060546875
0 0.33984375 0.55712890625 0.109375 0.0810546875
0 0.4267578125 0.59912109375 0.072265625 0.0712890625
0 0.5166015625 0.41845703125 0.08203125 0.1044921875
0 0.55908203125 0.51708984375 0.1123046875 0.0830078125
0 0.6025390625 0.5849609375 0.083984375 0.091796875
0 0.3935546875 0.70947265625 0.1015625 0.0693359375
0 0.240234375 0.7109375 0.087890625 0.083984375
0 0.25341796875 0.798828125 0.1005859375 0.080078125
0 0.310546875 0.796875 0.087890625 0.068359375
0 0.2978515625 0.89013671875 0.12890625 0.0908203125
0 0.298828125 0.95751953125 0.068359375 0.0654296875
0 0.3681640625 0.97314453125 0.083984375 0.0537109375
0 0.1640625 0.98291015625 0.052734375 0.0341796875
0 0.03564453125 0.91015625 0.0712890625 0.07421875
0 0.984375 0.955078125 0.03125 0.05859375
0 0.724609375 0.9140625 0.09375 0.0859375
0 0.7685546875 0.85302734375 0.0703125 0.0888671875
0 0.88671875 0.88037109375 0.05859375 0.0517578125
0 0.947265625 0.88623046875 0.095703125 0.0888671875
0 0.79248046875 0.93115234375 0.0654296875 0.0634765625
0 0.80810546875 0.62841796875 0.0751953125 0.0771484375
0 0.9833984375 0.51025390625 0.033203125 0.0712890625
0 0.69775390625 0.68896484375 0.0478515625 0.0869140625
0 0.60595703125 0.69921875 0.0732421875 0.13671875
0 0.5224609375 0.81494140625 0.091796875 0.1005859375
0 0.53271484375 0.94677734375 0.0908203125 0.0947265625
0 0.66552734375 0.2109375 0.0869140625 0.16796875
0 0.8271484375 0.30517578125 0.08203125 0.0830078125
0 0.9013671875 0.34375 0.103515625 0.08203125
0 0.84912109375 0.38818359375 0.0771484375 0.0673828125
0 0.90966796875 0.45361328125 0.0478515625 0.0537109375
0 0.9423828125 0.4189453125 0.072265625 0.087890625
0 0.98046875 0.41796875 0.0390625 0.078125
0 0.974609375 0.3154296875 0.05078125 0.083984375
0 0.92626953125 0.22265625 0.0830078125 0.087890625
0 0.79833984375 0.0947265625 0.0693359375 0.0625
0 0.837890625 0.02685546875 0.103515625 0.0498046875
0 0.73876953125 0.44970703125 0.0634765625 0.0498046875
0 0.02099609375 0.732421875 0.0419921875 0.076171875
0 0.84326171875 0.95166015625 0.1025390625 0.0693359375
0 0.02294921875 0.9638671875 0.0458984375 0.0546875
0 0.017578125 0.3447265625 0.03515625 0.060546875
0 0.11767578125 0.978515625 0.0537109375 0.04296875
0 0.9296875 0.8466796875 0.052734375 0.052734375
0 0.876953125 0.83984375 0.064453125 0.0546875
