0 0.34814453125 0.39208984375 0.1123046875 0.1005859375
0 0.85107421875 0.45263671875 0.0830078125 0.1396484375
0 0.65283203125 0.11376953125 0.0869140625 0.0791015625
0 0.662109375 0.2109375 0.099609375 0.072265625
0 0.42919921875 0.60107421875 0.1201171875 0.0771484375
0 0.65087890625 0.51611328125 0.0771484375 0.1005859375
0 0.12939453125 0.3056640625 0.0654296875 0.1171875
0 0.9677734375 0.5537109375 0.0625 0.08203125
0 0.26318359375 0.09814453125 0.0732421875 0.0673828125
0 0.25439453125 0.28173828125 0.1826171875 0.0751953125
0 0.75341796875 0.873046875 0.1318359375 0.16796875
0 0.927734375 0.7861328125 0.134765625 0.154296875
0 0.5419921875 0.25927734375 0.0703125 0.0673828125
0 0.08447265625 0.45947265625 0.0908203125 0.0654296875
0 0.55078125 0.13525390625 0.080078125 0.0595703125
0 0.10986328125 0.17822265625 0.0751953125 0.1396484375
0 0.2607421875 0.5908203125 0.09765625 0.171875
0 0.173828125 0.91259765625 0.150390625 0.1748046875
0 0.1083984375 0.7373046875 0.0625 0.08984375
0 0.51220703125 0.60791015625 0.0751953125 0.0673828125
0 0.31982421875 0.91064453125 0.2099609375 0.1474609375
0 0.64404296875 0.693359375 0.0927734375 0.197265625
0 0.68359375 0.27392578125 0.0625 0.0595703125
0 0.74462890625 0.67041015625 0.1103515625 0.2724609375
0 0.515625 0.76708984375 0.0625 0.0751953125
0 0.65478515625 0.0048828125 0.0654296875 0.009765625
0 0.5 0.14111328125 0.064453125 0.0517578125
0 0.193359375 0.74951171875 0.0625 0.1005859375
0 0.1533203125 0.21044921875 0.072265625 0.0673828125
0 0.03564453125 0.62060546875 0.0673828125 0.1123046875
0 0.04931640625 0.12646484375 0.0849609375 0.1806640625
0 0.162109375 0.7119140625 0.07421875 0.064453125
0 0.04345703125 0.33837890625 0.0830078125 0.1025390625
0 0.81201171875 0.56201171875 0.1103515625 0.0849609375
0 0.25732421875 0.7607421875 0.0498046875 0.158203125
0 0.60986328125 0.96337890625 0.0751953125 0.0732421875
0 0.7734375 0.9697265625 0.08203125 0.060546875
0 0.96875 0.3857421875 0.0625 0.046875
0 0.92529296875 0.9619140625 0.1103515625 0.076171875
0 0.05419921875 0.1142578125 0.1025390625 0.072265625
0 0.32373046875 0.63330078125 0.1025390625 0.0771484375
0 0.09619140625 0.87841796875 0.0576171875 0.0927734375
