0 0.978515625 0.197265625 0.04296875 0.0703125
0 0.9794921875 0.3056640625 0.041015625 0.05859375
0 0.89453125 0.53662109375 0.0703125 0.0576171875
0 0.92822265625 0.46728515625 0.0537109375 0.0517578125
0 0.91748046875 0.2421875 0.0888671875 0.087890625
0 0.8701171875 0.021484375 0.0703125 0.041015625
0 0.3828125 0.31494140625 0.04296875 0.0576171875
0 0.638671875 0.26025390625 0.07421875 0.0830078125
0 0.5810546875 0.23876953125 0.080078125 0.0986328125
0 0.72119140625 0.3203125 0.0693359375 0.111328125
0 0.73876953125 0.267578125 0.0634765625 0.0546875
0 0.8916015625 0.6728515625 0.068359375 0.0546875
0 0.837890625 0.67236328125 0.046875 0.0537109375
0 0.814453125 0.72265625 0.05078125 0.044921875
0 0.708984375 0.6640625 0.0625 0.052734375
0 0.60205078125 0.73583984375 0.0712890625 0.0771484375
0 0.681640625 0.861328125 0.09375 0.080078125
0 0.7529296875 0.935546875 0.0546875 0.064453125
0 0.97998046875 0.84814453125 0.0400390625 0.0498046875
0 0.98046875 0.814453125 0.0390625 0.04296875
0 0.9638671875 0.75146484375 0.072265625 0.0576171875
0 0.8310546875 0.77783203125 0.080078125 0.0986328125
0 0.7724609375 0.83349609375 0.0546875 0.0595703125
0 0.81982421875 0.9404296875 0.0517578125 0.05859375
0 0.77392578125 0.970703125 0.0361328125 0.05859375
0 0.6298828125 0.94140625 0.095703125 0.087890625
0 0.64013671875 0.978515625 0.0732421875 0.04296875
0 0.5322265625 0.9560546875 0.080078125 0.087890625
0 0.42138671875 0.9423828125 0.0849609375 0.068359375
0 0.455078125 0.85107421875 0.06640625 0.0615234375
0 0.06494140625 0.91748046875 0.0810546875 0.0517578125
0 0.09423828125 0.8408203125 0.1103515625 0.0546875
0 0.04150390625 0.759765625 0.0595703125 0.0546875
0 0.2744140625 0.8876953125 0.05859375 0.046875
0 0.28369140625 0.72509765625 0.0732421875 0.0693359375
0 0.22705078125 0.6875 0.0693359375 0.064453125
0 0.20947265625 0.64013671875 0.0888671875 0.0712890625
0 0.10107421875 0.55224609375 0.0888671875 0.0537109375
0 0.25146484375 0.4853515625 0.0888671875 0.037109375
0 0.15966796875 0.474609375 0.0947265625 0.064453125
0 0.46435546875 0.46875 0.0986328125 0.052734375
0 0.44091796875 0.3994140625 0.0810546875 0.033203125
0 0.35888671875 0.5263671875 0.0498046875 0.0625
0 0.2490234375 0.33642578125 0.091796875 0.0908203125
0 0.09521484375 0.35986328125 0.1376953125 0.0556640625
0 0.19873046875 0.41650390625 0.1142578125 0.0478515625
0 0.287109375 0.40625 0.06640625 0.0625
0 0.22802734375 0.1435546875 0.1357421875 0.078125
0 0.17431640625 0.16162109375 0.0869140625 0.0751953125
0 0.0517578125 0.2236328125 0.076171875 0.142578125
0 0.07958984375 0.103515625 0.0615234375 0.05078125
0 0.044921875 0.03955078125 0.0703125 0.0498046875
0 0.20654296875 0.0146484375 0.0830078125 0.029296875
0 0.78271484375 0.41259765625 0.0673828125 0.0576171875
0 0.2861328125 0.02490234375 0.056640625 0.0498046875
0 0.19384765625 0.09375 0.0693359375 0.0546875
0 0.6025390625 0.39453125 0.04296875 0.04296875
0 0.703125 0.0166015625 0.05078125 0.033203125
0 0.400390625 0.08544921875 0.029296875 0.0302734375
0 0.94775390625 0.388671875 0.0595703125 0.080078125
0 0.990234375 0.375 0.01953125 0.044921875
0 0.77734375 0.35009765625 0.072265625 0.0654296875
0 0.41845703125 0.3681640625 0.0322265625 0.04296875
0 0.3525390625 0.4375 0.03515625 0.0546875
0 0.3515625 0.45068359375 0.1015625 0.0439453125
0 0.3857421875 0.404296875 0.0390625 0.06640625
0 0.9453125 0.8056640625 0.0390625 0.04296875
0 0.10107421875 0.95166015625 0.1044921875 0.0419921875
0 0.03076171875 0.87646484375 0.0615234375 0.0400390625
0 0.01416015625 0.90625 0.0283203125 0.052734375
0 0.837890625 0.4541015625 0.029296875 0.03515625
0 0.79931640625 0.45703125 0.0458984375 0.044921875
0 0.8125 0.86767578125 0.041015625 0.0458984375
