0 0.42529296875 0.0634765625 0.1357421875 0.05078125
0 0.54052734375 0.24169921875 0.1220703125 0.1435546875
0 0.970703125 0.24169921875 0.056640625 0.0400390625
0 0.92919921875 0.30615234375 0.0986328125 0.1279296875
0 0.095703125 0.7255859375 0.1015625 0.06640625
0 0.54443359375 0.125 0.0986328125 0.11328125
0 0.70751953125 0.89111328125 0.1005859375 0.1142578125
0 0.68994140625 0.96533203125 0.1630859375 0.0693359375
0 0.75341796875 0.64501953125 0.0595703125 0.0732421875
0 0.0302734375 0.64794921875 0.060546875 0.0615234375
0 0.28369140625 0.552734375 0.1259765625 0.11328125
0 0.95703125 0.8212890625 0.0859375 0.083984375
0 0.54248046875 0.01953125 0.0908203125 0.0390625
0 0.19384765625 0.5556640625 0.0634765625 0.0625
0 0.576171875 0.85888671875 0.142578125 0.1357421875
0 0.09521484375 0.46923828125 0.0634765625 0.1708984375
0 0.0498046875 0.037109375 0.099609375 0.07421875
0 0.43798828125 0.5869140625 0.0732421875 0.11328125
0 0.9833984375 0.3759765625 0.033203125 0.126953125
0 0.97900390625 0.78466796875 0.0419921875 0.0615234375
0 0.44287109375 0.11962890625 0.1279296875 0.1220703125
0 0.98876953125 0.63037109375 0.0205078125 0.1279296875
0 0.1611328125 0.23046875 0.068359375 0.103515625
0 0.83154296875 0.6279296875 0.0830078125 0.130859375
0 0.90283203125 0.88818359375 0.0556640625 0.0576171875
0 0.3984375 0.4375 0.076171875 0.107421875
0 0.0927734375 0.62548828125 0.080078125 0.0595703125
0 0.0517578125 0.640625 0.06640625 0.05859375
0 0.11328125 0.51806640625 0.041015625 0.1123046875
0 0.826171875 0.96630859375 0.064453125 0.0595703125
0 0.9169921875 0.9560546875 0.087890625 0.041015625
0 0.94384765625 0.9775390625 0.0576171875 0.044921875
0 0.93212890625 0.94384765625 0.0869140625 0.0498046875
0 0.970703125 0.919921875 0.056640625 0.0546875
0 0.98046875 0.74267578125 0.0390625 0.0419921875
0 0.70947265625 0.685546875 0.0966796875 0.072265625
0 0.18359375 0.40234375 0.091796875 0.11328125
0 0.0771484375 0.33203125 0.060546875 0.095703125
0 0.03857421875 0.23779296875 0.0771484375 0.0986328125
0 0.02197265625 0.1943359375 0.0439453125 0.056640625
0 0.15234375 0.14892578125 0.07421875 0.0869140625
0 0.365234375 0.33203125 0.078125 0.076171875
0 0.77880859375 0.51123046875 0.0927734375 0.0966796875
0 0.8681640625 0.37744140625 0.23046875 0.1201171875
0 0.85400390625 0.39892578125 0.0556640625 0.1181640625
0 0.86572265625 0.5126953125 0.0439453125 0.060546875
0 0.59716796875 0.36328125 0.1962890625 0.0703125
0 0.607421875 0.35302734375 0.189453125 0.0576171875
0 0.47607421875 0.53515625 0.1044921875 0.181640625
0 0.52685546875 0.49658203125 0.1201171875 0.1318359375
0 0.31787109375 0.478515625 0.0751953125 0.125
0 0.26513671875 0.43896484375 0.0751953125 0.0849609375
0 0.56982421875 0.47998046875 0.1005859375 0.1474609375
0 0.6123046875 0.49072265625 0.09765625 0.1376953125
0 0.79296875 0.47607421875 0.05859375 0.0517578125
