0 0.26318359375 0.03076171875 0.0673828125 0.0615234375
0 0.09814453125 0.07470703125 0.0693359375 0.0595703125
0 0.12939453125 0.12841796875 0.0634765625 0.0693359375
0 0.326171875 0.125 0.0859375 0.103515625
0 0.3203125 0.0380859375 0.056640625 0.076171875
0 0.4541015625 0.197265625 0.078125 0.091796875
0 0.55078125 0.1015625 0.083984375 0.091796875
0 0.5458984375 0.1708984375 0.06640625 0.060546875
0 0.0517578125 0.376953125 0.078125 0.080078125
0 0.23583984375 0.31005859375 0.1103515625 0.0771484375
0 0.43212890625 0.33349609375 0.0810546875 0.1123046875
0 0.3486328125 0.31494140625 0.1015625 0.1103515625
0 0.3173828125 0.36376953125 0.046875 0.0869140625
0 0.4638671875 0.46923828125 0.07421875 0.1123046875
0 0.54541015625 0.42919921875 0.0732421875 0.0849609375
0 0.53369140625 0.34716796875 0.0458984375 0.0869140625
0 0.2197265625 0.6142578125 0.080078125 0.078125
0 0.0634765625 0.662109375 0.076171875 0.080078125
0 0.22412109375 0.70654296875 0.0947265625 0.1279296875
0 0.044921875 0.875 0.068359375 0.091796875
0 0.23779296875 0.89990234375 0.0908203125 0.0830078125
0 0.71484375 0.9033203125 0.109375 0.103515625
0 0.4990234375 0.93994140625 0.09765625 0.0927734375
0 0.3955078125 0.96728515625 0.09375 0.0654296875
0 0.39697265625 0.8837890625 0.0927734375 0.099609375
0 0.65087890625 0.80712890625 0.1044921875 0.0693359375
0 0.70068359375 0.73046875 0.0693359375 0.072265625
0 0.92236328125 0.7294921875 0.0712890625 0.076171875
0 0.85888671875 0.85888671875 0.0732421875 0.0693359375
0 0.91259765625 0.81689453125 0.0966796875 0.0537109375
0 0.9111328125 0.92333984375 0.064453125 0.0712890625
0 0.9326171875 0.869140625 0.07421875 0.048828125
0 0.70361328125 0.56787109375 0.0478515625 0.0712890625
0 0.85595703125 0.47119140625 0.1240234375 0.0517578125
0 0.7255859375 0.4609375 0.095703125 0.0625
0 0.7158203125 0.40087890625 0.146484375 0.0830078125
0 0.83154296875 0.384765625 0.0791015625 0.103515625
0 0.666015625 0.0654296875 0.078125 0.130859375
0 0.83935546875 0.01806640625 0.0615234375 0.0361328125
0 0.9609375 0.26611328125 0.078125 0.1025390625
0 0.3896484375 0.70361328125 0.07421875 0.0712890625
0 0.04833984375 0.70947265625 0.0771484375 0.0869140625
0 0.7646484375 0.57080078125 0.0546875 0.0556640625
0 0.642578125 0.775390625 0.064453125 0.083984375
0 0.109375 0.853515625 0.064453125 0.0625
0 0.02880859375 0.9736328125 0.0576171875 0.052734375
0 0.755859375 0.3583984375 0.06640625 0.052734375
0 0.498046875 0.02392578125 0.0546875 0.0478515625
