0 0.037109375 0.03955078125 0.072265625 0.0791015625
0 0.08203125 0.7353515625 0.1640625 0.0546875
0 0.09423828125 0.7822265625 0.0888671875 0.0546875
0 0.08544921875 0.40087890625 0.0712890625 0.1103515625
0 0.13916015625 0.2626953125 0.1318359375 0.08203125
0 0.30078125 0.17236328125 0.068359375 0.1064453125
0 0.31494140625 0.27001953125 0.1259765625 0.1005859375
0 0.3388671875 0.39990234375 0.09375 0.0693359375
0 0.26123046875 0.44970703125 0.0849609375 0.0849609375
0 0.337890625 0.60009765625 0.15625 0.1279296875
0 0.23291015625 0.6259765625 0.0634765625 0.08984375
0 0.09130859375 0.54736328125 0.0693359375 0.0673828125
0 0.3076171875 0.751953125 0.12109375 0.080078125
0 0.3330078125 0.8134765625 0.078125 0.06640625
0 0.22509765625 0.966796875 0.1025390625 0.06640625
0 0.74658203125 0.95556640625 0.0771484375 0.0888671875
0 0.52880859375 0.8623046875 0.0869140625 0.060546875
0 0.71435546875 0.7255859375 0.1240234375 0.080078125
0 0.78564453125 0.59716796875 0.0927734375 0.1279296875
0 0.8330078125 0.76611328125 0.060546875 0.1162109375
0 0.89111328125 0.73876953125 0.0615234375 0.0927734375
0 0.98388671875 0.64697265625 0.0322265625 0.0673828125
0 0.93310546875 0.455078125 0.0947265625 0.095703125
0 0.9599609375 0.37841796875 0.04296875 0.0517578125
0 0.43408203125 0.4794921875 0.1005859375 0.13671875
0 0.63525390625 0.33544921875 0.0576171875 0.1259765625
0 0.7158203125 0.2861328125 0.0625 0.0703125
0 0.900390625 0.32080078125 0.080078125 0.0966796875
0 0.876953125 0.21630859375 0.09765625 0.1279296875
0 0.83154296875 0.04296875 0.1162109375 0.0859375
0 0.689453125 0.14111328125 0.115234375 0.1416015625
0 0.919921875 0.05810546875 0.087890625 0.1162109375
0 0.97119140625 0.02490234375 0.0576171875 0.0498046875
0 0.54345703125 0.04345703125 0.0869140625 0.0869140625
0 0.5234375 0.1064453125 0.078125 0.193359375
0 0.4169921875 0.0693359375 0.08984375 0.138671875
0 0.1025390625 0.62109375 0.109375 0.052734375
0 0.3720703125 0.91015625 0.0859375 0.052734375
0 0.94384765625 0.9814453125 0.1044921875 0.037109375
0 0.20556640625 0.19482421875 0.0439453125 0.0556640625
0 0.23291015625 0.50732421875 0.0927734375 0.1337890625
0 0.16748046875 0.5185546875 0.0712890625 0.08203125
0 0.45703125 0.67236328125 0.04296875 0.0927734375
0 0.62158203125 0.63525390625 0.0810546875 0.0634765625
0 0.58349609375 0.54541015625 0.1025390625 0.1220703125
0 0.41064453125 0.48291015625 0.0712890625 0.1591796875
0 0.44677734375 0.48876953125 0.0908203125 0.1259765625
0 0.04345703125 0.2060546875 0.0634765625 0.0546875
0 0.04443359375 0.3037109375 0.0888671875 0.056640625
