0 0.560546875 0.501953125 0.140625 0.0390625
0 0.28076171875 0.8818359375 0.1142578125 0.08984375
0 0.38623046875 0.2578125 0.1689453125 0.109375
0 0.07470703125 0.91455078125 0.0908203125 0.0986328125
0 0.3212890625 0.0419921875 0.18359375 0.083984375
0 0.18310546875 0.33447265625 0.2822265625 0.1240234375
0 0.9140625 0.7587890625 0.171875 0.111328125
0 0.25390625 0.0888671875 0.162109375 0.091796875
0 0.10009765625 0.0361328125 0.1298828125 0.0625
0 0.97900390625 0.390625 0.0361328125 0.0390625
0 0.81201171875 0.2939453125 0.0732421875 0.0390625
0 0.22607421875 0.95703125 0.0830078125 0.041015625
