0 0.89892578125 0.4501953125 0.0712890625 0.09765625
0 0.66748046875 0.57763671875 0.0751953125 0.1025390625
0 0.18408203125 0.09521484375 0.0537109375 0.1064453125
0 0.57861328125 0.09326171875 0.0927734375 0.1025390625
0 0.71337890625 0.578125 0.0888671875 0.140625
0 0.89794921875 0.970703125 0.0810546875 0.056640625
0 0.09326171875 0.4443359375 0.1123046875 0.169921875
0 0.189453125 0.2041015625 0.046875 0.060546875
0 0.11328125 0.20703125 0.08203125 0.095703125
0 0.728515625 0.20068359375 0.087890625 0.1572265625
0 0.76953125 0.2919921875 0.080078125 0.109375
0 0.03955078125 0.7705078125 0.0751953125 0.1328125
0 0.0517578125 0.92333984375 0.08984375 0.0927734375
0 0.71826171875 0.068359375 0.0517578125 0.1328125
0 0.03564453125 0.4404296875 0.0673828125 0.142578125
0 0.03955078125 0.58837890625 0.0751953125 0.0830078125
