0 0.21875 0.1259765625 0.07421875 0.083984375
0 0.85302734375 0.70556640625 0.1123046875 0.0966796875
0 0.12451171875 0.18603515625 0.0693359375 0.0927734375
0 0.287109375 0.72216796875 0.14453125 0.1044921875
0 0.10107421875 0.48583984375 0.1064453125 0.0732421875
0 0.70458984375 0.23046875 0.0693359375 0.072265625
0 0.283203125 0.47314453125 0.119140625 0.0810546875
0 0.1220703125 0.58447265625 0.08984375 0.0849609375
0 0.05712890625 0.7158203125 0.0654296875 0.072265625
0 0.2919921875 0.8583984375 0.1328125 0.087890625
0 0.88037109375 0.970703125 0.1103515625 0.05859375
0 0.0634765625 0.90185546875 0.09765625 0.0849609375
0 0.228515625 0.65478515625 0.08203125 0.0849609375
0 0.73583984375 0.0634765625 0.0830078125 0.072265625
0 0.82275390625 0.171875 0.0869140625 0.0859375
0 0.78662109375 0.015625 0.0654296875 0.03125
0 0.70458984375 0.00244140625 0.0751953125 0.0048828125
0 0.720703125 0.546875 0.08203125 0.10546875
0 0.82470703125 0.6171875 0.0849609375 0.064453125
