0 0.38232421875 0.42236328125 0.0458984375 0.0986328125
0 0.01318359375 0.26708984375 0.0263671875 0.0947265625
0 0.306640625 0.30126953125 0.048828125 0.0986328125
0 0.3173828125 0.57080078125 0.08203125 0.0791015625
0 0.369140625 0.2080078125 0.0546875 0.083984375
0 0.6728515625 0.771484375 0.064453125 0.08203125
0 0.6669921875 0.94287109375 0.068359375 0.1005859375
0 0.9619140625 0.89208984375 0.072265625 0.0888671875
0 0.85009765625 0.19384765625 0.0556640625 0.0771484375
0 0.5390625 0.736328125 0.10546875 0.078125
0 0.01513671875 0.7255859375 0.0302734375 0.056640625
0 0.51318359375 0.26953125 0.0771484375 0.091796875
0 0.81103515625 0.74072265625 0.1005859375 0.0615234375
0 0.92138671875 0.57470703125 0.0380859375 0.1005859375
0 0.46875 0.96728515625 0.052734375 0.0654296875
0 0.9326171875 0.3779296875 0.044921875 0.07421875
0 0.80517578125 0.02978515625 0.0517578125 0.0595703125
0 0.4736328125 0.43408203125 0.0625 0.0693359375
0 0.28955078125 0.3974609375 0.0517578125 0.052734375
0 0.13134765625 0.0380859375 0.0830078125 0.044921875
0 0.17431640625 0.3671875 0.0693359375 0.046875
0 0.185546875 0.75048828125 0.056640625 0.0517578125
0 0.7978515625 0.767578125 0.076171875 0.056640625
0 0.421875 0.58837890625 0.04296875 0.0732421875
0 0.078125 0.55224609375 0.060546875 0.1318359375
0 0.54345703125 0.60546875 0.0498046875 0.12109375
0 0.216796875 0.66259765625 0.07421875 0.0869140625
0 0.29443359375 0.02294921875 0.0615234375 0.0458984375
0 0.07275390625 0.640625 0.0849609375 0.044921875
0 0.96044921875 0.275390625 0.0283203125 0.06640625
0 0.72216796875 0.26904296875 0.0263671875 0.1044921875
0 0.92724609375 0.17529296875 0.0244140625 0.0830078125
0 0.3857421875 0.78759765625 0.048828125 0.0537109375
0 0.1787109375 0.50537109375 0.046875 0.1298828125
0 0.96337890625 0.037109375 0.0693359375 0.033203125
0 0.0751953125 0.939453125 0.025390625 0.111328125
0 0.341796875 0.95361328125 0.046875 0.0380859375
0 0.3525390625 0.71533203125 0.091796875 0.0263671875
0 0.48095703125 0.796875 0.0380859375 0.056640625
0 0.74951171875 0.3310546875 0.0458984375 0.078125
0 0.7998046875 0.57080078125 0.05078125 0.0517578125
0 0.6435546875 0.48876953125 0.037109375 0.1474609375
0 0.03564453125 0.0419921875 0.0712890625 0.029296875
0 0.51611328125 0.984375 0.0439453125 0.03125
0 0.1015625 0.7265625 0.0546875 0.0625
0 0.69091796875 0.10400390625 0.0869140625 0.0302734375
0 0.783203125 0.9248046875 0.046875 0.044921875
0 0.74267578125 0.06640625 0.0654296875 0.025390625
0 0.8447265625 0.978515625 0.02734375 0.04296875
0 0.0244140625 0.98828125 0.041015625 0.0234375
0 0.65234375 0.291015625 0.0546875 0.025390625
0 0.61865234375 0.3037109375 0.0888671875 0.05078125
0 0.203125 0.66845703125 0.05078125 0.0947265625
0 0.72021484375 0.76123046875 0.0458984375 0.0439453125
0 0.86083984375 0.8505859375 0.0634765625 0.017578125
0 0.642578125 0.3291015625 0.078125 0.044921875
0 0.51025390625 0.6650390625 0.0751953125 0.044921875
0 0.224609375 0.16650390625 0.06640625 0.0478515625
0 0.705078125 0.7177734375 0.044921875 0.029296875
0 0.79638671875 0.37646484375 0.0791015625 0.0498046875
0 0.59619140625 0.68359375 0.0576171875 0.05859375
0 0.52587890625 0.21044921875 0.0517578125 0.0693359375
0 0.11083984375 0.87060546875 0.2041015625 0.1669921875
0 0.5146484375 0.76611328125 0.048828125 0.0185546875
0 0.69970703125 0.09619140625 0.0751953125 0.0498046875
0 0.498046875 0.3740234375 0.0390625 0.048828125
0 0.6123046875 0.3515625 0.06640625 0.046875
0 0.08154296875 0.03759765625 0.0712890625 0.0751953125
0 0.8291015625 0.85791015625 0.052734375 0.0693359375
0 0.02099609375 0.67919921875 0.0419921875 0.0576171875
0 0.99169921875 0.2685546875 0.0166015625 0.072265625
0 0.9765625 0.20263671875 0.041015625 0.0732421875
