0 0.0419921875 0.916015625 0.083984375 0.0703125
0 0.01123046875 0.80322265625 0.0224609375 0.0732421875
0 0.0927734375 0.8369140625 0.068359375 0.0703125
0 0.04296875 0.64794921875 0.0859375 0.1689453125
0 0.0703125 0.40966796875 0.095703125 0.0791015625
0 0.12158203125 0.57861328125 0.0634765625 0.0576171875
0 0.25634765625 0.62353515625 0.0869140625 0.0712890625
0 0.32275390625 0.72998046875 0.0654296875 0.0693359375
0 0.3486328125 0.81982421875 0.09375 0.1748046875
0 0.51025390625 0.90966796875 0.0791015625 0.0751953125
0 0.642578125 0.94384765625 0.09765625 0.1123046875
0 0.4453125 0.97265625 0.056640625 0.0546875
0 0.63232421875 0.65966796875 0.1806640625 0.1708984375
0 0.50634765625 0.32177734375 0.0830078125 0.1748046875
0 0.3525390625 0.42626953125 0.078125 0.0771484375
0 0.640625 0.4541015625 0.0859375 0.171875
0 0.74560546875 0.4619140625 0.0693359375 0.109375
0 0.73291015625 0.2822265625 0.0712890625 0.111328125
0 0.5146484375 0.04931640625 0.083984375 0.0537109375
0 0.046875 0.08740234375 0.09375 0.1748046875
0 0.716796875 0.01708984375 0.0703125 0.0341796875
0 0.83349609375 0.06689453125 0.0556640625 0.0927734375
0 0.78955078125 0.05322265625 0.0419921875 0.0888671875
0 0.79150390625 0.22314453125 0.0576171875 0.0791015625
0 0.90625 0.4619140625 0.078125 0.1015625
0 0.94677734375 0.68212890625 0.0830078125 0.2158203125
0 0.900390625 0.3154296875 0.1015625 0.10546875
0 0.93603515625 0.25537109375 0.0849609375 0.0654296875
0 0.92138671875 0.02099609375 0.0595703125 0.0419921875
0 0.2763671875 0.81787109375 0.0390625 0.0966796875
0 0.01318359375 0.26806640625 0.0263671875 0.0751953125
