0 0.37939453125 0.6708984375 0.1103515625 0.048828125
0 0.29345703125 0.75390625 0.0302734375 0.033203125
0 0.15478515625 0.47900390625 0.0634765625 0.0517578125
0 0.3876953125 0.32666015625 0.06640625 0.1416015625
0 0.93798828125 0.677734375 0.0947265625 0.07421875
0 0.22265625 0.1357421875 0.08984375 0.08203125
0 0.236328125 0.677734375 0.06640625 0.08203125
0 0.146484375 0.595703125 0.080078125 0.068359375
0 0.09033203125 0.17138671875 0.1220703125 0.1064453125
0 0.27001953125 0.4013671875 0.0615234375 0.078125
0 0.92919921875 0.1494140625 0.0791015625 0.095703125
0 0.1142578125 0.05615234375 0.13671875 0.1123046875
0 0.736328125 0.14697265625 0.09765625 0.1201171875
0 0.7041015625 0.7431640625 0.091796875 0.091796875
0 0.9619140625 0.900390625 0.076171875 0.1171875
0 0.8232421875 0.720703125 0.107421875 0.087890625
0 0.63623046875 0.0859375 0.0556640625 0.08203125
0 0.6025390625 0.171875 0.11328125 0.107421875
0 0.146484375 0.837890625 0.056640625 0.046875
0 0.6982421875 0.4033203125 0.15234375 0.083984375
0 0.12548828125 0.3720703125 0.0947265625 0.07421875
0 0.28955078125 0.03515625 0.1005859375 0.0703125
0 0.12890625 0.75 0.052734375 0.052734375
0 0.123046875 0.283203125 0.107421875 0.0625
0 0.64208984375 0.55322265625 0.1337890625 0.1064453125
0 0.939453125 0.03857421875 0.0703125 0.0751953125
0 0.48046875 0.18359375 0.11328125 0.06640625
0 0.6123046875 0.29345703125 0.09375 0.0869140625
0 0.2080078125 0.20361328125 0.087890625 0.0419921875
0 0.25537109375 0.59619140625 0.0576171875 0.0888671875
0 0.326171875 0.54248046875 0.06640625 0.0556640625
0 0.09716796875 0.7333984375 0.0595703125 0.056640625
0 0.7490234375 0.828125 0.087890625 0.126953125
0 0.8203125 0.48291015625 0.078125 0.1025390625
0 0.8857421875 0.533203125 0.130859375 0.17578125
0 0.88134765625 0.541015625 0.0966796875 0.087890625
0 0.0908203125 0.849609375 0.10546875 0.052734375
0 0.25 0.79296875 0.078125 0.041015625
0 0.34619140625 0.7353515625 0.0576171875 0.052734375
0 0.2041015625 0.5810546875 0.02734375 0.029296875
0 0.3466796875 0.1435546875 0.04296875 0.044921875
