0 0.005859375 0.9794921875 0.01171875 0.041015625
0 0.01416015625 0.55419921875 0.0283203125 0.0771484375
0 0.1875 0.2939453125 0.08203125 0.078125
0 0.17041015625 0.46826171875 0.1005859375 0.1005859375
0 0.197265625 0.6865234375 0.1015625 0.072265625
0 0.14990234375 0.83154296875 0.0654296875 0.0966796875
0 0.173828125 0.77294921875 0.08203125 0.0791015625
0 0.0263671875 0.24951171875 0.052734375 0.0693359375
0 0.02294921875 0.09765625 0.0458984375 0.0625
0 0.177734375 0.17529296875 0.07421875 0.0732421875
0 0.0615234375 0.19482421875 0.068359375 0.0595703125
0 0.37890625 0.6298828125 0.14453125 0.08203125
0 0.6337890625 0.50439453125 0.12890625 0.0673828125
0 0.45361328125 0.1181640625 0.0888671875 0.076171875
0 0.25732421875 0.14892578125 0.0771484375 0.0732421875
0 0.517578125 0.06005859375 0.060546875 0.0517578125
0 0.6943359375 0.04296875 0.107421875 0.0703125
0 0.77490234375 0.1015625 0.0595703125 0.04296875
0 0.92236328125 0.0478515625 0.0927734375 0.06640625
0 0.85546875 0.43603515625 0.0703125 0.0849609375
0 0.966796875 0.58203125 0.06640625 0.072265625
0 0.8037109375 0.69580078125 0.1640625 0.0751953125
0 0.52392578125 0.81005859375 0.0849609375 0.0576171875
0 0.33056640625 0.830078125 0.1435546875 0.08984375
0 0.78125 0.81396484375 0.111328125 0.0732421875
0 0.7392578125 0.974609375 0.13671875 0.05078125
0 0.24169921875 0.97900390625 0.0537109375 0.0419921875
0 0.94580078125 0.98388671875 0.0791015625 0.0322265625
0 0.966796875 0.91552734375 0.06640625 0.0634765625
