0 0.8134765625 0.6171875 0.087890625 0.080078125
0 0.80322265625 0.220703125 0.0869140625 0.13671875
0 0.8173828125 0.7333984375 0.125 0.1328125
0 0.98046875 0.21875 0.0390625 0.15234375
0 0.71826171875 0.1572265625 0.0732421875 0.10546875
0 0.7421875 0.4970703125 0.115234375 0.140625
0 0.90087890625 0.10546875 0.0771484375 0.142578125
0 0.90234375 0.97509765625 0.125 0.0498046875
0 0.53076171875 0.7080078125 0.1123046875 0.0625
0 0.794921875 0.06787109375 0.0703125 0.0673828125
0 0.73828125 0.5595703125 0.087890625 0.095703125
0 0.89453125 0.5380859375 0.080078125 0.08203125
0 0.70068359375 0.48095703125 0.0869140625 0.1220703125
0 0.79052734375 0.51171875 0.1025390625 0.0703125
0 0.02685546875 0.123046875 0.0537109375 0.177734375
0 0.04150390625 0.9794921875 0.0830078125 0.041015625
0 0.0361328125 0.96435546875 0.072265625 0.0380859375
0 0.55126953125 0.78369140625 0.0771484375 0.0830078125
