0 0.041015625 0.1474609375 0.08203125 0.068359375
0 0.18798828125 0.09912109375 0.0556640625 0.0634765625
0 0.1025390625 0.537109375 0.060546875 0.0625
0 0.1572265625 0.43310546875 0.064453125 0.1044921875
0 0.26416015625 0.52587890625 0.0908203125 0.0537109375
0 0.23974609375 0.56201171875 0.1064453125 0.0595703125
0 0.13818359375 0.6572265625 0.0810546875 0.07421875
0 0.0400390625 0.7978515625 0.0703125 0.087890625
0 0.11572265625 0.79833984375 0.0927734375 0.0576171875
0 0.142578125 0.95361328125 0.068359375 0.0556640625
0 0.43701171875 0.0712890625 0.0712890625 0.076171875
0 0.373046875 0.14697265625 0.056640625 0.0654296875
0 0.47314453125 0.30029296875 0.0791015625 0.1279296875
0 0.3798828125 0.5380859375 0.154296875 0.1796875
0 0.47802734375 0.66552734375 0.0927734375 0.0869140625
0 0.4599609375 0.7646484375 0.068359375 0.0859375
0 0.54833984375 0.74951171875 0.0361328125 0.0751953125
0 0.27587890625 0.81689453125 0.1142578125 0.0673828125
0 0.36865234375 0.84814453125 0.1064453125 0.0732421875
0 0.78759765625 0.9365234375 0.0712890625 0.126953125
0 0.8876953125 0.91357421875 0.091796875 0.1103515625
0 0.63916015625 0.51611328125 0.0693359375 0.0712890625
0 0.98291015625 0.5263671875 0.0341796875 0.052734375
0 0.75341796875 0.22900390625 0.1416015625 0.0771484375
0 0.93408203125 0.66357421875 0.0576171875 0.0458984375
0 0.326171875 0.0087890625 0.044921875 0.017578125
0 0.3115234375 0.02734375 0.048828125 0.0546875
0 0.798828125 0.0224609375 0.056640625 0.044921875
0 0.01123046875 0.34130859375 0.0224609375 0.0595703125
0 0.52197265625 0.75146484375 0.0439453125 0.0654296875
0 0.017578125 0.830078125 0.03515625 0.048828125
0 0.9912109375 0.56298828125 0.017578125 0.0263671875
