0 0.7919921875 0.66552734375 0.07421875 0.1279296875
0 0.9736328125 0.703125 0.052734375 0.08203125
0 0.84619140625 0.45458984375 0.1025390625 0.0849609375
0 0.9599609375 0.47607421875 0.080078125 0.0927734375
0 0.4619140625 0.388671875 0.099609375 0.09765625
0 0.97216796875 0.0849609375 0.0556640625 0.080078125
0 0.1142578125 0.1884765625 0.125 0.107421875
0 0.84814453125 0.34716796875 0.0830078125 0.0947265625
0 0.2197265625 0.10205078125 0.0703125 0.0947265625
0 0.22314453125 0.31201171875 0.1162109375 0.1083984375
0 0.58349609375 0.90087890625 0.0771484375 0.0576171875
0 0.6396484375 0.1474609375 0.08984375 0.080078125
0 0.21435546875 0.4794921875 0.0849609375 0.099609375
0 0.96875 0.8720703125 0.0625 0.064453125
0 0.3310546875 0.69677734375 0.142578125 0.1103515625
0 0.88330078125 0.71533203125 0.0771484375 0.1025390625
0 0.9521484375 0.5595703125 0.095703125 0.08984375
0 0.29248046875 0.58740234375 0.0849609375 0.0849609375
0 0.96484375 0.35205078125 0.0703125 0.1142578125
0 0.76953125 0.08837890625 0.099609375 0.0869140625
0 0.20703125 0.80078125 0.10546875 0.08203125
0 0.13720703125 0.96240234375 0.1044921875 0.0712890625
0 0.65966796875 0.2607421875 0.0849609375 0.068359375
0 0.0517578125 0.09814453125 0.0703125 0.1376953125
0 0.0947265625 0.564453125 0.08984375 0.080078125
0 0.11474609375 0.77587890625 0.0654296875 0.0771484375
0 0.88916015625 0.97607421875 0.0849609375 0.0478515625
