0 0.83056640625 0.921875 0.0576171875 0.1015625
0 0.5322265625 0.6953125 0.08984375 0.064453125
0 0.72119140625 0.69970703125 0.0908203125 0.0615234375
0 0.935546875 0.2333984375 0.052734375 0.083984375
0 0.97021484375 0.47216796875 0.0595703125 0.0888671875
0 0.96728515625 0.0380859375 0.0615234375 0.07421875
0 0.99365234375 0.2314453125 0.0126953125 0.080078125
0 0.34326171875 0.1845703125 0.0478515625 0.080078125
0 0.79345703125 0.330078125 0.0576171875 0.080078125
0 0.08251953125 0.09619140625 0.0771484375 0.0576171875
0 0.12939453125 0.51904296875 0.1025390625 0.0654296875
0 0.14697265625 0.79345703125 0.1259765625 0.0576171875
0 0.5244140625 0.455078125 0.10546875 0.080078125
0 0.341796875 0.47900390625 0.12890625 0.0888671875
0 0.8759765625 0.86328125 0.0703125 0.064453125
0 0.35986328125 0.13818359375 0.0361328125 0.1005859375
0 0.650390625 0.89990234375 0.0546875 0.0869140625
0 0.841796875 0.115234375 0.08984375 0.08984375
0 0.39111328125 0.38427734375 0.0693359375 0.0654296875
0 0.05908203125 0.72265625 0.1083984375 0.0546875
0 0.2822265625 0.353515625 0.080078125 0.064453125
0 0.45556640625 0.78076171875 0.0849609375 0.0673828125
0 0.82080078125 0.5087890625 0.0634765625 0.060546875
0 0.23876953125 0.09912109375 0.0732421875 0.0732421875
0 0.76953125 0.22998046875 0.076171875 0.1064453125
0 0.27294921875 0.9423828125 0.0966796875 0.064453125
0 0.1142578125 0.31884765625 0.07421875 0.0712890625
0 0.0673828125 0.3232421875 0.095703125 0.072265625
0 0.115234375 0.4794921875 0.125 0.080078125
0 0.63671875 0.1806640625 0.111328125 0.111328125
0 0.52294921875 0.56640625 0.0576171875 0.07421875
0 0.3603515625 0.89501953125 0.078125 0.0380859375
0 0.94091796875 0.32421875 0.0693359375 0.083984375
0 0.7734375 0.037109375 0.056640625 0.072265625
0 0.501953125 0.23046875 0.080078125 0.05078125
0 0.251953125 0.158203125 0.14453125 0.111328125
0 0.27685546875 0.8740234375 0.0751953125 0.0859375
0 0.9599609375 0.654296875 0.080078125 0.06640625
0 0.0810546875 0.23095703125 0.14453125 0.1103515625
0 0.5126953125 0.20556640625 0.09375 0.0791015625
0 0.03369140625 0.37744140625 0.0673828125 0.0634765625
0 0.81689453125 0.61669921875 0.0634765625 0.0322265625
0 0.32373046875 0.78125 0.1064453125 0.041015625
0 0.40771484375 0.0673828125 0.0751953125 0.0859375
0 0.509765625 0.76953125 0.12109375 0.068359375
0 0.29345703125 0.802734375 0.0419921875 0.08984375
0 0.51416015625 0.0859375 0.0888671875 0.05859375
0 0.64404296875 0.03076171875 0.0537109375 0.0615234375
0 0.95361328125 0.76025390625 0.0927734375 0.0458984375
0 0.279296875 0.0283203125 0.072265625 0.0546875
0 0.2841796875 0.52099609375 0.060546875 0.0537109375
0 0.111328125 0.9755859375 0.044921875 0.04296875
0 0.791015625 0.396484375 0.07421875 0.06640625
0 0.46875 0.0341796875 0.1171875 0.056640625
0 0.3505859375 0.61474609375 0.068359375 0.0380859375
0 0.3330078125 0.25439453125 0.115234375 0.0263671875
0 0.5087890625 0.11083984375 0.0859375 0.0595703125
0 0.66845703125 0.107421875 0.0517578125 0.060546875
0 0.17578125 0.84521484375 0.08984375 0.0693359375
0 0.095703125 0.87109375 0.091796875 0.04296875
0 0.84521484375 0.923828125 0.0439453125 0.083984375
0 0.71826171875 0.90966796875 0.0615234375 0.0361328125
0 0.6298828125 0.78369140625 0.07421875 0.0634765625
0 0.20849609375 0.4541015625 0.0615234375 0.12109375
0 0.24072265625 0.328125 0.0419921875 0.091796875
0 0.63525390625 0.900390625 0.0478515625 0.078125
0 0.8779296875 0.6044921875 0.083984375 0.046875
0 0.94970703125 0.67626953125 0.0693359375 0.0478515625
0 0.6181640625 0.833984375 0.087890625 0.05078125
0 0.8427734375 0.87646484375 0.0625 0.0478515625
0 0.2197265625 0.4072265625 0.123046875 0.146484375
0 0.0341796875 0.802734375 0.060546875 0.0390625
0 0.6875 0.62890625 0.078125 0.03515625
0 0.0869140625 0.27099609375 0.08203125 0.0517578125
0 0.35595703125 0.98291015625 0.0439453125 0.0283203125
0 0.80615234375 0.009765625 0.0595703125 0.01953125
0 0.025390625 0.1728515625 0.048828125 0.021484375
0 0.0908203125 0.3232421875 0.08984375 0.076171875
0 0.01708984375 0.82861328125 0.0341796875 0.0341796875
0 0.8232421875 0.8056640625 0.087890625 0.052734375
0 0.02392578125 0.12451171875 0.0478515625 0.0439453125
0 0.0732421875 0.01708984375 0.05078125 0.0341796875
0 0.92724609375 0.9833984375 0.0654296875 0.033203125
