0 0.029296875 0.0849609375 0.056640625 0.09765625
0 0.17138671875 0.17236328125 0.0517578125 0.0986328125
0 0.10302734375 0.19287109375 0.0791015625 0.1044921875
0 0.2958984375 0.18017578125 0.064453125 0.1005859375
0 0.1826171875 0.2958984375 0.05859375 0.08203125
0 0.23291015625 0.26171875 0.0576171875 0.076171875
0 0.30517578125 0.275390625 0.0888671875 0.08203125
0 0.42822265625 0.27099609375 0.0927734375 0.1064453125
0 0.2490234375 0.3447265625 0.09765625 0.068359375
0 0.32958984375 0.3896484375 0.0986328125 0.064453125
0 0.3876953125 0.41357421875 0.0703125 0.0712890625
0 0.064453125 0.29052734375 0.10546875 0.0986328125
0 0.02880859375 0.38330078125 0.0576171875 0.0732421875
0 0.10205078125 0.4677734375 0.0771484375 0.0625
0 0.1953125 0.48046875 0.1015625 0.076171875
0 0.3193359375 0.4794921875 0.130859375 0.076171875
0 0.25048828125 0.568359375 0.1240234375 0.060546875
0 0.3408203125 0.59326171875 0.109375 0.0693359375
0 0.31640625 0.677734375 0.064453125 0.0703125
0 0.6025390625 0.59228515625 0.166015625 0.0595703125
0 0.49072265625 0.54443359375 0.0615234375 0.0712890625
0 0.5 0.4453125 0.083984375 0.0625
0 0.474609375 0.37109375 0.0625 0.083984375
0 0.5478515625 0.4140625 0.078125 0.064453125
0 0.671875 0.4775390625 0.076171875 0.07421875
0 0.59814453125 0.37353515625 0.0654296875 0.0986328125
0 0.619140625 0.318359375 0.0546875 0.06640625
0 0.6806640625 0.33544921875 0.076171875 0.0986328125
0 0.63671875 0.23681640625 0.0703125 0.0771484375
0 0.73193359375 0.228515625 0.0654296875 0.07421875
0 0.53076171875 0.77099609375 0.0986328125 0.0654296875
0 0.39892578125 0.90478515625 0.0966796875 0.0771484375
0 0.29638671875 0.908203125 0.0615234375 0.068359375
0 0.15087890625 0.87939453125 0.0712890625 0.0712890625
0 0.125 0.96240234375 0.060546875 0.0615234375
0 0.04541015625 0.94140625 0.0908203125 0.060546875
0 0.88818359375 0.791015625 0.0654296875 0.09765625
0 0.52685546875 0.97607421875 0.0654296875 0.0478515625
0 0.62890625 0.90087890625 0.08984375 0.0615234375
0 0.72265625 0.94140625 0.0703125 0.06640625
0 0.76318359375 0.8984375 0.0712890625 0.056640625
0 0.67919921875 0.8056640625 0.1064453125 0.09765625
0 0.97802734375 0.171875 0.0439453125 0.1171875
0 0.94384765625 0.3623046875 0.0712890625 0.087890625
0 0.9755859375 0.44677734375 0.048828125 0.0810546875
0 0.93017578125 0.46728515625 0.0986328125 0.0654296875
0 0.87744140625 0.4921875 0.1181640625 0.095703125
0 0.97802734375 0.5537109375 0.0439453125 0.068359375
0 0.77685546875 0.38720703125 0.0751953125 0.0712890625
0 0.75390625 0.6181640625 0.087890625 0.08203125
0 0.95654296875 0.6494140625 0.0810546875 0.140625
0 0.0341796875 0.88427734375 0.068359375 0.0732421875
0 0.8974609375 0.40771484375 0.083984375 0.0927734375
0 0.4638671875 0.13330078125 0.064453125 0.0693359375
0 0.3056640625 0.3408203125 0.0546875 0.048828125
0 0.02880859375 0.51123046875 0.0576171875 0.0810546875
0 0.27685546875 0.52197265625 0.0556640625 0.0498046875
0 0.44775390625 0.517578125 0.0478515625 0.05078125
0 0.890625 0.3525390625 0.06640625 0.0703125
0 0.8330078125 0.3740234375 0.06640625 0.068359375
0 0.69287109375 0.25927734375 0.0791015625 0.0732421875
0 0.78857421875 0.8564453125 0.0439453125 0.046875
