0 0.20703125 0.6357421875 0.154296875 0.072265625
0 0.42431640625 0.53466796875 0.0849609375 0.0751953125
0 0.32958984375 0.5185546875 0.1103515625 0.072265625
0 0.703125 0.5693359375 0.171875 0.064453125
0 0.02490234375 0.66552734375 0.0498046875 0.1123046875
0 0.05078125 0.4580078125 0.1015625 0.0625
0 0.8271484375 0.2373046875 0.1953125 0.080078125
0 0.76806640625 0.01953125 0.0927734375 0.0390625
0 0.14208984375 0.09033203125 0.1005859375 0.0771484375
0 0.8369140625 0.3271484375 0.099609375 0.099609375
0 0.6396484375 0.361328125 0.158203125 0.08203125
0 0.33349609375 0.62939453125 0.0771484375 0.0556640625
0 0.029296875 0.27734375 0.0546875 0.08984375
0 0.8046875 0.47607421875 0.080078125 0.0771484375
0 0.54443359375 0.51611328125 0.1943359375 0.0927734375
0 0.439453125 0.7158203125 0.060546875 0.126953125
0 0.212890625 0.0830078125 0.0625 0.1328125
0 0.474609375 0.83447265625 0.095703125 0.1357421875
0 0.49609375 0.09521484375 0.087890625 0.0595703125
0 0.814453125 0.04931640625 0.134765625 0.0751953125
0 0.22900390625 0.57666015625 0.0556640625 0.0654296875
0 0.78955078125 0.67236328125 0.1005859375 0.0849609375
0 0.07080078125 0.8544921875 0.1376953125 0.0703125
0 0.65087890625 0.11474609375 0.0869140625 0.0595703125
0 0.08740234375 0.3955078125 0.1650390625 0.072265625
0 0.3095703125 0.83056640625 0.064453125 0.1728515625
0 0.1982421875 0.8037109375 0.13671875 0.0625
0 0.0986328125 0.7568359375 0.15234375 0.0703125
0 0.4033203125 0.93701171875 0.078125 0.0908203125
0 0.306640625 0.9228515625 0.125 0.154296875
0 0.51708984375 0.9521484375 0.0849609375 0.095703125
0 0.47705078125 0.4248046875 0.1806640625 0.0546875
0 0.189453125 0.88818359375 0.08984375 0.0927734375
0 0.8544921875 0.7353515625 0.064453125 0.1875
0 0.13427734375 0.35205078125 0.0595703125 0.0654296875
0 0.89697265625 0.03125 0.1650390625 0.0625
0 0.5859375 0.79052734375 0.087890625 0.0576171875
0 0.03369140625 0.12060546875 0.0673828125 0.0927734375
0 0.06494140625 0.1591796875 0.1298828125 0.115234375
0 0.099609375 0.28466796875 0.109375 0.1201171875
0 0.6796875 0.912109375 0.109375 0.080078125
0 0.81982421875 0.9658203125 0.1201171875 0.068359375
0 0.4658203125 0.3447265625 0.09765625 0.0703125
0 0.90478515625 0.78955078125 0.0654296875 0.2158203125
0 0.84716796875 0.89697265625 0.0556640625 0.0556640625
0 0.7080078125 0.859375 0.212890625 0.140625
0 0.181640625 0.962890625 0.107421875 0.07421875
0 0.16455078125 0.2109375 0.0791015625 0.0625
0 0.11083984375 0.71923828125 0.0380859375 0.1103515625
0 0.13916015625 0.76171875 0.0849609375 0.125
0 0.533203125 0.91796875 0.04296875 0.09765625
0 0.408203125 0.79052734375 0.046875 0.0673828125
0 0.73681640625 0.66796875 0.0849609375 0.0625
0 0.96484375 0.57568359375 0.0703125 0.0576171875
0 0.978515625 0.75048828125 0.04296875 0.0576171875
0 0.9697265625 0.92333984375 0.060546875 0.0732421875
0 0.17822265625 0.26708984375 0.1025390625 0.0654296875
0 0.48828125 0.4072265625 0.08203125 0.10546875
0 0.80810546875 0.43212890625 0.0576171875 0.0498046875
0 0.97216796875 0.0595703125 0.0556640625 0.0546875
0 0.9560546875 0.0146484375 0.087890625 0.029296875
