0 0.70703125 0.02734375 0.091796875 0.0546875
0 0.08056640625 0.01416015625 0.0947265625 0.0283203125
0 0.07177734375 0.0654296875 0.0966796875 0.07421875
0 0.03857421875 0.1083984375 0.0751953125 0.076171875
0 0.40087890625 0.10791015625 0.2060546875 0.0830078125
0 0.5234375 0.04833984375 0.0625 0.0654296875
0 0.26416015625 0.333984375 0.0986328125 0.07421875
0 0.3388671875 0.43017578125 0.060546875 0.0615234375
0 0.1064453125 0.48974609375 0.078125 0.0419921875
0 0.0927734375 0.576171875 0.072265625 0.0859375
0 0.021484375 0.552734375 0.04296875 0.06640625
0 0.0703125 0.6298828125 0.083984375 0.05859375
0 0.2265625 0.54443359375 0.078125 0.0595703125
0 0.26904296875 0.5009765625 0.0498046875 0.041015625
0 0.30322265625 0.529296875 0.0595703125 0.0625
0 0.3408203125 0.55712890625 0.07421875 0.1123046875
0 0.40185546875 0.55712890625 0.0732421875 0.1376953125
0 0.462890625 0.4853515625 0.05078125 0.046875
0 0.50048828125 0.52001953125 0.0791015625 0.0693359375
0 0.4150390625 0.658203125 0.05859375 0.060546875
0 0.23388671875 0.68408203125 0.0498046875 0.0498046875
0 0.14111328125 0.63427734375 0.0634765625 0.0517578125
0 0.28125 0.69140625 0.0546875 0.078125
0 0.25244140625 0.74951171875 0.0751953125 0.0556640625
0 0.36962890625 0.74462890625 0.0869140625 0.0791015625
0 0.34326171875 0.6689453125 0.0732421875 0.064453125
0 0.5 0.78857421875 0.0625 0.0966796875
0 0.64453125 0.5751953125 0.056640625 0.109375
0 0.71484375 0.5068359375 0.09765625 0.056640625
0 0.72998046875 0.57861328125 0.0634765625 0.0751953125
0 0.7900390625 0.66064453125 0.1015625 0.1025390625
0 0.841796875 0.56640625 0.083984375 0.046875
0 0.8779296875 0.61328125 0.076171875 0.060546875
0 0.97216796875 0.6064453125 0.0556640625 0.060546875
0 0.63330078125 0.875 0.1044921875 0.078125
0 0.45361328125 0.955078125 0.0947265625 0.052734375
0 0.2197265625 0.9423828125 0.109375 0.064453125
0 0.0927734375 0.8935546875 0.0859375 0.056640625
0 0.87060546875 0.921875 0.0615234375 0.05859375
0 0.97314453125 0.97119140625 0.0537109375 0.0498046875
0 0.84423828125 0.9775390625 0.0810546875 0.044921875
0 0.98681640625 0.0029296875 0.0263671875 0.005859375
