0 0.1083984375 0.09228515625 0.025390625 0.0810546875
0 0.2197265625 0.029296875 0.04296875 0.056640625
0 0.40869140625 0.03955078125 0.0791015625 0.0361328125
0 0.40478515625 0.0205078125 0.0478515625 0.041015625
0 0.07763671875 0.46875 0.0810546875 0.046875
0 0.037109375 0.53564453125 0.056640625 0.0751953125
0 0.0234375 0.68701171875 0.037109375 0.0693359375
0 0.255859375 0.3564453125 0.037109375 0.099609375
0 0.36181640625 0.51123046875 0.0615234375 0.0400390625
0 0.35009765625 0.5810546875 0.0595703125 0.046875
0 0.365234375 0.6640625 0.08984375 0.0703125
0 0.275390625 0.69775390625 0.0546875 0.0615234375
0 0.42919921875 0.673828125 0.0615234375 0.068359375
0 0.81494140625 0.02294921875 0.0712890625 0.0458984375
0 0.787109375 0.4404296875 0.044921875 0.09375
0 0.75390625 0.56640625 0.10546875 0.068359375
0 0.68017578125 0.62158203125 0.0517578125 0.0458984375
0 0.62646484375 0.7138671875 0.0576171875 0.04296875
0 0.82861328125 0.60546875 0.0322265625 0.046875
0 0.9169921875 0.56396484375 0.060546875 0.0400390625
0 0.97607421875 0.44189453125 0.0478515625 0.0791015625
0 0.97509765625 0.666015625 0.0458984375 0.060546875
0 0.84326171875 0.70263671875 0.0888671875 0.0439453125
0 0.9609375 0.7314453125 0.078125 0.046875
0 0.7744140625 0.9013671875 0.0625 0.03515625
0 0.80224609375 0.94140625 0.0400390625 0.052734375
0 0.8017578125 0.982421875 0.076171875 0.03515625
0 0.02734375 0.96142578125 0.04296875 0.0478515625
0 0.25537109375 0.82275390625 0.0439453125 0.0576171875
0 0.2216796875 0.79736328125 0.048828125 0.0478515625
0 0.87548828125 0.615234375 0.0556640625 0.05859375
0 0.96337890625 0.7880859375 0.0732421875 0.060546875
