0 0.96728515625 0.65185546875 0.0654296875 0.0751953125
0 0.4189453125 0.9052734375 0.15234375 0.115234375
0 0.9638671875 0.751953125 0.072265625 0.072265625
0 0.8408203125 0.7158203125 0.1328125 0.087890625
0 0.1923828125 0.95458984375 0.080078125 0.0908203125
0 0.2822265625 0.33203125 0.134765625 0.115234375
0 0.9521484375 0.349609375 0.095703125 0.0703125
0 0.98291015625 0.83203125 0.0341796875 0.0703125
0 0.30322265625 0.05322265625 0.0927734375 0.1025390625
0 0.634765625 0.53955078125 0.134765625 0.0693359375
0 0.291015625 0.97216796875 0.087890625 0.0556640625
0 0.70556640625 0.74462890625 0.2275390625 0.0947265625
0 0.1826171875 0.8349609375 0.11328125 0.07421875
0 0.91455078125 0.224609375 0.1396484375 0.189453125
0 0.51220703125 0.095703125 0.1396484375 0.15234375
0 0.64404296875 0.986328125 0.0517578125 0.02734375
0 0.703125 0.8232421875 0.08203125 0.091796875
0 0.435546875 0.3798828125 0.1328125 0.080078125
0 0.2568359375 0.84716796875 0.064453125 0.1201171875
0 0.9208984375 0.5029296875 0.158203125 0.09765625
0 0.5009765625 0.72314453125 0.08203125 0.0869140625
0 0.07421875 0.73046875 0.064453125 0.0703125
0 0.66650390625 0.37744140625 0.0908203125 0.1650390625
0 0.076171875 0.25048828125 0.150390625 0.1357421875
0 0.96728515625 0.05078125 0.0654296875 0.09765625
0 0.1201171875 0.18408203125 0.064453125 0.0927734375
0 0.7724609375 0.54345703125 0.052734375 0.0673828125
0 0.66455078125 0.08056640625 0.2294921875 0.1572265625
0 0.42822265625 0.31982421875 0.0927734375 0.1103515625
0 0.29296875 0.7802734375 0.0703125 0.111328125
0 0.88232421875 0.54345703125 0.1103515625 0.0771484375
0 0.73681640625 0.1435546875 0.1591796875 0.232421875
0 0.07177734375 0.60205078125 0.0751953125 0.0673828125
0 0.62939453125 0.4609375 0.0849609375 0.09765625
0 0.048828125 0.31494140625 0.09765625 0.1025390625
0 0.41357421875 0.029296875 0.0927734375 0.0546875
0 0.724609375 0.3583984375 0.130859375 0.310546875
0 0.78564453125 0.41064453125 0.0498046875 0.0595703125
0 0.11572265625 0.04052734375 0.0927734375 0.0771484375
0 0.0458984375 0.0771484375 0.087890625 0.080078125
0 0.53662109375 0.04248046875 0.0595703125 0.0732421875
0 0.0244140625 0.68701171875 0.044921875 0.2294921875
0 0.06591796875 0.03564453125 0.0673828125 0.0673828125
0 0.107421875 0.23486328125 0.080078125 0.0947265625
0 0.8134765625 0.0361328125 0.05078125 0.06640625
0 0.59521484375 0.39013671875 0.0419921875 0.0400390625
