0 0.04345703125 0.7119140625 0.0869140625 0.072265625
0 0.091796875 0.5283203125 0.091796875 0.068359375
0 0.14404296875 0.876953125 0.1025390625 0.068359375
0 0.21533203125 0.87744140625 0.0732421875 0.0654296875
0 0.24609375 0.94775390625 0.0546875 0.0986328125
0 0.39453125 0.8896484375 0.068359375 0.056640625
0 0.4375 0.9423828125 0.048828125 0.0703125
0 0.4853515625 0.9599609375 0.0703125 0.056640625
0 0.578125 0.98193359375 0.0703125 0.0361328125
0 0.61376953125 0.9482421875 0.1474609375 0.103515625
0 0.048828125 0.34619140625 0.09765625 0.0654296875
0 0.1494140625 0.333984375 0.109375 0.076171875
0 0.02392578125 0.40478515625 0.0478515625 0.0595703125
0 0.37646484375 0.24169921875 0.0595703125 0.0751953125
0 0.32763671875 0.14404296875 0.0712890625 0.0771484375
0 0.30078125 0.451171875 0.126953125 0.09375
0 0.4140625 0.4375 0.06640625 0.1015625
0 0.54052734375 0.37646484375 0.0966796875 0.0615234375
0 0.66748046875 0.3857421875 0.0947265625 0.11328125
0 0.59716796875 0.39111328125 0.0693359375 0.0595703125
0 0.62646484375 0.46435546875 0.0576171875 0.0615234375
0 0.81298828125 0.318359375 0.1142578125 0.111328125
0 0.66064453125 0.26611328125 0.0966796875 0.0595703125
0 0.740234375 0.2421875 0.0703125 0.05859375
0 0.71044921875 0.2021484375 0.1064453125 0.078125
0 0.73681640625 0.14501953125 0.0693359375 0.0654296875
0 0.9072265625 0.44091796875 0.07421875 0.0849609375
0 0.947265625 0.43994140625 0.10546875 0.0849609375
0 0.962890625 0.49609375 0.07421875 0.07421875
0 0.646484375 0.60302734375 0.083984375 0.0830078125
0 0.7060546875 0.62451171875 0.072265625 0.1279296875
0 0.44140625 0.7666015625 0.09765625 0.060546875
0 0.46826171875 0.7158203125 0.0595703125 0.05859375
0 0.58984375 0.74365234375 0.068359375 0.0771484375
0 0.54541015625 0.806640625 0.0732421875 0.0703125
0 0.71435546875 0.79150390625 0.1064453125 0.0810546875
0 0.64599609375 0.85107421875 0.0791015625 0.0673828125
0 0.98291015625 0.8017578125 0.0341796875 0.07421875
0 0.82421875 0.88916015625 0.16796875 0.0947265625
0 0.951171875 0.89990234375 0.09765625 0.0771484375
0 0.78955078125 0.953125 0.0615234375 0.05859375
0 0.8427734375 0.939453125 0.1015625 0.0625
0 0.93115234375 0.95166015625 0.0576171875 0.0595703125
0 0.92138671875 0.98486328125 0.0361328125 0.0302734375
0 0.220703125 0.86083984375 0.076171875 0.0673828125
0 0.92236328125 0.28955078125 0.0751953125 0.0576171875
0 0.42236328125 0.02685546875 0.0654296875 0.0537109375
0 0.20458984375 0.40966796875 0.0537109375 0.0439453125
0 0.50390625 0.9716796875 0.056640625 0.0546875
0 0.56201171875 0.99365234375 0.0595703125 0.0126953125
0 0.70947265625 0.31591796875 0.0791015625 0.0458984375
0 0.77783203125 0.7763671875 0.0361328125 0.03515625
0 0.9140625 0.81640625 0.05078125 0.046875
