0 0.0205078125 0.63916015625 0.041015625 0.0927734375
0 0.119140625 0.7568359375 0.0703125 0.078125
0 0.0634765625 0.93212890625 0.078125 0.1025390625
0 0.33740234375 0.94580078125 0.1005859375 0.0673828125
0 0.3984375 0.984375 0.05859375 0.03125
0 0.443359375 0.86669921875 0.12109375 0.0908203125
0 0.8466796875 0.98583984375 0.060546875 0.0283203125
0 0.97802734375 0.8662109375 0.0439453125 0.0625
0 0.82568359375 0.8017578125 0.1494140625 0.078125
0 0.66455078125 0.69384765625 0.1455078125 0.0791015625
0 0.42529296875 0.66845703125 0.0791015625 0.0576171875
0 0.53271484375 0.4775390625 0.0751953125 0.08203125
0 0.78857421875 0.5927734375 0.0966796875 0.142578125
0 0.984375 0.66552734375 0.03125 0.0537109375
0 0.95751953125 0.43505859375 0.0849609375 0.1201171875
0 0.85546875 0.29248046875 0.111328125 0.0751953125
0 0.7421875 0.369140625 0.126953125 0.078125
0 0.23095703125 0.47705078125 0.0947265625 0.1533203125
0 0.2275390625 0.2685546875 0.08203125 0.064453125
0 0.14892578125 0.18896484375 0.0751953125 0.0751953125
0 0.3369140625 0.21337890625 0.078125 0.0712890625
0 0.4306640625 0.16943359375 0.095703125 0.1337890625
0 0.56201171875 0.10791015625 0.0927734375 0.0751953125
0 0.6123046875 0.0859375 0.08203125 0.10546875
0 0.6474609375 0.10400390625 0.087890625 0.0751953125
0 0.61083984375 0.1796875 0.0849609375 0.072265625
0 0.91650390625 0.1884765625 0.1669921875 0.072265625
0 0.71435546875 0.02685546875 0.0849609375 0.0537109375
0 0.74658203125 0.39794921875 0.0712890625 0.0498046875
0 0.87158203125 0.36083984375 0.0537109375 0.0400390625
