0 0.84423828125 0.20849609375 0.1298828125 0.0830078125
0 0.28076171875 0.2333984375 0.1220703125 0.078125
0 0.37353515625 0.30078125 0.0771484375 0.072265625
0 0.6142578125 0.6708984375 0.099609375 0.087890625
0 0.640625 0.46337890625 0.1171875 0.0771484375
0 0.126953125 0.02734375 0.099609375 0.0546875
0 0.732421875 0.42333984375 0.095703125 0.1044921875
0 0.83203125 0.1064453125 0.115234375 0.09765625
0 0.134765625 0.80078125 0.115234375 0.1015625
0 0.5546875 0.294921875 0.10546875 0.080078125
0 0.67431640625 0.7392578125 0.0849609375 0.08984375
0 0.87060546875 0.02587890625 0.1630859375 0.0517578125
0 0.564453125 0.51171875 0.08984375 0.080078125
0 0.1591796875 0.60986328125 0.109375 0.0791015625
0 0.0234375 0.78955078125 0.046875 0.0751953125
0 0.58740234375 0.7900390625 0.0830078125 0.080078125
0 0.00244140625 0.51953125 0.0048828125 0.080078125
0 0.12451171875 0.92138671875 0.0771484375 0.0986328125
0 0.21240234375 0.484375 0.0908203125 0.0625
0 0.65478515625 0.06689453125 0.0849609375 0.0654296875
0 0.4833984375 0.65966796875 0.091796875 0.0947265625
0 0.35107421875 0.0869140625 0.0927734375 0.0703125
0 0.3896484375 0.41455078125 0.125 0.1298828125
0 0.7412109375 0.6845703125 0.119140625 0.052734375
0 0.130859375 0.52197265625 0.0703125 0.1044921875
0 0.53857421875 0.02734375 0.1123046875 0.0546875
0 0.67578125 0.17919921875 0.072265625 0.0751953125
0 0.74462890625 0.5908203125 0.1396484375 0.078125
0 0.234375 0.42041015625 0.078125 0.0634765625
0 0.64111328125 0.35595703125 0.1025390625 0.0869140625
0 0.6669921875 0.53857421875 0.07421875 0.0673828125
0 0.46240234375 0.1220703125 0.0849609375 0.0546875
0 0.42724609375 0.21728515625 0.0947265625 0.0751953125
0 0.46826171875 0.845703125 0.1044921875 0.10546875
0 0.8583984375 0.6748046875 0.12890625 0.107421875
0 0.58984375 0.126953125 0.080078125 0.060546875
0 0.376953125 0.5595703125 0.095703125 0.0703125
0 0.55224609375 0.564453125 0.1201171875 0.080078125
0 0.03564453125 0.57373046875 0.0712890625 0.1142578125
0 0.03564453125 0.96044921875 0.0595703125 0.0791015625
0 0.66455078125 0.96484375 0.0791015625 0.0703125
0 0.91845703125 0.59716796875 0.1474609375 0.0751953125
0 0.44140625 0.97265625 0.08203125 0.0546875
0 0.1455078125 0.43505859375 0.09375 0.0751953125
0 0.02783203125 0.41357421875 0.0556640625 0.0966796875
