0 0.07763671875 0.96630859375 0.0908203125 0.0654296875
0 0.2880859375 0.98681640625 0.0546875 0.0263671875
0 0.0185546875 0.82861328125 0.037109375 0.0673828125
0 0.09619140625 0.85986328125 0.0498046875 0.0615234375
0 0.24951171875 0.77880859375 0.0986328125 0.0751953125
0 0.25927734375 0.87451171875 0.1240234375 0.0576171875
0 0.205078125 0.67578125 0.08203125 0.0625
0 0.0322265625 0.6689453125 0.064453125 0.0625
0 0.1201171875 0.62548828125 0.083984375 0.0693359375
0 0.04833984375 0.55859375 0.0966796875 0.0703125
0 0.005859375 0.49755859375 0.01171875 0.0517578125
0 0.09765625 0.423828125 0.064453125 0.07421875
0 0.24951171875 0.49853515625 0.0537109375 0.0556640625
0 0.32177734375 0.47998046875 0.0556640625 0.0458984375
0 0.330078125 0.56689453125 0.07421875 0.0654296875
0 0.1767578125 0.306640625 0.060546875 0.06640625
0 0.09912109375 0.27685546875 0.0556640625 0.0654296875
0 0.02978515625 0.18505859375 0.0595703125 0.0712890625
0 0.2099609375 0.22998046875 0.0546875 0.0576171875
0 0.30126953125 0.1845703125 0.0576171875 0.060546875
0 0.09228515625 0.11328125 0.0849609375 0.080078125
0 0.12158203125 0.0390625 0.0712890625 0.072265625
0 0.01953125 0.02734375 0.0390625 0.0546875
0 0.31982421875 0.03564453125 0.0810546875 0.0712890625
0 0.3369140625 0.26220703125 0.05859375 0.0537109375
0 0.31884765625 0.36962890625 0.0673828125 0.0693359375
0 0.4033203125 0.35205078125 0.060546875 0.0791015625
0 0.42578125 0.12158203125 0.173828125 0.0966796875
0 0.4130859375 0.02001953125 0.0703125 0.0400390625
0 0.67333984375 0.033203125 0.1201171875 0.060546875
0 0.654296875 0.14111328125 0.111328125 0.1123046875
0 0.869140625 0.17529296875 0.087890625 0.1044921875
0 0.88671875 0.087890625 0.091796875 0.068359375
0 0.9423828125 0.22119140625 0.0703125 0.0791015625
0 0.8115234375 0.3212890625 0.119140625 0.11328125
0 0.82275390625 0.42333984375 0.0947265625 0.0654296875
0 0.63134765625 0.4462890625 0.1181640625 0.0625
0 0.5224609375 0.34619140625 0.08984375 0.0615234375
0 0.57568359375 0.27001953125 0.0947265625 0.0654296875
0 0.70751953125 0.2763671875 0.0556640625 0.05859375
0 0.5068359375 0.59033203125 0.099609375 0.0732421875
0 0.4716796875 0.66552734375 0.12109375 0.0576171875
0 0.6123046875 0.69580078125 0.064453125 0.0888671875
0 0.77197265625 0.63134765625 0.0791015625 0.0712890625
0 0.75537109375 0.73291015625 0.1181640625 0.0693359375
0 0.75634765625 0.80126953125 0.1220703125 0.0654296875
0 0.39453125 0.81689453125 0.068359375 0.0888671875
0 0.421875 0.8896484375 0.0859375 0.056640625
0 0.58251953125 0.87158203125 0.1064453125 0.0927734375
0 0.67578125 0.93408203125 0.14453125 0.0830078125
0 0.9638671875 0.923828125 0.072265625 0.064453125
0 0.98681640625 0.30126953125 0.0263671875 0.0439453125
