0 0.8896484375 0.07421875 0.076171875 0.103515625
0 0.8291015625 0.125 0.072265625 0.07421875
0 0.6494140625 0.05224609375 0.12109375 0.1044921875
0 0.318359375 0.5361328125 0.072265625 0.08203125
0 0.73046875 0.9052734375 0.05859375 0.083984375
0 0.24462890625 0.96533203125 0.0869140625 0.0693359375
0 0.79150390625 0.2705078125 0.0595703125 0.083984375
0 0.25146484375 0.7490234375 0.0771484375 0.09375
0 0.412109375 0.173828125 0.0703125 0.1171875
0 0.32080078125 0.08740234375 0.0888671875 0.0908203125
0 0.90966796875 0.4111328125 0.0810546875 0.11328125
0 0.68505859375 0.49365234375 0.0810546875 0.0654296875
0 0.84033203125 0.45703125 0.0810546875 0.080078125
0 0.455078125 0.54931640625 0.119140625 0.0537109375
0 0.47998046875 0.17822265625 0.0732421875 0.0693359375
0 0.35693359375 0.7880859375 0.0751953125 0.099609375
0 0.1884765625 0.8779296875 0.09765625 0.0546875
0 0.09130859375 0.12744140625 0.0751953125 0.0751953125
0 0.62109375 0.39501953125 0.072265625 0.0869140625
0 0.59033203125 0.564453125 0.0751953125 0.076171875
0 0.05029296875 0.05615234375 0.0615234375 0.1025390625
0 0.66357421875 0.1123046875 0.0849609375 0.076171875
0 0.24462890625 0.54150390625 0.1416015625 0.0654296875
0 0.53369140625 0.12646484375 0.0888671875 0.0849609375
0 0.5517578125 0.10791015625 0.078125 0.0693359375
0 0.73681640625 0.56884765625 0.0673828125 0.0595703125
0 0.384765625 0.42822265625 0.1015625 0.0458984375
0 0.66455078125 0.3671875 0.0654296875 0.072265625
0 0.22705078125 0.1787109375 0.0791015625 0.0625
0 0.44091796875 0.7451171875 0.1201171875 0.0546875
0 0.36865234375 0.86962890625 0.1435546875 0.0791015625
0 0.53271484375 0.369140625 0.0966796875 0.076171875
0 0.564453125 0.46875 0.10546875 0.08203125
0 0.72998046875 0.82373046875 0.0908203125 0.0771484375
0 0.03125 0.255859375 0.0625 0.09765625
0 0.685546875 0.57275390625 0.0625 0.0556640625
0 0.4970703125 0.01513671875 0.06640625 0.0302734375
0 0.35888671875 0.927734375 0.0751953125 0.05078125
0 0.4853515625 0.12158203125 0.0703125 0.0712890625
0 0.49755859375 0.45703125 0.0966796875 0.064453125
0 0.779296875 0.80810546875 0.064453125 0.0576171875
0 0.3408203125 0.26953125 0.08984375 0.052734375
0 0.794921875 0.66943359375 0.048828125 0.0654296875
0 0.6298828125 0.56591796875 0.072265625 0.0654296875
0 0.77099609375 0.4755859375 0.0869140625 0.072265625
0 0.70703125 0.2060546875 0.095703125 0.06640625
0 0.54736328125 0.42626953125 0.0908203125 0.0693359375
0 0.1103515625 0.193359375 0.12109375 0.0625
0 0.64208984375 0.91748046875 0.0673828125 0.0419921875
0 0.96826171875 0.36279296875 0.0634765625 0.0966796875
0 0.72119140625 0.017578125 0.0517578125 0.03515625
0 0.85302734375 0.5048828125 0.0634765625 0.04296875
0 0.986328125 0.6181640625 0.02734375 0.02734375
0 0.9658203125 0.04296875 0.068359375 0.048828125
0 0.4169921875 0.6337890625 0.072265625 0.046875
0 0.0439453125 0.1806640625 0.083984375 0.123046875
0 0.96533203125 0.45068359375 0.0693359375 0.0810546875
0 0.5078125 0.92138671875 0.09765625 0.0712890625
0 0.70947265625 0.4716796875 0.0634765625 0.056640625
0 0.7470703125 0.419921875 0.099609375 0.11328125
0 0.42626953125 0.85595703125 0.0673828125 0.0888671875
0 0.23779296875 0.875 0.0732421875 0.048828125
0 0.494140625 0.63671875 0.109375 0.033203125
0 0.5283203125 0.52294921875 0.068359375 0.0673828125
0 0.40380859375 0.990234375 0.0654296875 0.01953125
0 0.572265625 0.93310546875 0.056640625 0.0537109375
0 0.8779296875 0.39501953125 0.0546875 0.0810546875
0 0.44580078125 0.7890625 0.0869140625 0.09375
0 0.97607421875 0.80615234375 0.0478515625 0.0439453125
0 0.04541015625 0.140625 0.0908203125 0.10546875
0 0.22705078125 0.15771484375 0.0693359375 0.0439453125
0 0.11669921875 0.984375 0.0615234375 0.03125
0 0.9736328125 0.5556640625 0.052734375 0.044921875
0 0.41357421875 0.8154296875 0.0927734375 0.06640625
0 0.01708984375 0.54150390625 0.0341796875 0.0498046875
0 0.12939453125 0.87353515625 0.0830078125 0.0615234375
0 0.01904296875 0.8935546875 0.0380859375 0.048828125
0 0.068359375 0.28125 0.068359375 0.078125
0 0.7724609375 0.5009765625 0.091796875 0.1015625
0 0.41943359375 0.41845703125 0.0556640625 0.0478515625
0 0.61474609375 0.8662109375 0.0771484375 0.037109375
0 0.240234375 0.14111328125 0.056640625 0.0537109375
0 0.31787109375 0.93310546875 0.0556640625 0.0361328125
0 0.6328125 0.83154296875 0.087890625 0.0322265625
0 0.96240234375 0.54296875 0.0751953125 0.0703125
0 0.81689453125 0.21240234375 0.0888671875 0.0380859375
0 0.94580078125 0.5205078125 0.0576171875 0.046875
0 0.9873046875 0.9130859375 0.025390625 0.021484375
0 0.7041015625 0.43017578125 0.060546875 0.0556640625
