0 0.0849609375 0.07763671875 0.08203125 0.0869140625
0 0.22265625 0.18798828125 0.078125 0.0791015625
0 0.29052734375 0.20458984375 0.0634765625 0.0615234375
0 0.4296875 0.16796875 0.068359375 0.064453125
0 0.42626953125 0.07373046875 0.0615234375 0.0634765625
0 0.4833984375 0.07958984375 0.0703125 0.0576171875
0 0.68896484375 0.14501953125 0.0791015625 0.0712890625
0 0.04931640625 0.52783203125 0.0771484375 0.0712890625
0 0.20654296875 0.52001953125 0.0654296875 0.0556640625
0 0.12353515625 0.5771484375 0.0693359375 0.08203125
0 0.1982421875 0.595703125 0.107421875 0.07421875
0 0.11279296875 0.64404296875 0.0849609375 0.0693359375
0 0.12890625 0.7236328125 0.080078125 0.06640625
0 0.43701171875 0.64013671875 0.0712890625 0.0595703125
0 0.47314453125 0.697265625 0.1025390625 0.06640625
0 0.4443359375 0.78173828125 0.068359375 0.0693359375
0 0.56640625 0.4931640625 0.08984375 0.08984375
0 0.59619140625 0.4287109375 0.0751953125 0.123046875
0 0.66259765625 0.43896484375 0.0751953125 0.0810546875
0 0.69921875 0.6103515625 0.095703125 0.07421875
0 0.896484375 0.947265625 0.0625 0.076171875
0 0.54638671875 0.98291015625 0.0927734375 0.0341796875
0 0.81787109375 0.5498046875 0.0673828125 0.0625
0 0.8916015625 0.5146484375 0.087890625 0.05859375
0 0.95703125 0.5625 0.083984375 0.072265625
0 0.8935546875 0.4140625 0.0859375 0.0859375
0 0.80029296875 0.16845703125 0.0595703125 0.0576171875
0 0.857421875 0.0595703125 0.0546875 0.064453125
0 0.9345703125 0.0859375 0.06640625 0.068359375
0 0.8955078125 0.125 0.068359375 0.0625
0 0.19482421875 0.01708984375 0.0888671875 0.0341796875
0 0.6279296875 0.0146484375 0.052734375 0.029296875
