0 0.24072265625 0.11962890625 0.0693359375 0.0693359375
0 0.3037109375 0.154296875 0.068359375 0.1015625
0 0.09375 0.37890625 0.07421875 0.0703125
0 0.0390625 0.45361328125 0.06640625 0.0947265625
0 0.35888671875 0.35986328125 0.0966796875 0.0712890625
0 0.42041015625 0.25390625 0.0654296875 0.08203125
0 0.49462890625 0.2861328125 0.1201171875 0.060546875
0 0.43212890625 0.63623046875 0.1103515625 0.1005859375
0 0.34912109375 0.759765625 0.1083984375 0.052734375
0 0.4833984375 0.748046875 0.12109375 0.07421875
0 0.591796875 0.875 0.05859375 0.08203125
0 0.77978515625 0.98193359375 0.0830078125 0.0361328125
0 0.857421875 0.787109375 0.08203125 0.0859375
0 0.9560546875 0.798828125 0.078125 0.0703125
0 0.94775390625 0.72900390625 0.1044921875 0.0712890625
0 0.7099609375 0.60595703125 0.06640625 0.0693359375
0 0.724609375 0.5263671875 0.04296875 0.08203125
0 0.77490234375 0.5048828125 0.0791015625 0.078125
0 0.697265625 0.39599609375 0.080078125 0.1142578125
0 0.76611328125 0.39404296875 0.0693359375 0.1201171875
0 0.658203125 0.33837890625 0.119140625 0.1201171875
0 0.86328125 0.32763671875 0.080078125 0.0771484375
0 0.8798828125 0.1767578125 0.064453125 0.08203125
0 0.10595703125 0.65478515625 0.0908203125 0.0830078125
0 0.0146484375 0.0224609375 0.029296875 0.044921875
