0 0.8515625 0.01904296875 0.068359375 0.0380859375
0 0.76708984375 0.01220703125 0.0693359375 0.0244140625
0 0.71044921875 0.04638671875 0.0712890625 0.0927734375
0 0.51220703125 0.04052734375 0.0908203125 0.0751953125
0 0.52294921875 0.1064453125 0.0830078125 0.0625
0 0.56103515625 0.25830078125 0.0927734375 0.0576171875
0 0.7890625 0.27294921875 0.0625 0.0693359375
0 0.69384765625 0.32861328125 0.1005859375 0.0712890625
0 0.8173828125 0.392578125 0.271484375 0.09765625
0 0.3037109375 0.03857421875 0.0859375 0.0771484375
0 0.3310546875 0.0927734375 0.087890625 0.130859375
0 0.11962890625 0.021484375 0.0537109375 0.04296875
0 0.16015625 0.20751953125 0.0859375 0.0888671875
0 0.18017578125 0.3798828125 0.1298828125 0.05859375
0 0.38720703125 0.28125 0.0615234375 0.056640625
0 0.3720703125 0.47265625 0.095703125 0.111328125
0 0.36376953125 0.4130859375 0.2236328125 0.123046875
0 0.365234375 0.373046875 0.07421875 0.099609375
0 0.0908203125 0.47607421875 0.10546875 0.0810546875
0 0.025390625 0.36083984375 0.05078125 0.0673828125
0 0.013671875 0.26318359375 0.02734375 0.0498046875
0 0.03759765625 0.197265625 0.0751953125 0.0703125
0 0.03271484375 0.11328125 0.0654296875 0.080078125
0 0.13818359375 0.59521484375 0.0830078125 0.1259765625
0 0.27783203125 0.6298828125 0.1552734375 0.185546875
0 0.4453125 0.666015625 0.1640625 0.20703125
0 0.5859375 0.7099609375 0.08203125 0.109375
0 0.51806640625 0.6875 0.1064453125 0.181640625
0 0.45751953125 0.8232421875 0.0751953125 0.078125
0 0.3544921875 0.7919921875 0.125 0.08984375
0 0.36376953125 0.8583984375 0.0791015625 0.06640625
0 0.21875 0.8916015625 0.056640625 0.125
0 0.27294921875 0.888671875 0.0693359375 0.078125
0 0.5556640625 0.8896484375 0.076171875 0.220703125
0 0.56103515625 0.916015625 0.1806640625 0.123046875
0 0.7177734375 0.79052734375 0.08203125 0.1416015625
0 0.7294921875 0.93359375 0.068359375 0.1328125
0 0.869140625 0.94873046875 0.091796875 0.0810546875
0 0.94580078125 0.97509765625 0.0517578125 0.0498046875
0 0.99365234375 0.93896484375 0.0126953125 0.0830078125
0 0.9296875 0.67919921875 0.140625 0.1103515625
0 0.779296875 0.61962890625 0.056640625 0.0634765625
0 0.984375 0.51220703125 0.03125 0.0693359375
0 0.8349609375 0.814453125 0.064453125 0.068359375
0 0.81396484375 0.93310546875 0.0478515625 0.0849609375
