0 0.18896484375 0.052734375 0.0673828125 0.048828125
0 0.10498046875 0.1689453125 0.0576171875 0.107421875
0 0.19921875 0.1796875 0.076171875 0.060546875
0 0.21240234375 0.2421875 0.0986328125 0.083984375
0 0.03125 0.2001953125 0.0625 0.05859375
0 0.02197265625 0.5322265625 0.0439453125 0.09375
0 0.05859375 0.48095703125 0.07421875 0.0498046875
0 0.154296875 0.44482421875 0.0859375 0.0732421875
0 0.08056640625 0.3525390625 0.0654296875 0.0703125
0 0.43310546875 0.1591796875 0.1083984375 0.06640625
0 0.3720703125 0.12451171875 0.07421875 0.0810546875
0 0.84326171875 0.0107421875 0.1240234375 0.021484375
0 0.59765625 0.109375 0.08203125 0.123046875
0 0.6083984375 0.17822265625 0.09375 0.0634765625
0 0.70068359375 0.19775390625 0.0732421875 0.1142578125
0 0.67919921875 0.072265625 0.0732421875 0.05078125
0 0.79638671875 0.21435546875 0.0634765625 0.0654296875
0 0.9130859375 0.28564453125 0.080078125 0.0771484375
0 0.47705078125 0.37548828125 0.1181640625 0.0673828125
0 0.576171875 0.5087890625 0.08984375 0.078125
0 0.89599609375 0.59814453125 0.0986328125 0.0634765625
0 0.70751953125 0.66552734375 0.1025390625 0.0673828125
0 0.3564453125 0.65625 0.11328125 0.09375
0 0.2353515625 0.56103515625 0.091796875 0.0693359375
0 0.18896484375 0.8662109375 0.0673828125 0.0859375
0 0.37255859375 0.7216796875 0.0869140625 0.044921875
0 0.70361328125 0.72705078125 0.1103515625 0.0556640625
0 0.76416015625 0.76318359375 0.1181640625 0.0654296875
0 0.68359375 0.869140625 0.119140625 0.0703125
0 0.82763671875 0.8154296875 0.1103515625 0.060546875
0 0.8671875 0.8720703125 0.080078125 0.052734375
0 0.826171875 0.95068359375 0.08984375 0.0693359375
0 0.77880859375 0.97998046875 0.0751953125 0.0400390625
0 0.576171875 0.974609375 0.06640625 0.05078125
0 0.50048828125 0.76220703125 0.0615234375 0.0654296875
0 0.42333984375 0.80859375 0.0576171875 0.05078125
0 0.44921875 0.875 0.072265625 0.0859375
0 0.3193359375 0.0478515625 0.07421875 0.0546875
0 0.5361328125 0.27783203125 0.048828125 0.0517578125
0 0.9248046875 0.36376953125 0.05859375 0.0478515625
0 0.8798828125 0.15283203125 0.087890625 0.0810546875
0 0.14892578125 0.7314453125 0.0732421875 0.08984375
0 0.94287109375 0.02392578125 0.0517578125 0.0478515625
