0 0.82275390625 0.43896484375 0.1181640625 0.1806640625
0 0.57373046875 0.4521484375 0.1455078125 0.154296875
0 0.28271484375 0.17626953125 0.3349609375 0.3388671875
0 0.72216796875 0.19287109375 0.1376953125 0.0966796875
0 0.49267578125 0.32373046875 0.1435546875 0.0966796875
0 0.07958984375 0.171875 0.1591796875 0.095703125
0 0.22900390625 0.2685546875 0.2021484375 0.111328125
0 0.5126953125 0.11474609375 0.140625 0.2294921875
0 0.3310546875 0.90234375 0.072265625 0.09375
0 0.41357421875 0.8896484375 0.1220703125 0.220703125
0 0.86962890625 0.03173828125 0.0908203125 0.0634765625
0 0.64013671875 0.86279296875 0.1103515625 0.2451171875
0 0.71337890625 0.30126953125 0.1435546875 0.0888671875
0 0.04296875 0.0439453125 0.0859375 0.087890625
0 0.51220703125 0.93212890625 0.1123046875 0.0849609375
