0 0.48193359375 0.9306640625 0.1298828125 0.123046875
0 0.96484375 0.70068359375 0.0703125 0.1220703125
0 0.26708984375 0.15185546875 0.1845703125 0.1494140625
0 0.818359375 0.41845703125 0.107421875 0.0771484375
0 0.71728515625 0.8408203125 0.1650390625 0.068359375
0 0.79345703125 0.49853515625 0.0771484375 0.1220703125
0 0.1181640625 0.95703125 0.091796875 0.0859375
0 0.466796875 0.68212890625 0.115234375 0.0947265625
0 0.71923828125 0.62939453125 0.0751953125 0.0947265625
0 0.474609375 0.15087890625 0.099609375 0.0673828125
0 0.11865234375 0.50830078125 0.1123046875 0.2373046875
0 0.1796875 0.91357421875 0.0703125 0.1376953125
0 0.5546875 0.4619140625 0.060546875 0.064453125
0 0.49072265625 0.30908203125 0.0927734375 0.0849609375
0 0.609375 0.44091796875 0.060546875 0.0869140625
0 0.14599609375 0.689453125 0.1376953125 0.134765625
0 0.74462890625 0.73193359375 0.1650390625 0.1650390625
0 0.1494140625 0.18115234375 0.0703125 0.0673828125
0 0.8916015625 0.30224609375 0.125 0.0654296875
0 0.67333984375 0.166015625 0.1767578125 0.08203125
0 0.24951171875 0.61328125 0.0654296875 0.11328125
0 0.0556640625 0.73828125 0.107421875 0.1484375
0 0.78857421875 0.92724609375 0.0927734375 0.1455078125
0 0.7685546875 0.28955078125 0.052734375 0.0556640625
0 0.87939453125 0.90087890625 0.0947265625 0.0673828125
0 0.25830078125 0.67822265625 0.0966796875 0.0732421875
0 0.30322265625 0.87109375 0.1220703125 0.232421875
0 0.60546875 0.29833984375 0.1875 0.1025390625
0 0.79736328125 0.11474609375 0.1201171875 0.1298828125
0 0.40576171875 0.0517578125 0.0869140625 0.099609375
0 0.84326171875 0.03564453125 0.2021484375 0.0673828125
0 0.0546875 0.09423828125 0.08984375 0.0849609375
0 0.0322265625 0.83984375 0.060546875 0.125
0 0.31982421875 0.71435546875 0.2353515625 0.0751953125
0 0.3330078125 0.90966796875 0.1171875 0.1806640625
0 0.76953125 0.2353515625 0.08984375 0.0625
0 0.03466796875 0.462890625 0.0654296875 0.09765625
0 0.5107421875 0.08935546875 0.0625 0.0751953125
0 0.81201171875 0.86083984375 0.0595703125 0.0673828125
0 0.037109375 0.158203125 0.0703125 0.212890625
0 0.98388671875 0.04443359375 0.0322265625 0.0849609375
0 0.078125 0.19189453125 0.087890625 0.0595703125
0 0.46923828125 0.0244140625 0.0751953125 0.044921875
0 0.0556640625 0.57470703125 0.107421875 0.1103515625
0 0.029296875 0.658203125 0.0546875 0.0625
0 0.044921875 0.708984375 0.08984375 0.0625
0 0.43701171875 0.685546875 0.0947265625 0.1171875
0 0.72412109375 0.20703125 0.0947265625 0.12109375
0 0.765625 0.32666015625 0.078125 0.0400390625
0 0.828125 0.3232421875 0.04296875 0.177734375
0 0.7470703125 0.79296875 0.0546875 0.0625
0 0.06689453125 0.93310546875 0.0595703125 0.0478515625
0 0.1171875 0.787109375 0.064453125 0.0546875
0 0.70849609375 0.36572265625 0.0693359375 0.0615234375
