0 0.98193359375 0.18994140625 0.0361328125 0.0908203125
0 0.0947265625 0.603515625 0.064453125 0.091796875
0 0.8427734375 0.94580078125 0.078125 0.1083984375
0 0.09326171875 0.140625 0.0810546875 0.08984375
0 0.7587890625 0.171875 0.048828125 0.091796875
0 0.95947265625 0.625 0.0810546875 0.0625
0 0.56591796875 0.33984375 0.0693359375 0.095703125
0 0.9794921875 0.52978515625 0.0390625 0.0654296875
0 0.21923828125 0.03466796875 0.0869140625 0.0693359375
0 0.88134765625 0.0615234375 0.1220703125 0.0546875
0 0.6875 0.55810546875 0.046875 0.0869140625
0 0.06494140625 0.46240234375 0.1298828125 0.0751953125
0 0.71533203125 0.12353515625 0.0419921875 0.1005859375
0 0.982421875 0.4541015625 0.03515625 0.0546875
0 0.71630859375 0.41796875 0.1025390625 0.05078125
0 0.56103515625 0.83447265625 0.1142578125 0.0810546875
0 0.580078125 0.68359375 0.0703125 0.05078125
0 0.83740234375 0.34521484375 0.0810546875 0.0361328125
0 0.2060546875 0.41796875 0.15234375 0.078125
0 0.03125 0.5048828125 0.0625 0.09375
0 0.97265625 0.03173828125 0.052734375 0.0634765625
0 0.56494140625 0.48583984375 0.0849609375 0.0771484375
0 0.4365234375 0.73193359375 0.068359375 0.0986328125
0 0.6357421875 0.0654296875 0.09765625 0.06640625
0 0.5068359375 0.12646484375 0.09765625 0.0966796875
0 0.81396484375 0.1396484375 0.1201171875 0.1015625
0 0.9912109375 0.37841796875 0.017578125 0.0712890625
0 0.044921875 0.1396484375 0.060546875 0.06640625
0 0.9013671875 0.5302734375 0.056640625 0.07421875
0 0.75732421875 0.82861328125 0.0439453125 0.0595703125
0 0.626953125 0.11962890625 0.044921875 0.0615234375
0 0.55078125 0.9775390625 0.08984375 0.044921875
0 0.970703125 0.36865234375 0.033203125 0.0927734375
0 0.873046875 0.22314453125 0.037109375 0.0693359375
0 0.03857421875 0.78515625 0.0771484375 0.048828125
0 0.05517578125 0.9462890625 0.1025390625 0.037109375
0 0.845703125 0.50439453125 0.048828125 0.0732421875
0 0.50439453125 0.92626953125 0.0556640625 0.0458984375
0 0.39794921875 0.31982421875 0.1025390625 0.0771484375
0 0.5849609375 0.4833984375 0.06640625 0.072265625
0 0.5595703125 0.05078125 0.07421875 0.1015625
0 0.99169921875 0.146484375 0.0166015625 0.05859375
0 0.98583984375 0.8740234375 0.0283203125 0.05859375
0 0.69091796875 0.82421875 0.0576171875 0.04296875
0 0.419921875 0.56298828125 0.072265625 0.0419921875
0 0.90380859375 0.14697265625 0.0478515625 0.0517578125
0 0.341796875 0.5625 0.09765625 0.046875
0 0.02880859375 0.90283203125 0.0556640625 0.0322265625
0 0.447265625 0.08740234375 0.037109375 0.0458984375
0 0.57470703125 0.0615234375 0.0693359375 0.123046875
0 0.775390625 0.40625 0.03515625 0.044921875
0 0.40966796875 0.81591796875 0.0791015625 0.0439453125
0 0.06640625 0.57177734375 0.1328125 0.0380859375
0 0.32177734375 0.5810546875 0.0556640625 0.08984375
0 0.68896484375 0.98583984375 0.0341796875 0.0283203125
0 0.49609375 0.85986328125 0.107421875 0.0673828125
0 0.46630859375 0.560546875 0.1064453125 0.150390625
0 0.35302734375 0.5322265625 0.1376953125 0.04296875
0 0.9228515625 0.22900390625 0.0546875 0.0634765625
0 0.4677734375 0.81494140625 0.05078125 0.0517578125
0 0.8173828125 0.45068359375 0.060546875 0.0439453125
0 0.4072265625 0.35546875 0.09375 0.0703125
0 0.38037109375 0.736328125 0.0576171875 0.033203125
0 0.11865234375 0.1240234375 0.0634765625 0.064453125
0 0.279296875 0.6123046875 0.09375 0.056640625
0 0.08935546875 0.27197265625 0.1767578125 0.0966796875
0 0.70849609375 0.9189453125 0.0458984375 0.0390625
0 0.59912109375 0.78759765625 0.0439453125 0.0419921875
0 0.77783203125 0.55615234375 0.0576171875 0.0849609375
0 0.88427734375 0.52294921875 0.1728515625 0.0615234375
0 0.80712890625 0.4130859375 0.0458984375 0.03515625
