0 0.03125 0.138671875 0.0625 0.04296875
0 0.3095703125 0.08740234375 0.10546875 0.1181640625
0 0.39208984375 0.1123046875 0.0771484375 0.099609375
0 0.54931640625 0.02734375 0.0830078125 0.0546875
0 0.26611328125 0.2216796875 0.0537109375 0.103515625
0 0.31689453125 0.28076171875 0.0712890625 0.1357421875
0 0.376953125 0.2177734375 0.041015625 0.076171875
0 0.40771484375 0.2841796875 0.0927734375 0.111328125
0 0.36083984375 0.3916015625 0.0849609375 0.13671875
0 0.3134765625 0.490234375 0.0859375 0.150390625
0 0.45068359375 0.52490234375 0.0517578125 0.0966796875
0 0.42333984375 0.61767578125 0.0576171875 0.1064453125
0 0.43017578125 0.70703125 0.0498046875 0.126953125
0 0.505859375 0.6826171875 0.078125 0.087890625
0 0.49267578125 0.79052734375 0.0712890625 0.0595703125
0 0.57421875 0.7685546875 0.09375 0.060546875
0 0.30517578125 0.791015625 0.0693359375 0.10546875
0 0.10595703125 0.86328125 0.1103515625 0.064453125
0 0.52587890625 0.98681640625 0.0751953125 0.0263671875
0 0.06201171875 0.58203125 0.0244140625 0.06640625
0 0.09765625 0.43359375 0.078125 0.123046875
0 0.15380859375 0.4345703125 0.1083984375 0.115234375
0 0.34130859375 0.5146484375 0.0634765625 0.142578125
0 0.2587890625 0.59326171875 0.04296875 0.0537109375
0 0.5478515625 0.86279296875 0.0625 0.0478515625
0 0.58740234375 0.248046875 0.0537109375 0.119140625
0 0.5322265625 0.29150390625 0.0390625 0.0712890625
0 0.4130859375 0.365234375 0.044921875 0.064453125
0 0.49462890625 0.41943359375 0.0283203125 0.0517578125
0 0.619140625 0.3349609375 0.08984375 0.0859375
0 0.71484375 0.3349609375 0.1171875 0.091796875
0 0.9287109375 0.328125 0.0625 0.10546875
0 0.88720703125 0.23291015625 0.1005859375 0.1416015625
0 0.7705078125 0.1484375 0.083984375 0.16796875
0 0.7431640625 0.12109375 0.087890625 0.203125
0 0.728515625 0.10107421875 0.044921875 0.0693359375
0 0.673828125 0.10693359375 0.052734375 0.0478515625
0 0.81005859375 0.064453125 0.0458984375 0.07421875
0 0.89013671875 0.06787109375 0.0947265625 0.1357421875
0 0.9677734375 0.17919921875 0.064453125 0.1435546875
0 0.8984375 0.4306640625 0.060546875 0.052734375
0 0.95849609375 0.4794921875 0.0830078125 0.12890625
0 0.94091796875 0.5732421875 0.0576171875 0.08203125
0 0.97900390625 0.5712890625 0.0419921875 0.076171875
0 0.798828125 0.607421875 0.083984375 0.095703125
0 0.9560546875 0.69677734375 0.087890625 0.0751953125
0 0.8359375 0.7626953125 0.0703125 0.080078125
0 0.9287109375 0.81494140625 0.08203125 0.0673828125
0 0.9638671875 0.8740234375 0.072265625 0.06640625
0 0.8212890625 0.89111328125 0.087890625 0.0732421875
0 0.6416015625 0.9892578125 0.12890625 0.021484375
0 0.01904296875 0.9482421875 0.0380859375 0.103515625
0 0.0107421875 0.62744140625 0.021484375 0.0986328125
0 0.015625 0.5078125 0.03125 0.072265625
0 0.72998046875 0.70068359375 0.0810546875 0.0810546875
0 0.7177734375 0.63525390625 0.083984375 0.1064453125
0 0.6494140625 0.7890625 0.080078125 0.08203125
0 0.703125 0.46875 0.05859375 0.0703125
0 0.658203125 0.20849609375 0.029296875 0.0341796875
