0 0.5810546875 0.19580078125 0.107421875 0.0732421875
0 0.908203125 0.09814453125 0.08203125 0.1181640625
0 0.70703125 0.06103515625 0.064453125 0.0673828125
0 0.7705078125 0.01708984375 0.072265625 0.0341796875
0 0.7099609375 0.2509765625 0.080078125 0.072265625
0 0.9736328125 0.2607421875 0.052734375 0.08203125
0 0.85302734375 0.9482421875 0.0927734375 0.087890625
0 0.72705078125 0.19580078125 0.0693359375 0.0517578125
0 0.9580078125 0.61962890625 0.072265625 0.0693359375
0 0.73095703125 0.11474609375 0.0576171875 0.0498046875
0 0.73828125 0.43212890625 0.091796875 0.0654296875
0 0.8857421875 0.35205078125 0.078125 0.0751953125
0 0.83056640625 0.83837890625 0.0830078125 0.1025390625
0 0.935546875 0.80712890625 0.1171875 0.0947265625
0 0.7060546875 0.607421875 0.072265625 0.080078125
0 0.0908203125 0.087890625 0.087890625 0.09765625
0 0.86328125 0.50830078125 0.078125 0.0771484375
0 0.07666015625 0.15576171875 0.0751953125 0.0673828125
0 0.765625 0.66064453125 0.078125 0.0771484375
0 0.6572265625 0.89697265625 0.064453125 0.0947265625
0 0.15283203125 0.72998046875 0.0498046875 0.0751953125
0 0.8857421875 0.87939453125 0.072265625 0.1103515625
