0 0.3984375 0.0634765625 0.09765625 0.08203125
0 0.53369140625 0.6455078125 0.0615234375 0.09375
0 0.12548828125 0.779296875 0.1474609375 0.078125
0 0.5966796875 0.79541015625 0.087890625 0.0576171875
0 0.2470703125 0.701171875 0.08203125 0.07421875
0 0.03125 0.02978515625 0.0625 0.0595703125
0 0.5693359375 0.52197265625 0.107421875 0.0908203125
0 0.44775390625 0.11376953125 0.0791015625 0.1416015625
0 0.9814453125 0.83203125 0.037109375 0.119140625
0 0.73388671875 0.53515625 0.0869140625 0.1171875
0 0.55712890625 0.7138671875 0.0712890625 0.052734375
0 0.025390625 0.37109375 0.05078125 0.087890625
0 0.87060546875 0.1435546875 0.1044921875 0.083984375
0 0.34912109375 0.8056640625 0.1669921875 0.115234375
0 0.55322265625 0.5908203125 0.0947265625 0.083984375
0 0.59228515625 0.7431640625 0.0712890625 0.056640625
0 0.90576171875 0.3515625 0.1064453125 0.076171875
0 0.14208984375 0.47802734375 0.1474609375 0.0908203125
0 0.453125 0.95703125 0.09765625 0.0859375
0 0.69775390625 0.05810546875 0.0869140625 0.1162109375
0 0.40478515625 0.01806640625 0.0673828125 0.0361328125
0 0.814453125 0.7734375 0.130859375 0.19921875
0 0.93603515625 0.587890625 0.0908203125 0.09765625
0 0.03271484375 0.96484375 0.0654296875 0.0703125
0 0.751953125 0.0595703125 0.09765625 0.09375
0 0.1484375 0.3095703125 0.11328125 0.09375
0 0.068359375 0.873046875 0.103515625 0.203125
0 0.84033203125 0.486328125 0.0849609375 0.064453125
0 0.8515625 0.4443359375 0.138671875 0.125
0 0.45751953125 0.83251953125 0.1162109375 0.0634765625
0 0.52197265625 0.7763671875 0.0791015625 0.080078125
0 0.49755859375 0.70068359375 0.0595703125 0.1220703125
0 0.45458984375 0.7705078125 0.0673828125 0.095703125
0 0.4296875 0.66259765625 0.0625 0.1708984375
0 0.37890625 0.65380859375 0.095703125 0.0927734375
0 0.298828125 0.65625 0.07421875 0.1171875
0 0.21923828125 0.474609375 0.1513671875 0.103515625
0 0.42041015625 0.4423828125 0.0556640625 0.087890625
0 0.365234375 0.44580078125 0.0703125 0.1201171875
0 0.30322265625 0.43212890625 0.0966796875 0.1396484375
