0 0.70703125 0.08837890625 0.125 0.0771484375
0 0.4189453125 0.4296875 0.10546875 0.09765625
0 0.52685546875 0.71484375 0.0751953125 0.0703125
0 0.6044921875 0.33203125 0.08984375 0.0703125
0 0.755859375 0.65673828125 0.087890625 0.0751953125
0 0.259765625 0.58056640625 0.150390625 0.1025390625
0 0.7421875 0.564453125 0.10546875 0.07421875
0 0.2236328125 0.85595703125 0.060546875 0.0673828125
0 0.57421875 0.50244140625 0.1015625 0.0732421875
0 0.068359375 0.2109375 0.078125 0.09765625
0 0.3720703125 0.9423828125 0.080078125 0.08984375
0 0.814453125 0.86328125 0.109375 0.158203125
0 0.80322265625 0.443359375 0.0732421875 0.072265625
0 0.26123046875 0.16943359375 0.0771484375 0.0849609375
0 0.52685546875 0.06689453125 0.1103515625 0.1298828125
0 0.45751953125 0.958984375 0.0673828125 0.0703125
0 0.96337890625 0.373046875 0.0732421875 0.08203125
0 0.93310546875 0.08447265625 0.1279296875 0.1689453125
0 0.0908203125 0.8095703125 0.11328125 0.080078125
0 0.943359375 0.20703125 0.087890625 0.109375
0 0.255859375 0.0869140625 0.091796875 0.060546875
0 0.55322265625 0.439453125 0.0771484375 0.0546875
0 0.828125 0.3759765625 0.15234375 0.08203125
0 0.208984375 0.21728515625 0.0625 0.0615234375
0 0.3583984375 0.2197265625 0.0703125 0.080078125
0 0.974609375 0.15576171875 0.05078125 0.1376953125
0 0.18115234375 0.96484375 0.0576171875 0.0546875
0 0.64111328125 0.7333984375 0.0927734375 0.078125
0 0.1435546875 0.8544921875 0.087890625 0.060546875
0 0.904296875 0.7421875 0.08984375 0.16015625
0 0.39306640625 0.71337890625 0.0830078125 0.1123046875
0 0.626953125 0.78564453125 0.0703125 0.0576171875
0 0.61474609375 0.55712890625 0.0654296875 0.0556640625
0 0.447265625 0.759765625 0.150390625 0.080078125
0 0.5458984375 0.14697265625 0.0625 0.0751953125
0 0.421875 0.283203125 0.078125 0.1640625
0 0.912109375 0.33837890625 0.0703125 0.0830078125
0 0.93994140625 0.845703125 0.1201171875 0.078125
0 0.232421875 0.03076171875 0.080078125 0.0576171875
0 0.9697265625 0.68212890625 0.0546875 0.0693359375
0 0.21484375 0.52734375 0.0703125 0.0703125
0 0.36083984375 0.03271484375 0.1162109375 0.0634765625
0 0.0380859375 0.9658203125 0.072265625 0.068359375
0 0.03857421875 0.03955078125 0.0751953125 0.0791015625
0 0.029296875 0.68212890625 0.0546875 0.0556640625
0 0.91845703125 0.85595703125 0.0771484375 0.0673828125
0 0.03955078125 0.404296875 0.0751953125 0.080078125
0 0.48046875 0.20068359375 0.07421875 0.0849609375
0 0.87451171875 0.43701171875 0.0751953125 0.0556640625
0 0.01806640625 0.80712890625 0.0361328125 0.0771484375
0 0.02197265625 0.14599609375 0.0400390625 0.0673828125
0 0.388671875 0.36181640625 0.0546875 0.0498046875
0 0.44287109375 0.4453125 0.0419921875 0.03515625
0 0.68603515625 0.7646484375 0.0771484375 0.080078125
0 0.9208984375 0.693359375 0.0625 0.08203125
