0 0.9521484375 0.47314453125 0.08984375 0.0771484375
0 0.43603515625 0.5185546875 0.0771484375 0.087890625
0 0.6318359375 0.14697265625 0.08984375 0.0751953125
0 0.49169921875 0.1572265625 0.0751953125 0.0703125
0 0.69921875 0.94580078125 0.08203125 0.1064453125
0 0.05078125 0.06103515625 0.072265625 0.0771484375
0 0.30078125 0.14453125 0.08203125 0.080078125
0 0.76953125 0.87109375 0.0859375 0.09765625
0 0.47802734375 0.318359375 0.1123046875 0.091796875
0 0.8994140625 0.40185546875 0.08984375 0.0751953125
0 0.7080078125 0.2158203125 0.087890625 0.0625
0 0.7607421875 0.1533203125 0.087890625 0.068359375
0 0.623046875 0.51171875 0.09765625 0.080078125
0 0.9599609375 0.14697265625 0.080078125 0.0751953125
0 0.87451171875 0.931640625 0.0849609375 0.080078125
0 0.56201171875 0.91162109375 0.0791015625 0.0849609375
0 0.29833984375 0.4560546875 0.0673828125 0.1328125
0 0.15576171875 0.19189453125 0.1279296875 0.0947265625
0 0.318359375 0.76318359375 0.072265625 0.1123046875
0 0.9560546875 0.82080078125 0.087890625 0.0771484375
0 0.56982421875 0.068359375 0.0751953125 0.072265625
0 0.24951171875 0.32470703125 0.0693359375 0.0751953125
0 0.681640625 0.33837890625 0.080078125 0.0830078125
0 0.71484375 0.755859375 0.08984375 0.091796875
0 0.73583984375 0.630859375 0.0673828125 0.107421875
0 0.1884765625 0.02587890625 0.072265625 0.0517578125
0 0.744140625 0.03955078125 0.08984375 0.0693359375
0 0.61767578125 0.75634765625 0.0712890625 0.0830078125
0 0.9609375 0.2373046875 0.078125 0.0703125
0 0.390625 0.01904296875 0.076171875 0.0380859375
0 0.54443359375 0.67578125 0.0751953125 0.09765625
0 0.05810546875 0.57666015625 0.0869140625 0.0849609375
0 0.8056640625 0.0009765625 0.158203125 0.001953125
0 0.82177734375 0.64453125 0.0849609375 0.07421875
0 0.17822265625 0.42919921875 0.0732421875 0.0751953125
0 0.38037109375 0.12060546875 0.0673828125 0.0576171875
0 0.37451171875 0.45458984375 0.0751953125 0.0849609375
0 0.853515625 0.01953125 0.072265625 0.0390625
0 0.7880859375 0.33935546875 0.123046875 0.0751953125
0 0.2568359375 0.783203125 0.060546875 0.11328125
0 0.591796875 0.265625 0.080078125 0.078125
0 0.8955078125 0.77197265625 0.09765625 0.0908203125
0 0.751953125 0.37939453125 0.080078125 0.0693359375
0 0.0458984375 0.259765625 0.087890625 0.08984375
0 0.03466796875 0.43798828125 0.0654296875 0.0927734375
0 0.59619140625 0.80224609375 0.0517578125 0.0693359375
0 0.66357421875 0.6044921875 0.0556640625 0.08203125
