0 0.796875 0.17041015625 0.091796875 0.0947265625
0 0.708984375 0.11083984375 0.076171875 0.0791015625
0 0.61474609375 0.1328125 0.0927734375 0.0546875
0 0.46826171875 0.212890625 0.0751953125 0.064453125
0 0.51123046875 0.375 0.0869140625 0.05078125
0 0.60595703125 0.4580078125 0.0654296875 0.0546875
0 0.71240234375 0.462890625 0.0634765625 0.06640625
0 0.79736328125 0.4482421875 0.0830078125 0.05859375
0 0.71923828125 0.38671875 0.0810546875 0.06640625
0 0.970703125 0.5322265625 0.05859375 0.080078125
0 0.8857421875 0.5791015625 0.06640625 0.10546875
0 0.9638671875 0.69287109375 0.072265625 0.0927734375
0 0.912109375 0.70361328125 0.080078125 0.0947265625
0 0.6748046875 0.68017578125 0.0859375 0.0634765625
0 0.96630859375 0.80078125 0.0673828125 0.068359375
0 0.9775390625 0.86083984375 0.044921875 0.0966796875
0 0.3857421875 0.67529296875 0.09375 0.0595703125
0 0.3310546875 0.50927734375 0.07421875 0.0654296875
0 0.19482421875 0.34375 0.0888671875 0.119140625
0 0.27294921875 0.560546875 0.0947265625 0.0546875
0 0.20703125 0.5654296875 0.06640625 0.052734375
0 0.27685546875 0.70458984375 0.0810546875 0.0908203125
0 0.35205078125 0.78564453125 0.0615234375 0.0458984375
0 0.12548828125 0.78173828125 0.1181640625 0.0537109375
0 0.08935546875 0.6484375 0.0751953125 0.083984375
0 0.13330078125 0.57470703125 0.0751953125 0.0615234375
0 0.142578125 0.5048828125 0.083984375 0.0546875
0 0.06591796875 0.38671875 0.0693359375 0.080078125
0 0.09228515625 0.25439453125 0.0673828125 0.0732421875
0 0.20654296875 0.02197265625 0.1279296875 0.0439453125
0 0.06689453125 0.0673828125 0.0693359375 0.0703125
0 0.02197265625 0.20458984375 0.0439453125 0.0732421875
0 0.0322265625 0.86376953125 0.064453125 0.0576171875
0 0.15625 0.91552734375 0.111328125 0.0888671875
0 0.33203125 0.974609375 0.080078125 0.05078125
0 0.2568359375 0.82666015625 0.08203125 0.1123046875
0 0.40087890625 0.95361328125 0.0498046875 0.0751953125
0 0.6572265625 0.9423828125 0.091796875 0.0546875
0 0.76416015625 0.955078125 0.0751953125 0.064453125
0 0.99072265625 0.00390625 0.0185546875 0.0078125
0 0.94970703125 0.02294921875 0.0751953125 0.0458984375
0 0.900390625 0.06201171875 0.05078125 0.0576171875
0 0.94677734375 0.13037109375 0.0830078125 0.0693359375
0 0.5068359375 0.041015625 0.087890625 0.046875
0 0.763671875 0.8154296875 0.068359375 0.052734375
0 0.7998046875 0.65869140625 0.046875 0.0478515625
0 0.85693359375 0.42431640625 0.0576171875 0.0751953125
0 0.22607421875 0.123046875 0.0576171875 0.05078125
