0 0.20361328125 0.470703125 0.1025390625 0.078125
0 0.02490234375 0.384765625 0.0498046875 0.08984375
0 0.82080078125 0.5068359375 0.0771484375 0.064453125
0 0.76318359375 0.42822265625 0.0732421875 0.0830078125
0 0.103515625 0.537109375 0.072265625 0.064453125
0 0.02978515625 0.884765625 0.0595703125 0.0703125
0 0.81005859375 0.08349609375 0.0791015625 0.1181640625
0 0.08984375 0.81201171875 0.08984375 0.1103515625
0 0.2509765625 0.9306640625 0.087890625 0.0625
0 0.03515625 0.5693359375 0.068359375 0.099609375
0 0.0009765625 0.9736328125 0.001953125 0.052734375
0 0.95361328125 0.87939453125 0.0927734375 0.0458984375
0 0.92822265625 0.35107421875 0.0869140625 0.0673828125
0 0.041015625 0.27587890625 0.08203125 0.1318359375
0 0.22705078125 0.60205078125 0.1044921875 0.0908203125
0 0.9697265625 0.4580078125 0.060546875 0.0625
0 0.853515625 0.66064453125 0.09765625 0.0771484375
0 0.05859375 0.12841796875 0.072265625 0.0830078125
0 0.0546875 0.73583984375 0.109375 0.0673828125
0 0.08837890625 0.95361328125 0.0673828125 0.0673828125
0 0.0224609375 0.20947265625 0.044921875 0.0751953125
0 0.96484375 0.39111328125 0.0703125 0.0673828125
0 0.20068359375 0.6396484375 0.1123046875 0.0703125
0 0.87646484375 0.71533203125 0.0615234375 0.0576171875
0 0.96484375 0.138671875 0.0703125 0.09765625
