0 0.41162109375 0.08642578125 0.0732421875 0.0849609375
0 0.234375 0.17578125 0.111328125 0.064453125
0 0.1953125 0.2529296875 0.07421875 0.076171875
0 0.09716796875 0.17138671875 0.0556640625 0.0751953125
0 0.341796875 0.24853515625 0.060546875 0.0732421875
0 0.265625 0.24951171875 0.091796875 0.0849609375
0 0.47216796875 0.2109375 0.0849609375 0.080078125
0 0.3857421875 0.38134765625 0.142578125 0.0791015625
0 0.64501953125 0.3173828125 0.0908203125 0.087890625
0 0.46630859375 0.48779296875 0.0654296875 0.0810546875
0 0.40771484375 0.4853515625 0.0771484375 0.0859375
0 0.1171875 0.5791015625 0.08203125 0.134765625
0 0.19140625 0.7236328125 0.119140625 0.068359375
0 0.0986328125 0.7568359375 0.09765625 0.06640625
0 0.0302734375 0.697265625 0.056640625 0.0625
0 0.03369140625 0.75439453125 0.0615234375 0.0634765625
0 0.0703125 0.88232421875 0.078125 0.0712890625
0 0.33642578125 0.8798828125 0.1044921875 0.06640625
0 0.494140625 0.72900390625 0.080078125 0.0751953125
0 0.5556640625 0.5986328125 0.072265625 0.076171875
0 0.42822265625 0.6103515625 0.0810546875 0.076171875
0 0.44970703125 0.654296875 0.0673828125 0.0703125
0 0.28564453125 0.939453125 0.0771484375 0.083984375
0 0.35400390625 0.9677734375 0.0576171875 0.064453125
0 0.0556640625 0.9775390625 0.068359375 0.044921875
0 0.7998046875 0.88232421875 0.099609375 0.0888671875
0 0.86474609375 0.82275390625 0.0654296875 0.0693359375
0 0.55419921875 0.86767578125 0.0595703125 0.0654296875
0 0.658203125 0.7099609375 0.072265625 0.0625
0 0.70263671875 0.66162109375 0.0966796875 0.0693359375
0 0.7900390625 0.6845703125 0.072265625 0.05859375
0 0.79248046875 0.63671875 0.0771484375 0.0546875
0 0.8955078125 0.560546875 0.08203125 0.064453125
0 0.86474609375 0.5224609375 0.0771484375 0.068359375
0 0.78564453125 0.42431640625 0.0693359375 0.0810546875
0 0.75830078125 0.49072265625 0.0537109375 0.0576171875
0 0.7333984375 0.25537109375 0.09765625 0.0654296875
0 0.7412109375 0.1806640625 0.07421875 0.060546875
0 0.8642578125 0.26416015625 0.08203125 0.0908203125
0 0.96240234375 0.2890625 0.0712890625 0.05859375
0 0.9365234375 0.212890625 0.099609375 0.076171875
0 0.89013671875 0.16015625 0.0654296875 0.068359375
0 0.5908203125 0.025390625 0.08203125 0.05078125
0 0.9375 0.05517578125 0.125 0.0869140625
0 0.9755859375 0.626953125 0.048828125 0.0625
0 0.9775390625 0.86083984375 0.044921875 0.0791015625
0 0.9697265625 0.80126953125 0.060546875 0.0595703125
0 0.1484375 0.86474609375 0.06640625 0.0576171875
0 0.2763671875 0.83154296875 0.0859375 0.0830078125
0 0.5029296875 0.853515625 0.056640625 0.0859375
0 0.646484375 0.78857421875 0.064453125 0.0712890625
0 0.361328125 0.677734375 0.064453125 0.0546875
0 0.02880859375 0.19970703125 0.0517578125 0.0791015625
0 0.69775390625 0.46044921875 0.0673828125 0.0634765625
0 0.3984375 0.92138671875 0.072265625 0.0947265625
0 0.70947265625 0.54443359375 0.0888671875 0.0498046875
0 0.08544921875 0.12451171875 0.0849609375 0.0498046875
0 0.02294921875 0.2861328125 0.0458984375 0.06640625
