0 0.04931640625 0.76806640625 0.0986328125 0.0615234375
0 0.04443359375 0.8798828125 0.0791015625 0.087890625
0 0.17431640625 0.84521484375 0.0537109375 0.1455078125
0 0.14599609375 0.76513671875 0.0791015625 0.0576171875
0 0.20751953125 0.53466796875 0.0634765625 0.1201171875
0 0.11962890625 0.3515625 0.0810546875 0.091796875
0 0.115234375 0.25439453125 0.099609375 0.0576171875
0 0.0869140625 0.18798828125 0.07421875 0.0888671875
0 0.1904296875 0.72021484375 0.068359375 0.0595703125
0 0.28173828125 0.93310546875 0.0654296875 0.1279296875
0 0.4150390625 0.8818359375 0.125 0.083984375
0 0.5419921875 0.80615234375 0.083984375 0.1005859375
0 0.53173828125 0.87841796875 0.1396484375 0.0888671875
0 0.9599609375 0.97607421875 0.072265625 0.0478515625
0 0.76953125 0.68408203125 0.14453125 0.0830078125
0 0.6416015625 0.68359375 0.115234375 0.068359375
0 0.5771484375 0.697265625 0.083984375 0.064453125
0 0.44775390625 0.7275390625 0.1162109375 0.07421875
0 0.2919921875 0.66064453125 0.044921875 0.0595703125
0 0.3408203125 0.65869140625 0.060546875 0.0537109375
0 0.3046875 0.73681640625 0.0703125 0.0458984375
0 0.3291015625 0.8115234375 0.078125 0.0625
0 0.57275390625 0.5234375 0.0791015625 0.068359375
0 0.64111328125 0.4951171875 0.0947265625 0.072265625
0 0.7880859375 0.60498046875 0.06640625 0.0654296875
0 0.68115234375 0.61083984375 0.0947265625 0.0556640625
0 0.97021484375 0.521484375 0.0595703125 0.111328125
0 0.30322265625 0.203125 0.0654296875 0.0625
0 0.4033203125 0.146484375 0.060546875 0.076171875
0 0.5341796875 0.14013671875 0.0703125 0.1044921875
0 0.65087890625 0.0888671875 0.1220703125 0.091796875
0 0.8369140625 0.0703125 0.08984375 0.11328125
0 0.71875 0.162109375 0.064453125 0.068359375
0 0.7607421875 0.15380859375 0.08203125 0.0654296875
0 0.888671875 0.13232421875 0.078125 0.0693359375
0 0.966796875 0.1533203125 0.06640625 0.060546875
0 0.87890625 0.2880859375 0.078125 0.072265625
0 0.705078125 0.26953125 0.0703125 0.05859375
0 0.5947265625 0.220703125 0.103515625 0.046875
0 0.595703125 0.1591796875 0.083984375 0.072265625
0 0.55615234375 0.24169921875 0.1259765625 0.0478515625
0 0.4345703125 0.28564453125 0.087890625 0.0478515625
0 0.46826171875 0.3447265625 0.0771484375 0.048828125
0 0.5732421875 0.31396484375 0.076171875 0.0576171875
0 0.85009765625 0.970703125 0.0810546875 0.056640625
0 0.65185546875 0.744140625 0.1064453125 0.060546875
0 0.5322265625 0.64453125 0.052734375 0.0546875
0 0.3984375 0.21484375 0.0703125 0.05859375
0 0.18798828125 0.283203125 0.0556640625 0.046875
0 0.82421875 0.20751953125 0.080078125 0.0654296875
0 0.1064453125 0.72607421875 0.068359375 0.0576171875
0 0.265625 0.17138671875 0.04296875 0.0419921875
0 0.02734375 0.6240234375 0.0546875 0.052734375
