0 0.0341796875 0.33642578125 0.06640625 0.0673828125
0 0.06591796875 0.5263671875 0.1318359375 0.171875
0 0.21826171875 0.4296875 0.0791015625 0.091796875
0 0.224609375 0.515625 0.06640625 0.064453125
0 0.1318359375 0.7099609375 0.103515625 0.0625
0 0.04736328125 0.716796875 0.0478515625 0.06640625
0 0.02734375 0.7705078125 0.0546875 0.083984375
0 0.216796875 0.7890625 0.087890625 0.078125
0 0.2734375 0.6435546875 0.166015625 0.181640625
0 0.25634765625 0.7119140625 0.0947265625 0.08203125
0 0.203125 0.91064453125 0.07421875 0.1142578125
0 0.265625 0.90478515625 0.060546875 0.0712890625
0 0.32568359375 0.9189453125 0.0556640625 0.080078125
0 0.48779296875 0.9189453125 0.0927734375 0.125
0 0.37109375 0.908203125 0.064453125 0.0859375
0 0.40234375 0.7080078125 0.078125 0.14453125
0 0.61767578125 0.65673828125 0.0693359375 0.0927734375
0 0.5634765625 0.865234375 0.046875 0.08984375
0 0.64892578125 0.8203125 0.0478515625 0.05859375
0 0.64892578125 0.8828125 0.0908203125 0.09765625
0 0.66943359375 0.9609375 0.0712890625 0.078125
0 0.77490234375 0.91943359375 0.1064453125 0.1220703125
0 0.76318359375 0.83740234375 0.0751953125 0.0810546875
0 0.75 0.75048828125 0.068359375 0.0595703125
0 0.7978515625 0.71142578125 0.095703125 0.0576171875
0 0.86376953125 0.89404296875 0.0927734375 0.1337890625
0 0.88623046875 0.677734375 0.2275390625 0.169921875
0 0.96044921875 0.64794921875 0.0751953125 0.0849609375
0 0.8759765625 0.55224609375 0.064453125 0.0771484375
0 0.66357421875 0.52001953125 0.0634765625 0.0947265625
0 0.76904296875 0.537109375 0.0712890625 0.091796875
0 0.80322265625 0.455078125 0.1142578125 0.091796875
0 0.6484375 0.369140625 0.0859375 0.0859375
0 0.96240234375 0.5732421875 0.0751953125 0.064453125
0 0.97216796875 0.41650390625 0.0556640625 0.0751953125
0 0.47314453125 0.39599609375 0.0556640625 0.1240234375
0 0.4365234375 0.427734375 0.056640625 0.14453125
0 0.35009765625 0.40234375 0.0654296875 0.0859375
0 0.43896484375 0.27392578125 0.0673828125 0.0927734375
0 0.57958984375 0.27294921875 0.0712890625 0.0537109375
0 0.55224609375 0.3994140625 0.0751953125 0.078125
0 0.255859375 0.236328125 0.10546875 0.080078125
0 0.529296875 0.138671875 0.109375 0.068359375
0 0.6591796875 0.205078125 0.083984375 0.06640625
0 0.94921875 0.17431640625 0.076171875 0.0634765625
0 0.974609375 0.27978515625 0.05078125 0.0673828125
0 0.87255859375 0.02880859375 0.1142578125 0.0576171875
0 0.486328125 0.28076171875 0.0546875 0.0693359375
0 0.9853515625 0.1025390625 0.029296875 0.06640625
