0 0.345703125 0.6494140625 0.078125 0.07421875
0 0.37060546875 0.134765625 0.0732421875 0.0703125
0 0.11474609375 0.34326171875 0.0576171875 0.0771484375
0 0.486328125 0.03173828125 0.06640625 0.0634765625
0 0.26708984375 0.31591796875 0.1689453125 0.0791015625
0 0.05810546875 0.97998046875 0.0771484375 0.0302734375
0 0.45849609375 0.5185546875 0.0654296875 0.068359375
0 0.29052734375 0.046875 0.0732421875 0.0390625
0 0.69384765625 0.14892578125 0.1025390625 0.0419921875
0 0.07568359375 0.453125 0.1337890625 0.05859375
0 0.630859375 0.37060546875 0.083984375 0.0498046875
0 0.17822265625 0.603515625 0.0986328125 0.04296875
0 0.7822265625 0.4560546875 0.1015625 0.150390625
0 0.93310546875 0.0927734375 0.0771484375 0.05078125
0 0.44970703125 0.65185546875 0.0986328125 0.0751953125
0 0.7587890625 0.3740234375 0.08984375 0.03515625
0 0.216796875 0.47998046875 0.095703125 0.0361328125
0 0.03759765625 0.02490234375 0.0751953125 0.0400390625
0 0.1337890625 0.34130859375 0.05859375 0.0693359375
0 0.56298828125 0.603515625 0.0947265625 0.029296875
0 0.82861328125 0.97509765625 0.0400390625 0.0498046875
0 0.21435546875 0.01953125 0.0771484375 0.037109375
0 0.10009765625 0.64013671875 0.0751953125 0.0517578125
0 0.42333984375 0.05126953125 0.0615234375 0.0400390625
0 0.18701171875 0.5595703125 0.1298828125 0.044921875
0 0.64794921875 0.06884765625 0.0693359375 0.0615234375
0 0.26708984375 0.86328125 0.0732421875 0.029296875
0 0.53857421875 0.57421875 0.0771484375 0.02734375
0 0.5986328125 0.94775390625 0.1171875 0.0634765625
0 0.70556640625 0.9873046875 0.0712890625 0.021484375
0 0.76318359375 0.12060546875 0.0732421875 0.1220703125
0 0.95947265625 0.5244140625 0.0537109375 0.0703125
0 0.7529296875 0.2275390625 0.072265625 0.05078125
0 0.25048828125 0.7333984375 0.1201171875 0.0390625
0 0.87158203125 0.21826171875 0.0947265625 0.0556640625
0 0.56689453125 0.0263671875 0.0751953125 0.048828125
0 0.02587890625 0.2861328125 0.0517578125 0.095703125
0 0.8310546875 0.35986328125 0.126953125 0.0908203125
0 0.3916015625 0.8310546875 0.1328125 0.11328125
0 0.29443359375 0.01708984375 0.0478515625 0.0341796875
0 0.96484375 0.7822265625 0.0625 0.02734375
0 0.6298828125 0.9287109375 0.107421875 0.056640625
0 0.18017578125 0.32177734375 0.0732421875 0.0361328125
0 0.1484375 0.392578125 0.080078125 0.037109375
0 0.10888671875 0.2861328125 0.1005859375 0.037109375
0 0.68896484375 0.22900390625 0.0634765625 0.0751953125
0 0.82958984375 0.0126953125 0.1142578125 0.025390625
0 0.16796875 0.1083984375 0.08984375 0.046875
0 0.43115234375 0.31494140625 0.0888671875 0.0615234375
0 0.98291015625 0.041015625 0.0341796875 0.044921875
0 0.4697265625 0.9296875 0.1328125 0.037109375
0 0.46240234375 0.6337890625 0.0966796875 0.05078125
0 0.35986328125 0.7802734375 0.0947265625 0.046875
0 0.9443359375 0.4150390625 0.083984375 0.044921875
0 0.72900390625 0.7080078125 0.0595703125 0.033203125
0 0.52197265625 0.77734375 0.0712890625 0.05078125
0 0.4189453125 0.9765625 0.1640625 0.041015625
0 0.4638671875 0.2470703125 0.06640625 0.0625
0 0.58447265625 0.3017578125 0.1943359375 0.07421875
0 0.2216796875 0.66064453125 0.046875 0.0302734375
0 0.03125 0.09619140625 0.060546875 0.0322265625
0 0.99267578125 0.54736328125 0.0146484375 0.0302734375
0 0.73046875 0.310546875 0.056640625 0.064453125
0 0.0830078125 0.009765625 0.033203125 0.01953125
0 0.626953125 0.01904296875 0.048828125 0.0361328125
0 0.54833984375 0.623046875 0.0517578125 0.025390625
0 0.01611328125 0.9248046875 0.0322265625 0.03515625
0 0.396484375 0.86474609375 0.126953125 0.0322265625
0 0.5498046875 0.8955078125 0.06640625 0.03125
0 0.4599609375 0.74267578125 0.0625 0.0361328125
0 0.35888671875 0.900390625 0.0634765625 0.046875
0 0.94091796875 0.0224609375 0.1005859375 0.044921875
0 0.8447265625 0.19580078125 0.099609375 0.0576171875
