0 0.86474609375 0.26171875 0.0595703125 0.06640625
0 0.037109375 0.05810546875 0.06640625 0.0751953125
0 0.16064453125 0.0908203125 0.0732421875 0.0859375
0 0.02783203125 0.35888671875 0.0556640625 0.1201171875
0 0.1796875 0.21337890625 0.0703125 0.0791015625
0 0.24560546875 0.23291015625 0.0634765625 0.0712890625
0 0.3603515625 0.2392578125 0.068359375 0.0625
0 0.4658203125 0.16064453125 0.064453125 0.0634765625
0 0.509765625 0.02197265625 0.091796875 0.0439453125
0 0.365234375 0.5126953125 0.14453125 0.123046875
0 0.27392578125 0.724609375 0.0654296875 0.09765625
0 0.203125 0.78564453125 0.078125 0.0654296875
0 0.14208984375 0.6689453125 0.0966796875 0.091796875
0 0.10888671875 0.6962890625 0.0791015625 0.083984375
0 0.05859375 0.63623046875 0.09765625 0.0751953125
0 0.08056640625 0.59033203125 0.0751953125 0.0576171875
0 0.62109375 0.5859375 0.1171875 0.099609375
0 0.62353515625 0.75830078125 0.0849609375 0.0830078125
0 0.85595703125 0.79150390625 0.0576171875 0.0654296875
0 0.142578125 0.83349609375 0.064453125 0.0537109375
0 0.908203125 0.85107421875 0.06640625 0.0634765625
0 0.97021484375 0.85498046875 0.0595703125 0.0927734375
0 0.76904296875 0.24951171875 0.0791015625 0.0712890625
0 0.84619140625 0.2099609375 0.0654296875 0.083984375
0 0.5634765625 0.265625 0.078125 0.091796875
0 0.62255859375 0.21728515625 0.0810546875 0.0986328125
0 0.70751953125 0.17724609375 0.0849609375 0.0927734375
0 0.70361328125 0.1064453125 0.0908203125 0.05859375
0 0.6875 0.05078125 0.064453125 0.05859375
0 0.8935546875 0.01708984375 0.09375 0.0341796875
0 0.63623046875 0.18994140625 0.1083984375 0.0712890625
