0 0.61474609375 0.14208984375 0.0947265625 0.1005859375
0 0.59326171875 0.01953125 0.0771484375 0.0390625
0 0.96728515625 0.193359375 0.0654296875 0.09765625
0 0.783203125 0.7919921875 0.08203125 0.099609375
0 0.59716796875 0.7744140625 0.1005859375 0.08984375
0 0.6982421875 0.51953125 0.08203125 0.07421875
0 0.8857421875 0.4609375 0.068359375 0.072265625
0 0.9443359375 0.61962890625 0.099609375 0.0947265625
0 0.80224609375 0.197265625 0.0849609375 0.08984375
0 0.86328125 0.11328125 0.087890625 0.091796875
0 0.95703125 0.68310546875 0.0859375 0.0576171875
0 0.6630859375 0.29443359375 0.072265625 0.0751953125
0 0.82080078125 0.36962890625 0.0927734375 0.0947265625
0 0.78955078125 0.28564453125 0.0693359375 0.0830078125
0 0.69677734375 0.10595703125 0.0947265625 0.0771484375
0 0.70947265625 0.19189453125 0.0849609375 0.0947265625
0 0.86474609375 0.30322265625 0.0595703125 0.0830078125
0 0.9375 0.36572265625 0.07421875 0.1103515625
0 0.78466796875 0.439453125 0.1103515625 0.0703125
0 0.80078125 0.67724609375 0.078125 0.0849609375
0 0.8193359375 0.9697265625 0.0859375 0.056640625
0 0.9326171875 0.96923828125 0.111328125 0.0576171875
0 0.97509765625 0.2958984375 0.0478515625 0.06640625
