0 0.83447265625 0.76318359375 0.0947265625 0.1025390625
0 0.8251953125 0.43212890625 0.1328125 0.0791015625
0 0.3984375 0.12353515625 0.126953125 0.1123046875
0 0.833984375 0.65625 0.109375 0.08203125
0 0.69482421875 0.93359375 0.0849609375 0.06640625
0 0.3984375 0.3447265625 0.123046875 0.115234375
0 0.91455078125 0.24853515625 0.1396484375 0.1123046875
0 0.71435546875 0.50341796875 0.0849609375 0.0869140625
0 0.54345703125 0.9521484375 0.0927734375 0.095703125
0 0.810546875 0.0712890625 0.08984375 0.08203125
0 0.9521484375 0.1494140625 0.095703125 0.140625
0 0.61376953125 0.310546875 0.0849609375 0.140625
0 0.6533203125 0.046875 0.08203125 0.08984375
0 0.04052734375 0.6318359375 0.0771484375 0.14453125
0 0.95849609375 0.8408203125 0.0830078125 0.08203125
0 0.7294921875 0.58056640625 0.07421875 0.0771484375
0 0.0810546875 0.97119140625 0.09765625 0.0576171875
0 0.22802734375 0.97607421875 0.1044921875 0.0478515625
0 0.513671875 0.470703125 0.06640625 0.068359375
0 0.154296875 0.03564453125 0.14453125 0.0673828125
0 0.05224609375 0.8759765625 0.0654296875 0.08203125
0 0.04931640625 0.42822265625 0.0849609375 0.1279296875
0 0.775390625 0.05810546875 0.107421875 0.1123046875
0 0.95458984375 0.26953125 0.0908203125 0.115234375
