0 0.9736328125 0.17578125 0.052734375 0.126953125
0 0.91064453125 0.26171875 0.0927734375 0.115234375
0 0.9609375 0.7412109375 0.078125 0.107421875
0 0.84326171875 0.86328125 0.1279296875 0.142578125
0 0.10205078125 0.16357421875 0.0947265625 0.1376953125
0 0.96728515625 0.61181640625 0.0654296875 0.1103515625
0 0.765625 0.11328125 0.08203125 0.107421875
0 0.07861328125 0.8369140625 0.0927734375 0.099609375
0 0.150390625 0.69189453125 0.09765625 0.0947265625
0 0.154296875 0.28466796875 0.0703125 0.1005859375
0 0.31298828125 0.421875 0.0673828125 0.064453125
0 0.693359375 0.86572265625 0.072265625 0.0771484375
0 0.3173828125 0.09619140625 0.134765625 0.1025390625
0 0.25927734375 0.88818359375 0.0810546875 0.0927734375
0 0.654296875 0.19580078125 0.0703125 0.0966796875
0 0.818359375 0.43212890625 0.072265625 0.1103515625
0 0.228515625 0.193359375 0.09765625 0.13671875
0 0.75439453125 0.66064453125 0.0927734375 0.1083984375
0 0.06103515625 0.53076171875 0.1123046875 0.1181640625
0 0.666015625 0.37841796875 0.072265625 0.0830078125
0 0.78955078125 0.978515625 0.0654296875 0.04296875
0 0.70458984375 0.9736328125 0.0751953125 0.052734375
0 0.796875 0.359375 0.060546875 0.0703125
0 0.72802734375 0.48193359375 0.0576171875 0.1298828125
0 0.7705078125 0.4833984375 0.0625 0.126953125
0 0.294921875 0.9423828125 0.056640625 0.041015625
0 0.03857421875 0.6591796875 0.0771484375 0.099609375
0 0.79931640625 0.74560546875 0.0478515625 0.0361328125
0 0.86083984375 0.73095703125 0.0498046875 0.0615234375
