0 0.14892578125 0.9482421875 0.0634765625 0.060546875
0 0.08740234375 0.87255859375 0.1240234375 0.1044921875
0 0.0703125 0.7265625 0.068359375 0.07421875
0 0.1787109375 0.67236328125 0.099609375 0.0595703125
0 0.1005859375 0.6298828125 0.1015625 0.0390625
0 0.095703125 0.58251953125 0.056640625 0.0517578125
0 0.20263671875 0.48193359375 0.0693359375 0.0693359375
0 0.10009765625 0.38232421875 0.0712890625 0.0751953125
0 0.21240234375 0.26904296875 0.1162109375 0.1279296875
0 0.04296875 0.05615234375 0.078125 0.0693359375
0 0.19482421875 0.04296875 0.0810546875 0.0859375
0 0.5224609375 0.0751953125 0.083984375 0.07421875
0 0.62158203125 0.16357421875 0.0830078125 0.1064453125
0 0.50390625 0.1689453125 0.08203125 0.05859375
0 0.31396484375 0.234375 0.0693359375 0.080078125
0 0.3623046875 0.29638671875 0.06640625 0.0869140625
0 0.5234375 0.259765625 0.115234375 0.12109375
0 0.63818359375 0.24267578125 0.0751953125 0.0634765625
0 0.431640625 0.443359375 0.072265625 0.107421875
0 0.35986328125 0.53662109375 0.0810546875 0.0830078125
0 0.59765625 0.4287109375 0.0546875 0.0546875
0 0.51953125 0.49169921875 0.083984375 0.0634765625
0 0.548828125 0.57470703125 0.091796875 0.0830078125
0 0.6708984375 0.48193359375 0.091796875 0.0791015625
0 0.48388671875 0.6279296875 0.0654296875 0.07421875
0 0.5517578125 0.64453125 0.072265625 0.072265625
0 0.68994140625 0.62451171875 0.0654296875 0.0751953125
0 0.73974609375 0.671875 0.0654296875 0.080078125
0 0.35986328125 0.71435546875 0.0654296875 0.0869140625
0 0.275390625 0.76171875 0.11328125 0.0625
0 0.37744140625 0.77880859375 0.0888671875 0.0712890625
0 0.29833984375 0.8740234375 0.0498046875 0.158203125
0 0.453125 0.908203125 0.087890625 0.068359375
0 0.38623046875 0.87158203125 0.0771484375 0.0693359375
0 0.64990234375 0.96044921875 0.1005859375 0.0791015625
0 0.810546875 0.9765625 0.078125 0.046875
0 0.9755859375 0.16162109375 0.048828125 0.0947265625
0 0.845703125 0.373046875 0.078125 0.068359375
0 0.900390625 0.388671875 0.072265625 0.068359375
0 0.82763671875 0.5361328125 0.0712890625 0.080078125
0 0.8232421875 0.2685546875 0.060546875 0.09765625
0 0.943359375 0.2255859375 0.09375 0.080078125
0 0.77392578125 0.0517578125 0.1044921875 0.103515625
0 0.8154296875 0.0595703125 0.056640625 0.0625
0 0.744140625 0.2724609375 0.068359375 0.087890625
0 0.3486328125 0.8359375 0.0703125 0.0703125
0 0.07666015625 0.45703125 0.0732421875 0.07421875
0 0.1357421875 0.548828125 0.0703125 0.05859375
0 0.51904296875 0.40673828125 0.0615234375 0.0810546875
0 0.36083984375 0.9189453125 0.0849609375 0.087890625
0 0.59521484375 0.6240234375 0.0673828125 0.06640625
0 0.78662109375 0.158203125 0.0419921875 0.0625
0 0.853515625 0.19873046875 0.046875 0.0712890625
0 0.771484375 0.96142578125 0.0625 0.0712890625
