0 0.64306640625 0.02880859375 0.0712890625 0.0576171875
0 0.87255859375 0.0322265625 0.1044921875 0.064453125
0 0.53369140625 0.0751953125 0.0947265625 0.1484375
0 0.41357421875 0.17626953125 0.0673828125 0.1923828125
0 0.27734375 0.19970703125 0.06640625 0.1767578125
0 0.1640625 0.20166015625 0.19140625 0.2177734375
0 0.09375 0.19775390625 0.080078125 0.0810546875
0 0.15185546875 0.306640625 0.0771484375 0.05859375
0 0.28564453125 0.38427734375 0.0751953125 0.1650390625
0 0.51318359375 0.220703125 0.1767578125 0.130859375
0 0.5810546875 0.556640625 0.16015625 0.06640625
0 0.5146484375 0.6728515625 0.1171875 0.064453125
0 0.67822265625 0.74951171875 0.1181640625 0.0751953125
0 0.90185546875 0.52197265625 0.0869140625 0.2392578125
0 0.8740234375 0.2978515625 0.0859375 0.130859375
0 0.8056640625 0.14404296875 0.1328125 0.0693359375
0 0.7158203125 0.1259765625 0.087890625 0.052734375
0 0.32421875 0.609375 0.0625 0.05078125
0 0.2744140625 0.58154296875 0.095703125 0.0537109375
0 0.134765625 0.64990234375 0.078125 0.0888671875
0 0.10546875 0.580078125 0.09375 0.09765625
0 0.10595703125 0.52880859375 0.0751953125 0.0322265625
0 0.2568359375 0.49169921875 0.17578125 0.0615234375
0 0.37109375 0.70263671875 0.06640625 0.0791015625
0 0.4384765625 0.72900390625 0.06640625 0.0478515625
0 0.21484375 0.810546875 0.16015625 0.095703125
0 0.30859375 0.8349609375 0.1015625 0.177734375
0 0.23876953125 0.70166015625 0.0849609375 0.0888671875
0 0.6240234375 0.9130859375 0.0859375 0.052734375
0 0.8515625 0.87060546875 0.072265625 0.2275390625
0 0.48291015625 0.98388671875 0.0654296875 0.0322265625
0 0.0927734375 0.96630859375 0.119140625 0.0478515625
0 0.96142578125 0.9580078125 0.0732421875 0.080078125
0 0.9833984375 0.76904296875 0.033203125 0.1044921875
0 0.97998046875 0.5869140625 0.0400390625 0.09375
0 0.498046875 0.45556640625 0.107421875 0.0556640625
0 0.41552734375 0.419921875 0.0888671875 0.05078125
0 0.9384765625 0.0859375 0.060546875 0.056640625
0 0.67236328125 0.98193359375 0.0751953125 0.0361328125
0 0.4267578125 0.5576171875 0.13671875 0.0859375
0 0.5458984375 0.55859375 0.12109375 0.12890625
