0 0.205078125 0.01318359375 0.095703125 0.0263671875
0 0.44091796875 0.0986328125 0.1201171875 0.095703125
0 0.02685546875 0.19384765625 0.0537109375 0.1357421875
0 0.125 0.30908203125 0.119140625 0.0869140625
0 0.1884765625 0.4111328125 0.1015625 0.076171875
0 0.162109375 0.52880859375 0.109375 0.0966796875
0 0.22998046875 0.56298828125 0.0791015625 0.0888671875
0 0.4775390625 0.61572265625 0.09375 0.0830078125
0 0.037109375 0.9287109375 0.07421875 0.09375
0 0.1220703125 0.9560546875 0.076171875 0.087890625
0 0.162109375 0.7158203125 0.068359375 0.0859375
0 0.201171875 0.6748046875 0.09375 0.08203125
0 0.3603515625 0.75341796875 0.109375 0.0810546875
0 0.529296875 0.86865234375 0.087890625 0.0673828125
0 0.541015625 0.96728515625 0.09765625 0.0654296875
0 0.76123046875 0.900390625 0.2138671875 0.095703125
0 0.9521484375 0.9521484375 0.095703125 0.06640625
0 0.8037109375 0.52978515625 0.1171875 0.0947265625
0 0.94482421875 0.2431640625 0.0849609375 0.068359375
0 0.822265625 0.296875 0.06640625 0.087890625
0 0.9521484375 0.333984375 0.080078125 0.056640625
0 0.79541015625 0.0810546875 0.0791015625 0.095703125
0 0.552734375 0.14697265625 0.068359375 0.0927734375
0 0.49267578125 0.21630859375 0.0751953125 0.0517578125
0 0.5830078125 0.2509765625 0.091796875 0.076171875
0 0.62451171875 0.4130859375 0.1123046875 0.0703125
0 0.79541015625 0.18017578125 0.1044921875 0.0986328125
0 0.97998046875 0.05419921875 0.0400390625 0.0693359375
