0 0.83740234375 0.1923828125 0.0517578125 0.091796875
0 0.2490234375 0.22998046875 0.06640625 0.0751953125
0 0.36669921875 0.04052734375 0.0439453125 0.0810546875
0 0.13916015625 0.80810546875 0.0810546875 0.0576171875
0 0.3974609375 0.5546875 0.060546875 0.10546875
0 0.34033203125 0.81494140625 0.0673828125 0.0869140625
0 0.4033203125 0.2333984375 0.05078125 0.091796875
0 0.58154296875 0.07763671875 0.1005859375 0.1103515625
0 0.01513671875 0.86083984375 0.0302734375 0.0771484375
0 0.2890625 0.79150390625 0.095703125 0.1201171875
0 0.8681640625 0.16845703125 0.091796875 0.0576171875
0 0.537109375 0.63427734375 0.05859375 0.0712890625
0 0.1533203125 0.26318359375 0.037109375 0.0908203125
0 0.07373046875 0.71923828125 0.1142578125 0.0693359375
0 0.76513671875 0.25439453125 0.0537109375 0.0830078125
0 0.298828125 0.88037109375 0.09375 0.0654296875
0 0.1572265625 0.45849609375 0.0703125 0.0830078125
0 0.04638671875 0.83251953125 0.0556640625 0.0693359375
0 0.1220703125 0.34423828125 0.0859375 0.0517578125
0 0.86083984375 0.0390625 0.0400390625 0.068359375
0 0.9541015625 0.09423828125 0.060546875 0.0615234375
0 0.009765625 0.68408203125 0.01953125 0.0439453125
0 0.5615234375 0.3125 0.0546875 0.09765625
0 0.9091796875 0.77978515625 0.080078125 0.0400390625
0 0.95849609375 0.34423828125 0.0830078125 0.0439453125
0 0.3662109375 0.10546875 0.064453125 0.056640625
0 0.8427734375 0.88134765625 0.052734375 0.0654296875
0 0.06005859375 0.1640625 0.1201171875 0.033203125
0 0.02392578125 0.111328125 0.0478515625 0.04296875
0 0.02294921875 0.54150390625 0.0458984375 0.0419921875
0 0.76513671875 0.0439453125 0.0537109375 0.068359375
0 0.38623046875 0.4150390625 0.0751953125 0.076171875
0 0.0185546875 0.330078125 0.037109375 0.064453125
0 0.8701171875 0.72607421875 0.056640625 0.0537109375
0 0.04248046875 0.0908203125 0.0517578125 0.0703125
0 0.9482421875 0.39404296875 0.048828125 0.0400390625
0 0.54345703125 0.56982421875 0.0693359375 0.0439453125
0 0.40625 0.037109375 0.03125 0.07421875
0 0.72607421875 0.16064453125 0.0556640625 0.0634765625
0 0.94482421875 0.6689453125 0.0400390625 0.06640625
0 0.74267578125 0.64404296875 0.0576171875 0.0361328125
0 0.3974609375 0.162109375 0.078125 0.041015625
0 0.57080078125 0.41650390625 0.1064453125 0.0478515625
0 0.50341796875 0.02197265625 0.0400390625 0.0439453125
0 0.7734375 0.37841796875 0.046875 0.0556640625
0 0.34765625 0.658203125 0.064453125 0.02734375
0 0.27783203125 0.9404296875 0.1201171875 0.0390625
0 0.7783203125 0.0390625 0.052734375 0.0625
0 0.7216796875 0.59765625 0.041015625 0.0546875
0 0.04296875 0.38232421875 0.068359375 0.0556640625
0 0.025390625 0.77734375 0.05078125 0.03125
0 0.3291015625 0.3798828125 0.0703125 0.048828125
0 0.97265625 0.623046875 0.0546875 0.01953125
0 0.88134765625 0.5263671875 0.0654296875 0.037109375
0 0.197265625 0.16064453125 0.087890625 0.0400390625
0 0.115234375 0.98193359375 0.037109375 0.0322265625
0 0.7529296875 0.12158203125 0.05078125 0.0380859375
0 0.66015625 0.10498046875 0.052734375 0.0185546875
0 0.5361328125 0.9306640625 0.064453125 0.0625
0 0.275390625 0.9833984375 0.056640625 0.033203125
0 0.6767578125 0.01611328125 0.08984375 0.0322265625
0 0.7685546875 0.53369140625 0.05078125 0.0380859375
0 0.64208984375 0.408203125 0.0908203125 0.05078125
0 0.4482421875 0.88525390625 0.06640625 0.0302734375
0 0.19189453125 0.6982421875 0.0654296875 0.048828125
0 0.099609375 0.1171875 0.044921875 0.033203125
0 0.5419921875 0.4892578125 0.0546875 0.04296875
0 0.1650390625 0.38671875 0.05859375 0.041015625
0 0.95849609375 0.2841796875 0.0771484375 0.087890625
0 0.45654296875 0.4658203125 0.0791015625 0.0546875
0 0.80224609375 0.75390625 0.0478515625 0.025390625
0 0.72705078125 0.7900390625 0.0654296875 0.0546875
0 0.109375 0.56640625 0.091796875 0.080078125
0 0.34375 0.984375 0.052734375 0.03125
0 0.4501953125 0.81982421875 0.072265625 0.0615234375
0 0.59130859375 0.638671875 0.0341796875 0.041015625
0 0.97705078125 0.27392578125 0.0458984375 0.0615234375
0 0.86572265625 0.37841796875 0.0478515625 0.0615234375
0 0.97314453125 0.55810546875 0.0498046875 0.0595703125
0 0.7314453125 0.01318359375 0.052734375 0.0263671875
