0 0.11572265625 0.2763671875 0.1259765625 0.078125
0 0.17529296875 0.19482421875 0.1103515625 0.0869140625
0 0.2705078125 0.1298828125 0.06640625 0.119140625
0 0.2421875 0.248046875 0.076171875 0.078125
0 0.0654296875 0.4619140625 0.099609375 0.103515625
0 0.15087890625 0.388671875 0.0732421875 0.06640625
0 0.18115234375 0.458984375 0.0693359375 0.09375
0 0.04248046875 0.85791015625 0.0712890625 0.0732421875
0 0.18408203125 0.90869140625 0.0712890625 0.0927734375
0 0.2822265625 0.91015625 0.068359375 0.076171875
0 0.35009765625 0.30322265625 0.1103515625 0.0810546875
0 0.4775390625 0.3212890625 0.076171875 0.064453125
0 0.697265625 0.36474609375 0.0859375 0.1044921875
0 0.6396484375 0.44677734375 0.0703125 0.0712890625
0 0.6123046875 0.48828125 0.064453125 0.0625
0 0.6220703125 0.5751953125 0.083984375 0.1171875
0 0.7275390625 0.48046875 0.09765625 0.087890625
0 0.58984375 0.7890625 0.107421875 0.05859375
0 0.611328125 0.83837890625 0.15625 0.0654296875
0 0.54443359375 0.91796875 0.1103515625 0.1015625
0 0.35107421875 0.943359375 0.0732421875 0.087890625
0 0.7578125 0.80029296875 0.056640625 0.0673828125
0 0.8544921875 0.86962890625 0.072265625 0.0712890625
0 0.91650390625 0.84375 0.0693359375 0.08203125
0 0.8603515625 0.91650390625 0.1484375 0.0771484375
0 0.76904296875 0.90673828125 0.0419921875 0.0712890625
0 0.97021484375 0.97705078125 0.0556640625 0.0458984375
0 0.6650390625 0.50634765625 0.0625 0.0830078125
