0 0.16162109375 0.18701171875 0.0556640625 0.0849609375
0 0.212890625 0.12744140625 0.0546875 0.0791015625
0 0.2392578125 0.23388671875 0.046875 0.0654296875
0 0.263671875 0.15185546875 0.078125 0.0908203125
0 0.02880859375 0.50439453125 0.0576171875 0.0615234375
0 0.14306640625 0.4609375 0.0751953125 0.056640625
0 0.126953125 0.529296875 0.05859375 0.044921875
0 0.20263671875 0.59521484375 0.0634765625 0.0517578125
0 0.13916015625 0.96875 0.0771484375 0.0625
0 0.14990234375 0.86767578125 0.0576171875 0.0517578125
0 0.2021484375 0.8515625 0.0546875 0.0625
0 0.125 0.7978515625 0.11328125 0.05859375
0 0.0400390625 0.80224609375 0.080078125 0.0576171875
0 0.060546875 0.86474609375 0.080078125 0.0458984375
0 0.33349609375 0.8154296875 0.0830078125 0.048828125
0 0.1865234375 0.72314453125 0.076171875 0.0537109375
0 0.33203125 0.6494140625 0.06640625 0.056640625
0 0.35693359375 0.56982421875 0.0732421875 0.0556640625
0 0.4423828125 0.603515625 0.076171875 0.083984375
0 0.4873046875 0.5 0.068359375 0.05859375
0 0.42333984375 0.30126953125 0.0517578125 0.0615234375
0 0.9677734375 0.3310546875 0.0625 0.072265625
0 0.3505859375 0.0283203125 0.06640625 0.056640625
0 0.3896484375 0.08642578125 0.08203125 0.0810546875
0 0.43896484375 0.115234375 0.0771484375 0.0703125
0 0.46728515625 0.19482421875 0.0517578125 0.0595703125
0 0.5234375 0.16650390625 0.078125 0.0869140625
0 0.51513671875 0.26318359375 0.0830078125 0.0810546875
0 0.619140625 0.1318359375 0.080078125 0.05859375
0 0.68701171875 0.07080078125 0.0771484375 0.0712890625
0 0.58056640625 0.0166015625 0.0634765625 0.033203125
0 0.95166015625 0.0205078125 0.0966796875 0.041015625
0 0.83935546875 0.10986328125 0.0966796875 0.0732421875
0 0.73681640625 0.0908203125 0.0712890625 0.05859375
0 0.74072265625 0.15185546875 0.0654296875 0.0654296875
0 0.6328125 0.2705078125 0.0703125 0.11328125
0 0.708984375 0.2421875 0.056640625 0.08984375
0 0.765625 0.27587890625 0.072265625 0.0830078125
0 0.7783203125 0.193359375 0.076171875 0.080078125
0 0.85498046875 0.2998046875 0.1044921875 0.076171875
0 0.66455078125 0.35107421875 0.1201171875 0.0556640625
0 0.74951171875 0.35546875 0.0693359375 0.048828125
0 0.81005859375 0.40087890625 0.0947265625 0.1103515625
0 0.74609375 0.53173828125 0.060546875 0.0732421875
0 0.599609375 0.54248046875 0.060546875 0.0517578125
0 0.54345703125 0.58935546875 0.0673828125 0.0556640625
0 0.54296875 0.6357421875 0.087890625 0.05859375
0 0.5107421875 0.6943359375 0.1015625 0.060546875
0 0.484375 0.7802734375 0.06640625 0.06640625
0 0.43701171875 0.8369140625 0.0732421875 0.056640625
0 0.455078125 0.8828125 0.095703125 0.048828125
0 0.6435546875 0.86181640625 0.076171875 0.0654296875
0 0.73681640625 0.74609375 0.1337890625 0.0625
0 0.7080078125 0.6982421875 0.05078125 0.0390625
0 0.74755859375 0.6640625 0.0712890625 0.04296875
0 0.88818359375 0.67822265625 0.0966796875 0.0712890625
0 0.95751953125 0.63720703125 0.0849609375 0.0478515625
0 0.87451171875 0.76611328125 0.0810546875 0.0595703125
0 0.9658203125 0.75927734375 0.068359375 0.0654296875
0 0.83203125 0.849609375 0.087890625 0.05078125
0 0.79296875 0.880859375 0.078125 0.056640625
0 0.7939453125 0.958984375 0.046875 0.05078125
0 0.95654296875 0.8369140625 0.0771484375 0.056640625
0 0.95703125 0.91015625 0.060546875 0.0625
