0 0.08251953125 0.16455078125 0.0478515625 0.1240234375
0 0.26220703125 0.14453125 0.0341796875 0.080078125
0 0.14697265625 0.04248046875 0.0478515625 0.0517578125
0 0.19482421875 0.02099609375 0.0712890625 0.0419921875
0 0.31591796875 0.05859375 0.0556640625 0.0546875
0 0.4716796875 0.1162109375 0.046875 0.052734375
0 0.6142578125 0.10546875 0.056640625 0.1171875
0 0.65673828125 0.18408203125 0.0498046875 0.1005859375
0 0.705078125 0.14501953125 0.05859375 0.0576171875
0 0.8759765625 0.17724609375 0.072265625 0.0478515625
0 0.8115234375 0.048828125 0.0703125 0.046875
0 0.880859375 0.01318359375 0.0859375 0.0263671875
0 0.8974609375 0.27099609375 0.1015625 0.0693359375
0 0.384765625 0.28955078125 0.119140625 0.0478515625
0 0.01318359375 0.31884765625 0.0263671875 0.0830078125
0 0.02099609375 0.490234375 0.0419921875 0.056640625
0 0.15087890625 0.5107421875 0.0693359375 0.072265625
0 0.23974609375 0.4873046875 0.0537109375 0.048828125
0 0.21337890625 0.41943359375 0.0615234375 0.0673828125
0 0.28369140625 0.380859375 0.0517578125 0.052734375
0 0.3310546875 0.3828125 0.06640625 0.056640625
0 0.4248046875 0.33837890625 0.076171875 0.0439453125
0 0.71533203125 0.38330078125 0.0517578125 0.0498046875
0 0.9375 0.46484375 0.064453125 0.0625
0 0.6728515625 0.47412109375 0.064453125 0.0732421875
0 0.72265625 0.48828125 0.05859375 0.044921875
0 0.2119140625 0.29931640625 0.076171875 0.0654296875
0 0.16162109375 0.36279296875 0.0537109375 0.0888671875
0 0.21728515625 0.333984375 0.0615234375 0.041015625
0 0.49853515625 0.4921875 0.0478515625 0.048828125
0 0.54150390625 0.53955078125 0.0673828125 0.0654296875
0 0.56005859375 0.587890625 0.0771484375 0.0546875
0 0.63916015625 0.5419921875 0.0615234375 0.041015625
0 0.7294921875 0.58251953125 0.06640625 0.0478515625
0 0.8046875 0.6357421875 0.068359375 0.119140625
0 0.96728515625 0.65966796875 0.0654296875 0.0517578125
0 0.85888671875 0.74462890625 0.1005859375 0.0693359375
0 0.806640625 0.77783203125 0.123046875 0.0732421875
0 0.7158203125 0.7412109375 0.0546875 0.046875
0 0.64990234375 0.7294921875 0.0517578125 0.056640625
0 0.083984375 0.6220703125 0.04296875 0.08203125
0 0.2451171875 0.69189453125 0.076171875 0.1064453125
0 0.1923828125 0.70751953125 0.0546875 0.0595703125
0 0.1328125 0.71826171875 0.041015625 0.0419921875
0 0.15234375 0.78564453125 0.056640625 0.0615234375
0 0.28173828125 0.8369140625 0.0693359375 0.052734375
0 0.38134765625 0.5595703125 0.0908203125 0.0625
0 0.4951171875 0.7392578125 0.072265625 0.046875
0 0.4384765625 0.751953125 0.10546875 0.037109375
0 0.35302734375 0.763671875 0.0810546875 0.046875
0 0.3828125 0.7236328125 0.056640625 0.0390625
0 0.71240234375 0.806640625 0.0751953125 0.03515625
0 0.884765625 0.8896484375 0.078125 0.052734375
0 0.96826171875 0.8505859375 0.0634765625 0.05078125
0 0.9677734375 0.96728515625 0.0546875 0.0654296875
0 0.830078125 0.96484375 0.068359375 0.0703125
0 0.69140625 0.853515625 0.046875 0.05859375
0 0.4638671875 0.8681640625 0.076171875 0.05078125
0 0.39892578125 0.91650390625 0.0400390625 0.0478515625
0 0.33154296875 0.91015625 0.0341796875 0.076171875
0 0.26025390625 0.96484375 0.1005859375 0.0546875
0 0.56494140625 0.1044921875 0.0615234375 0.0234375
0 0.37353515625 0.79443359375 0.1005859375 0.0517578125
0 0.09033203125 0.90625 0.0693359375 0.05859375
0 0.3046875 0.59765625 0.052734375 0.05859375
