0 0.05908203125 0.29443359375 0.1181640625 0.1103515625
0 0.04833984375 0.39599609375 0.0595703125 0.0771484375
0 0.16064453125 0.3681640625 0.1025390625 0.0625
0 0.1298828125 0.318359375 0.06640625 0.05859375
0 0.09814453125 0.22216796875 0.0556640625 0.0595703125
0 0.16259765625 0.2373046875 0.0849609375 0.123046875
0 0.09716796875 0.1181640625 0.0751953125 0.14453125
0 0.14111328125 0.099609375 0.0888671875 0.095703125
0 0.02783203125 0.09375 0.0556640625 0.1875
0 0.8212890625 0.16845703125 0.08984375 0.1630859375
0 0.78955078125 0.18017578125 0.0771484375 0.1064453125
0 0.8154296875 0.26318359375 0.10546875 0.0634765625
0 0.9033203125 0.3828125 0.064453125 0.056640625
0 0.59619140625 0.1865234375 0.0751953125 0.080078125
0 0.45263671875 0.13720703125 0.0595703125 0.0615234375
0 0.5185546875 0.25341796875 0.080078125 0.1162109375
0 0.50830078125 0.2978515625 0.0712890625 0.0703125
0 0.64111328125 0.283203125 0.2060546875 0.078125
0 0.7705078125 0.31787109375 0.076171875 0.1220703125
0 0.76611328125 0.38525390625 0.1103515625 0.0751953125
0 0.74267578125 0.44873046875 0.2119140625 0.1298828125
0 0.67431640625 0.4345703125 0.1826171875 0.078125
0 0.94580078125 0.765625 0.1083984375 0.08203125
0 0.91748046875 0.84765625 0.1650390625 0.126953125
0 0.68115234375 0.951171875 0.1767578125 0.09765625
0 0.509765625 0.875 0.134765625 0.140625
0 0.51318359375 0.96142578125 0.0615234375 0.0771484375
0 0.40234375 0.93994140625 0.05859375 0.0732421875
0 0.03955078125 0.97509765625 0.0791015625 0.0498046875
0 0.017578125 0.86181640625 0.03515625 0.0634765625
0 0.0302734375 0.73974609375 0.060546875 0.1142578125
0 0.20703125 0.78271484375 0.09375 0.0849609375
0 0.29833984375 0.8037109375 0.1044921875 0.06640625
0 0.125 0.759765625 0.064453125 0.064453125
0 0.193359375 0.97998046875 0.09765625 0.0400390625
0 0.47509765625 0.982421875 0.0576171875 0.03515625
0 0.47119140625 0.79345703125 0.0791015625 0.0595703125
