0 0.39453125 0.35205078125 0.134765625 0.0947265625
0 0.3984375 0.533203125 0.09765625 0.078125
0 0.8349609375 0.6474609375 0.083984375 0.064453125
0 0.51171875 0.4833984375 0.08984375 0.072265625
0 0.3955078125 0.1259765625 0.087890625 0.072265625
0 0.3349609375 0.17236328125 0.080078125 0.0751953125
0 0.6171875 0.06982421875 0.140625 0.0751953125
0 0.578125 0.91357421875 0.1171875 0.1064453125
0 0.59716796875 0.376953125 0.1396484375 0.109375
0 0.22607421875 0.86962890625 0.1123046875 0.1298828125
0 0.546875 0.11572265625 0.10546875 0.0830078125
0 0.39453125 0.65087890625 0.10546875 0.1181640625
0 0.22705078125 0.748046875 0.0947265625 0.08203125
0 0.0380859375 0.49951171875 0.072265625 0.1103515625
0 0.89599609375 0.57568359375 0.0927734375 0.0771484375
0 0.46484375 0.84814453125 0.115234375 0.1279296875
0 0.4931640625 0.755859375 0.140625 0.130859375
0 0.4111328125 0.279296875 0.0625 0.044921875
0 0.4296875 0.89697265625 0.080078125 0.1142578125
0 0.8505859375 0.98095703125 0.236328125 0.0380859375
0 0.8662109375 0.6953125 0.052734375 0.0546875
