0 0.38232421875 0.353515625 0.0732421875 0.09375
0 0.45556640625 0.30078125 0.0498046875 0.060546875
0 0.529296875 0.28857421875 0.044921875 0.0595703125
0 0.32763671875 0.19677734375 0.0947265625 0.0634765625
0 0.24609375 0.10595703125 0.08203125 0.0693359375
0 0.34814453125 0.05859375 0.0595703125 0.095703125
0 0.47265625 0.12939453125 0.078125 0.0693359375
0 0.50537109375 0.03076171875 0.0771484375 0.0615234375
0 0.572265625 0.1015625 0.080078125 0.087890625
0 0.916015625 0.138671875 0.138671875 0.072265625
0 0.859375 0.24267578125 0.091796875 0.0615234375
0 0.9326171875 0.2109375 0.091796875 0.07421875
0 0.111328125 0.22900390625 0.138671875 0.0712890625
0 0.05615234375 0.3271484375 0.0615234375 0.05859375
0 0.1337890625 0.4306640625 0.095703125 0.0859375
0 0.1689453125 0.59814453125 0.08203125 0.1083984375
0 0.201171875 0.6220703125 0.080078125 0.068359375
0 0.337890625 0.5546875 0.0625 0.115234375
0 0.39111328125 0.57421875 0.0439453125 0.12109375
0 0.498046875 0.52294921875 0.0703125 0.0830078125
0 0.6298828125 0.50927734375 0.0546875 0.0693359375
0 0.720703125 0.3447265625 0.09765625 0.083984375
0 0.79345703125 0.4111328125 0.0673828125 0.05859375
0 0.9072265625 0.39013671875 0.083984375 0.0595703125
0 0.75048828125 0.53564453125 0.0810546875 0.0673828125
0 0.94091796875 0.5810546875 0.1005859375 0.076171875
0 0.88232421875 0.70166015625 0.0791015625 0.1064453125
0 0.57763671875 0.70068359375 0.0849609375 0.1181640625
0 0.568359375 0.83984375 0.072265625 0.076171875
0 0.4208984375 0.75439453125 0.078125 0.0654296875
0 0.4716796875 0.9130859375 0.091796875 0.068359375
0 0.755859375 0.94384765625 0.11328125 0.0771484375
0 0.27099609375 0.9638671875 0.0986328125 0.072265625
0 0.03564453125 0.95458984375 0.0712890625 0.0849609375
0 0.095703125 0.732421875 0.09765625 0.05078125
0 0.02685546875 0.708984375 0.0419921875 0.107421875
0 0.05078125 0.03955078125 0.0859375 0.0791015625
0 0.96728515625 0.7392578125 0.0654296875 0.080078125
0 0.96142578125 0.6708984375 0.0693359375 0.07421875
0 0.876953125 0.59912109375 0.056640625 0.0732421875
0 0.50537109375 0.703125 0.0791015625 0.0546875
0 0.27197265625 0.71923828125 0.0654296875 0.0498046875
0 0.6181640625 0.69091796875 0.05859375 0.0693359375
0 0.94091796875 0.53759765625 0.0771484375 0.0576171875
