0 0.2373046875 0.478515625 0.10546875 0.103515625
0 0.2685546875 0.30810546875 0.107421875 0.1123046875
0 0.58203125 0.37353515625 0.134765625 0.1220703125
0 0.3984375 0.486328125 0.150390625 0.08984375
0 0.55029296875 0.65625 0.0888671875 0.052734375
0 0.54833984375 0.5419921875 0.1572265625 0.10546875
0 0.0615234375 0.2255859375 0.119140625 0.09765625
0 0.595703125 0.84716796875 0.11328125 0.0751953125
0 0.58984375 0.951171875 0.16015625 0.09765625
0 0.48046875 0.1669921875 0.15234375 0.103515625
0 0.16162109375 0.89794921875 0.0810546875 0.0712890625
0 0.92333984375 0.49462890625 0.1025390625 0.1201171875
0 0.83203125 0.13134765625 0.130859375 0.1162109375
0 0.28466796875 0.212890625 0.0947265625 0.107421875
0 0.251953125 0.05224609375 0.10546875 0.1005859375
0 0.44970703125 0.86181640625 0.1337890625 0.0771484375
0 0.48486328125 0.7998046875 0.1044921875 0.080078125
0 0.3994140625 0.388671875 0.060546875 0.083984375
0 0.14599609375 0.62548828125 0.0830078125 0.0771484375
0 0.9833984375 0.35546875 0.033203125 0.142578125
0 0.18359375 0.74365234375 0.052734375 0.1025390625
0 0.87744140625 0.45947265625 0.1298828125 0.0947265625
0 0.96337890625 0.07177734375 0.0732421875 0.0849609375
0 0.5810546875 0.67724609375 0.0859375 0.0458984375
