0 0.94580078125 0.966796875 0.0556640625 0.064453125
0 0.6513671875 0.93115234375 0.068359375 0.0751953125
0 0.30322265625 0.9599609375 0.0576171875 0.064453125
0 0.03369140625 0.5185546875 0.0654296875 0.08203125
0 0.130859375 0.677734375 0.056640625 0.052734375
0 0.12841796875 0.75 0.0595703125 0.05859375
0 0.19970703125 0.72900390625 0.0751953125 0.0673828125
0 0.23779296875 0.62939453125 0.0615234375 0.0576171875
0 0.34765625 0.52685546875 0.087890625 0.0712890625
0 0.34033203125 0.59033203125 0.0498046875 0.0556640625
0 0.4658203125 0.5576171875 0.06640625 0.048828125
0 0.51611328125 0.60986328125 0.0751953125 0.0849609375
0 0.5224609375 0.4609375 0.08203125 0.1015625
0 0.63134765625 0.56494140625 0.0673828125 0.0830078125
0 0.619140625 0.72900390625 0.072265625 0.0595703125
0 0.65673828125 0.34716796875 0.0712890625 0.0986328125
0 0.82958984375 0.5283203125 0.0751953125 0.076171875
0 0.88330078125 0.564453125 0.0849609375 0.087890625
0 0.79248046875 0.5751953125 0.0537109375 0.072265625
0 0.7705078125 0.63330078125 0.0703125 0.0634765625
0 0.8095703125 0.712890625 0.080078125 0.091796875
0 0.80322265625 0.04248046875 0.0830078125 0.0849609375
0 0.71630859375 0.10302734375 0.0673828125 0.0517578125
0 0.74755859375 0.15966796875 0.0595703125 0.0654296875
0 0.69482421875 0.16259765625 0.0654296875 0.0791015625
0 0.6357421875 0.150390625 0.06640625 0.064453125
0 0.58203125 0.15673828125 0.060546875 0.0732421875
0 0.59130859375 0.060546875 0.0654296875 0.056640625
0 0.419921875 0.07373046875 0.0625 0.0556640625
0 0.3984375 0.1455078125 0.0703125 0.05859375
0 0.2724609375 0.041015625 0.068359375 0.08203125
0 0.212890625 0.09912109375 0.05078125 0.0556640625
0 0.04931640625 0.10400390625 0.0595703125 0.0517578125
0 0.0576171875 0.162109375 0.052734375 0.056640625
0 0.224609375 0.17431640625 0.068359375 0.0537109375
0 0.927734375 0.18505859375 0.0625 0.0517578125
0 0.27392578125 0.98681640625 0.0654296875 0.0263671875
0 0.83056640625 0.9853515625 0.0634765625 0.029296875
0 0.60888671875 0.01171875 0.0458984375 0.0234375
