0 0.330078125 0.470703125 0.08203125 0.10546875
0 0.64990234375 0.5087890625 0.0732421875 0.095703125
0 0.4814453125 0.20361328125 0.0859375 0.0615234375
0 0.2841796875 0.7353515625 0.083984375 0.056640625
0 0.47119140625 0.93115234375 0.1025390625 0.0615234375
0 0.806640625 0.02294921875 0.1484375 0.0439453125
0 0.62939453125 0.81298828125 0.0654296875 0.0537109375
0 0.45361328125 0.25146484375 0.0576171875 0.0693359375
0 0.3837890625 0.1474609375 0.087890625 0.09375
0 0.42822265625 0.11767578125 0.0712890625 0.0712890625
0 0.599609375 0.19287109375 0.064453125 0.0673828125
0 0.853515625 0.5029296875 0.068359375 0.060546875
0 0.150390625 0.83056640625 0.09375 0.0439453125
0 0.8251953125 0.17138671875 0.080078125 0.0634765625
0 0.68896484375 0.97119140625 0.0556640625 0.0576171875
0 0.16259765625 0.11669921875 0.0966796875 0.0791015625
0 0.564453125 0.45703125 0.068359375 0.072265625
0 0.109375 0.501953125 0.091796875 0.05078125
0 0.87939453125 0.98583984375 0.0556640625 0.0283203125
0 0.12060546875 0.48095703125 0.0947265625 0.0380859375
0 0.888671875 0.822265625 0.03515625 0.0859375
0 0.986328125 0.59423828125 0.02734375 0.0400390625
0 0.67822265625 0.71337890625 0.0419921875 0.1396484375
0 0.759765625 0.734375 0.0546875 0.037109375
0 0.19189453125 0.36767578125 0.1279296875 0.0341796875
0 0.96923828125 0.630859375 0.0615234375 0.033203125
0 0.7265625 0.0927734375 0.140625 0.041015625
0 0.66748046875 0.45361328125 0.0693359375 0.0517578125
0 0.15771484375 0.33056640625 0.0947265625 0.0361328125
0 0.2890625 0.271484375 0.072265625 0.029296875
0 0.0888671875 0.22412109375 0.05859375 0.0498046875
0 0.33203125 0.25146484375 0.068359375 0.0341796875
0 0.408203125 0.04052734375 0.048828125 0.0322265625
0 0.58349609375 0.7509765625 0.1181640625 0.060546875
0 0.07861328125 0.86328125 0.0810546875 0.029296875
0 0.66943359375 0.60986328125 0.0576171875 0.0322265625
0 0.54150390625 0.5146484375 0.0712890625 0.060546875
0 0.89013671875 0.29736328125 0.0673828125 0.0361328125
0 0.3798828125 0.861328125 0.087890625 0.041015625
0 0.5732421875 0.56298828125 0.076171875 0.0380859375
0 0.05029296875 0.88427734375 0.0537109375 0.0302734375
0 0.4072265625 0.75341796875 0.072265625 0.0419921875
0 0.107421875 0.6103515625 0.052734375 0.07421875
0 0.6455078125 0.9267578125 0.064453125 0.033203125
0 0.67138671875 0.24267578125 0.0771484375 0.0302734375
0 0.4619140625 0.53564453125 0.072265625 0.0341796875
0 0.16162109375 0.94189453125 0.1357421875 0.0400390625
0 0.869140625 0.091796875 0.05859375 0.0546875
0 0.791015625 0.51953125 0.025390625 0.052734375
0 0.9189453125 0.5634765625 0.048828125 0.03515625
0 0.1259765625 0.68017578125 0.07421875 0.0302734375
0 0.12646484375 0.76904296875 0.1025390625 0.0439453125
0 0.60986328125 0.62353515625 0.0732421875 0.0185546875
0 0.09326171875 0.26708984375 0.1044921875 0.0302734375
0 0.43408203125 0.67919921875 0.0751953125 0.0361328125
0 0.42626953125 0.3583984375 0.0634765625 0.044921875
0 0.91552734375 0.6494140625 0.0498046875 0.0390625
0 0.23974609375 0.40673828125 0.0693359375 0.0361328125
0 0.90380859375 0.24609375 0.0537109375 0.021484375
0 0.2607421875 0.822265625 0.052734375 0.03125
0 0.91015625 0.07763671875 0.06640625 0.0283203125
0 0.1953125 0.44287109375 0.052734375 0.0341796875
0 0.521484375 0.7060546875 0.0859375 0.02734375
0 0.17578125 0.66357421875 0.078125 0.0283203125
0 0.28662109375 0.55908203125 0.1025390625 0.0380859375
0 0.9765625 0.8359375 0.029296875 0.05859375
0 0.572265625 0.30419921875 0.0546875 0.0283203125
0 0.05419921875 0.36083984375 0.1044921875 0.0302734375
0 0.775390625 0.68359375 0.056640625 0.04296875
0 0.49560546875 0.4951171875 0.0478515625 0.0703125
0 0.2412109375 0.18017578125 0.046875 0.0361328125
0 0.02197265625 0.28271484375 0.0439453125 0.0361328125
0 0.5927734375 0.20947265625 0.048828125 0.0712890625
0 0.27685546875 0.63720703125 0.0849609375 0.0341796875
0 0.11279296875 0.89404296875 0.0556640625 0.0244140625
0 0.033203125 0.05029296875 0.0625 0.0478515625
0 0.02099609375 0.142578125 0.0419921875 0.046875
0 0.87841796875 0.76904296875 0.1005859375 0.0283203125
0 0.67138671875 0.37158203125 0.0888671875 0.0458984375
0 0.32080078125 0.88818359375 0.0927734375 0.0322265625
0 0.169921875 0.291015625 0.044921875 0.0390625
0 0.3876953125 0.5712890625 0.05859375 0.021484375
0 0.419921875 0.00927734375 0.041015625 0.0185546875
0 0.1416015625 0.42822265625 0.060546875 0.0205078125
0 0.10498046875 0.30029296875 0.0537109375 0.0302734375
0 0.35888671875 0.3466796875 0.0654296875 0.0546875
0 0.50244140625 0.77783203125 0.0654296875 0.0791015625
0 0.75830078125 0.60205078125 0.0380859375 0.0517578125
0 0.83056640625 0.9287109375 0.0537109375 0.044921875
0 0.76123046875 0.93017578125 0.0439453125 0.0458984375
