0 0.94873046875 0.33447265625 0.0712890625 0.0712890625
0 0.8779296875 0.58837890625 0.078125 0.0810546875
0 0.5361328125 0.51708984375 0.05078125 0.0712890625
0 0.494140625 0.62841796875 0.068359375 0.0615234375
0 0.41455078125 0.54345703125 0.1318359375 0.0830078125
0 0.4169921875 0.0869140625 0.111328125 0.16796875
0 0.5576171875 0.201171875 0.123046875 0.1015625
0 0.20654296875 0.763671875 0.1630859375 0.080078125
0 0.63037109375 0.35009765625 0.1005859375 0.1708984375
0 0.0615234375 0.7587890625 0.123046875 0.111328125
0 0.4462890625 0.3564453125 0.0859375 0.087890625
0 0.337890625 0.33056640625 0.1015625 0.1103515625
0 0.341796875 0.39501953125 0.1484375 0.1064453125
0 0.43408203125 0.45166015625 0.0283203125 0.0556640625
