0 0.04296875 0.921875 0.0859375 0.07421875
0 0.82373046875 0.419921875 0.0810546875 0.185546875
0 0.2158203125 0.69873046875 0.15234375 0.0615234375
0 0.14306640625 0.974609375 0.0888671875 0.05078125
0 0.88037109375 0.88037109375 0.0771484375 0.1298828125
0 0.81640625 0.587890625 0.087890625 0.083984375
0 0.07373046875 0.80029296875 0.1474609375 0.0888671875
0 0.5986328125 0.52197265625 0.125 0.0771484375
0 0.04296875 0.41796875 0.0859375 0.134765625
0 0.18603515625 0.18701171875 0.1826171875 0.0888671875
0 0.0224609375 0.69189453125 0.044921875 0.0947265625
0 0.966796875 0.822265625 0.06640625 0.080078125
0 0.9208984375 0.05908203125 0.07421875 0.0673828125
0 0.88671875 0.46728515625 0.0859375 0.0908203125
0 0.7822265625 0.46240234375 0.095703125 0.0947265625
0 0.875 0.75830078125 0.064453125 0.0791015625
0 0.9462890625 0.56591796875 0.060546875 0.0595703125
0 0.12890625 0.28369140625 0.095703125 0.0654296875
0 0.13037109375 0.8876953125 0.0712890625 0.07421875
0 0.3193359375 0.19384765625 0.068359375 0.0712890625
0 0.98046875 0.94873046875 0.0390625 0.0439453125
