0 0.49462890625 0.11083984375 0.1083984375 0.0849609375
0 0.81689453125 0.88916015625 0.0654296875 0.0693359375
0 0.6943359375 0.78662109375 0.09375 0.0947265625
0 0.51806640625 0.88525390625 0.0947265625 0.0634765625
0 0.77880859375 0.49951171875 0.1083984375 0.0751953125
0 0.80419921875 0.94873046875 0.0732421875 0.0771484375
0 0.80322265625 0.79345703125 0.0947265625 0.0673828125
0 0.67822265625 0.39208984375 0.1279296875 0.0615234375
0 0.8759765625 0.51171875 0.146484375 0.103515625
0 0.05615234375 0.2333984375 0.1123046875 0.138671875
0 0.6455078125 0.34130859375 0.11328125 0.0791015625
0 0.953125 0.07470703125 0.09375 0.1162109375
0 0.890625 0.86376953125 0.083984375 0.0947265625
0 0.43994140625 0.7978515625 0.1748046875 0.099609375
0 0.61083984375 0.59814453125 0.2216796875 0.1201171875
0 0.498046875 0.97509765625 0.12109375 0.0498046875
0 0.7021484375 0.15087890625 0.1640625 0.1064453125
0 0.54833984375 0.6240234375 0.0751953125 0.1015625
0 0.5390625 0.24365234375 0.140625 0.0810546875
0 0.5810546875 0.205078125 0.11328125 0.095703125
0 0.646484375 0.26513671875 0.115234375 0.0732421875
