0 0.326171875 0.96923828125 0.091796875 0.0615234375
0 0.69775390625 0.99267578125 0.0830078125 0.0146484375
0 0.44189453125 0.91552734375 0.1005859375 0.1240234375
0 0.4970703125 0.97021484375 0.068359375 0.0595703125
0 0.314453125 0.87109375 0.0546875 0.07421875
0 0.552734375 0.8798828125 0.076171875 0.068359375
0 0.6630859375 0.92919921875 0.091796875 0.0888671875
0 0.18359375 0.7587890625 0.1328125 0.1171875
0 0.0390625 0.58349609375 0.078125 0.0751953125
0 0.14208984375 0.5888671875 0.0517578125 0.060546875
0 0.0263671875 0.41259765625 0.052734375 0.0556640625
0 0.96630859375 0.0107421875 0.0673828125 0.021484375
0 0.34326171875 0.01025390625 0.1103515625 0.0205078125
0 0.4423828125 0.00927734375 0.099609375 0.0185546875
0 0.50634765625 0.01123046875 0.0927734375 0.0224609375
0 0.51513671875 0.0693359375 0.0654296875 0.060546875
0 0.6494140625 0.04052734375 0.0703125 0.0751953125
0 0.626953125 0.09033203125 0.07421875 0.0537109375
0 0.779296875 0.09619140625 0.064453125 0.0830078125
0 0.140625 0.05419921875 0.09375 0.0947265625
0 0.19580078125 0.07958984375 0.0712890625 0.0771484375
0 0.23095703125 0.16162109375 0.2314453125 0.0849609375
0 0.2802734375 0.1279296875 0.080078125 0.083984375
0 0.39501953125 0.10986328125 0.0869140625 0.0732421875
0 0.3720703125 0.177734375 0.091796875 0.072265625
0 0.4287109375 0.2216796875 0.169921875 0.123046875
0 0.73291015625 0.37548828125 0.0849609375 0.0849609375
0 0.51123046875 0.44873046875 0.1474609375 0.1064453125
0 0.16748046875 0.4638671875 0.0908203125 0.08984375
0 0.234375 0.5400390625 0.06640625 0.109375
0 0.36279296875 0.60009765625 0.0771484375 0.0947265625
0 0.45751953125 0.55908203125 0.0966796875 0.0595703125
0 0.5302734375 0.5732421875 0.099609375 0.05859375
0 0.5615234375 0.521484375 0.052734375 0.0703125
0 0.5009765625 0.51708984375 0.087890625 0.0576171875
0 0.77587890625 0.525390625 0.0888671875 0.0859375
0 0.6220703125 0.62890625 0.091796875 0.064453125
0 0.7685546875 0.67041015625 0.064453125 0.0673828125
0 0.53125 0.7021484375 0.06640625 0.0625
0 0.91455078125 0.69970703125 0.0576171875 0.0732421875
0 0.96923828125 0.64501953125 0.0615234375 0.0556640625
0 0.54248046875 0.34521484375 0.0595703125 0.0595703125
0 0.96728515625 0.15771484375 0.0654296875 0.0732421875
0 0.9794921875 0.07568359375 0.041015625 0.0751953125
0 0.84765625 0.04296875 0.078125 0.0859375
0 0.87158203125 0.09765625 0.1337890625 0.10546875
0 0.1669921875 0.2578125 0.064453125 0.05859375
0 0.81591796875 0.20849609375 0.0576171875 0.0322265625
0 0.712890625 0.107421875 0.046875 0.041015625
0 0.57958984375 0.06298828125 0.0439453125 0.0478515625
0 0.47607421875 0.33349609375 0.0537109375 0.0419921875
0 0.6181640625 0.72314453125 0.076171875 0.0517578125
0 0.89501953125 0.048828125 0.0498046875 0.041015625
0 0.55859375 0.61474609375 0.0703125 0.0615234375
0 0.62060546875 0.6904296875 0.1162109375 0.08203125
0 0.5849609375 0.564453125 0.037109375 0.0390625
