0 0.25439453125 0.02099609375 0.1142578125 0.0341796875
0 0.033203125 0.0576171875 0.06640625 0.0546875
0 0.21044921875 0.1533203125 0.0634765625 0.03515625
0 0.03369140625 0.22216796875 0.0673828125 0.0244140625
0 0.0263671875 0.28857421875 0.052734375 0.0361328125
0 0.091796875 0.29052734375 0.03515625 0.0263671875
0 0.26611328125 0.2939453125 0.0927734375 0.03125
0 0.29931640625 0.34912109375 0.1064453125 0.0361328125
0 0.3291015625 0.37451171875 0.173828125 0.0537109375
0 0.15771484375 0.35498046875 0.1123046875 0.0263671875
0 0.1494140625 0.4658203125 0.125 0.046875
0 0.158203125 0.66845703125 0.1171875 0.0439453125
0 0.1064453125 0.7509765625 0.095703125 0.04296875
0 0.017578125 0.75244140625 0.03515625 0.0634765625
0 0.037109375 0.81103515625 0.07421875 0.0322265625
0 0.13720703125 0.8330078125 0.1142578125 0.044921875
0 0.2490234375 0.8203125 0.203125 0.07421875
0 0.27197265625 0.78369140625 0.1435546875 0.0498046875
0 0.3642578125 0.82861328125 0.12890625 0.0576171875
0 0.4580078125 0.82373046875 0.115234375 0.0458984375
0 0.5439453125 0.87158203125 0.095703125 0.0869140625
0 0.482421875 0.708984375 0.09375 0.041015625
0 0.40771484375 0.9140625 0.1044921875 0.083984375
0 0.29052734375 0.974609375 0.1298828125 0.05078125
0 0.1259765625 0.9482421875 0.091796875 0.103515625
0 0.03759765625 0.98486328125 0.0595703125 0.0302734375
0 0.39404296875 0.97705078125 0.1142578125 0.0458984375
0 0.5 0.98193359375 0.103515625 0.0361328125
0 0.69287109375 0.93115234375 0.1513671875 0.0615234375
0 0.66162109375 0.97705078125 0.0751953125 0.0458984375
0 0.8232421875 0.90869140625 0.07421875 0.0498046875
0 0.88623046875 0.98583984375 0.0849609375 0.0283203125
0 0.97314453125 0.853515625 0.0537109375 0.04296875
0 0.5732421875 0.078125 0.09375 0.060546875
0 0.7939453125 0.1376953125 0.103515625 0.03515625
0 0.6689453125 0.169921875 0.080078125 0.029296875
0 0.54345703125 0.220703125 0.0712890625 0.03125
0 0.95068359375 0.33740234375 0.0986328125 0.0380859375
0 0.7001953125 0.36181640625 0.091796875 0.0322265625
0 0.5888671875 0.3447265625 0.078125 0.03125
0 0.5771484375 0.380859375 0.0546875 0.03125
0 0.5771484375 0.41455078125 0.0625 0.0322265625
0 0.6201171875 0.4658203125 0.14453125 0.05859375
0 0.67138671875 0.40478515625 0.1123046875 0.0478515625
0 0.94384765625 0.48193359375 0.1123046875 0.0419921875
0 0.9296875 0.4072265625 0.037109375 0.037109375
0 0.828125 0.36181640625 0.1171875 0.0341796875
0 0.8125 0.33984375 0.119140625 0.029296875
0 0.7880859375 0.357421875 0.0703125 0.01953125
0 0.77099609375 0.74609375 0.0615234375 0.04296875
0 0.47216796875 0.232421875 0.0458984375 0.048828125
0 0.35595703125 0.14111328125 0.1279296875 0.0341796875
0 0.3125 0.1357421875 0.119140625 0.048828125
0 0.97216796875 0.5546875 0.0556640625 0.044921875
