0 0.08740234375 0.04736328125 0.1162109375 0.0947265625
0 0.3095703125 0.0576171875 0.0859375 0.05859375
0 0.49658203125 0.05078125 0.0869140625 0.1015625
0 0.27783203125 0.19140625 0.0908203125 0.091796875
0 0.056640625 0.19970703125 0.11328125 0.1298828125
0 0.03466796875 0.35595703125 0.0693359375 0.0771484375
0 0.2177734375 0.462890625 0.05859375 0.064453125
0 0.28076171875 0.48388671875 0.0712890625 0.0537109375
0 0.3984375 0.43994140625 0.1171875 0.0693359375
0 0.51318359375 0.265625 0.0732421875 0.06640625
0 0.6220703125 0.37158203125 0.0625 0.0595703125
0 0.7412109375 0.41552734375 0.0625 0.0595703125
0 0.7705078125 0.0732421875 0.0625 0.076171875
0 0.83984375 0.0908203125 0.0625 0.05078125
0 0.771484375 0.50341796875 0.12890625 0.0712890625
0 0.49560546875 0.5546875 0.1083984375 0.05078125
0 0.373046875 0.54150390625 0.09765625 0.0771484375
0 0.19287109375 0.568359375 0.0849609375 0.078125
0 0.095703125 0.66552734375 0.0625 0.0634765625
0 0.50146484375 0.68359375 0.0634765625 0.0546875
0 0.73486328125 0.69482421875 0.1279296875 0.0595703125
0 0.85009765625 0.75634765625 0.1083984375 0.0751953125
0 0.92822265625 0.5947265625 0.0634765625 0.04296875
0 0.91259765625 0.91357421875 0.0791015625 0.0771484375
0 0.84423828125 0.93359375 0.0986328125 0.06640625
0 0.66259765625 0.83154296875 0.0556640625 0.0654296875
0 0.54638671875 0.7734375 0.0693359375 0.07421875
0 0.3935546875 0.720703125 0.0859375 0.060546875
0 0.2861328125 0.76025390625 0.060546875 0.0751953125
0 0.1982421875 0.75634765625 0.068359375 0.0771484375
0 0.482421875 0.96923828125 0.041015625 0.0615234375
0 0.97509765625 0.12158203125 0.0498046875 0.0458984375
0 0.6220703125 0.876953125 0.05859375 0.08203125
0 0.43896484375 0.83251953125 0.0693359375 0.0927734375
0 0.0380859375 0.97119140625 0.076171875 0.0576171875
0 0.1201171875 0.6123046875 0.0859375 0.0703125
0 0.32666015625 0.5322265625 0.0771484375 0.0625
0 0.24951171875 0.7294921875 0.1142578125 0.064453125
