0 0.64599609375 0.6416015625 0.0732421875 0.06640625
0 0.56201171875 0.1005859375 0.0849609375 0.09765625
0 0.86572265625 0.79833984375 0.0830078125 0.0732421875
0 0.9521484375 0.3046875 0.095703125 0.115234375
0 0.662109375 0.07568359375 0.08984375 0.1123046875
0 0.7421875 0.50048828125 0.0625 0.0517578125
0 0.833984375 0.62158203125 0.06640625 0.0751953125
0 0.9296875 0.416015625 0.072265625 0.087890625
0 0.74560546875 0.28759765625 0.0595703125 0.0537109375
0 0.630859375 0.2509765625 0.087890625 0.08203125
0 0.7021484375 0.36279296875 0.044921875 0.0732421875
0 0.96484375 0.48291015625 0.060546875 0.0673828125
0 0.908203125 0.62939453125 0.0859375 0.0712890625
0 0.7939453125 0.4716796875 0.0703125 0.068359375
0 0.7685546875 0.3466796875 0.05078125 0.068359375
