0 0.35986328125 0.26708984375 0.0693359375 0.0986328125
0 0.61181640625 0.51953125 0.0732421875 0.107421875
0 0.78515625 0.51416015625 0.0625 0.1044921875
0 0.96923828125 0.53271484375 0.0615234375 0.0693359375
0 0.9912109375 0.595703125 0.017578125 0.064453125
0 0.91064453125 0.548828125 0.0498046875 0.087890625
0 0.27490234375 0.65673828125 0.0966796875 0.0478515625
0 0.9765625 0.216796875 0.046875 0.064453125
0 0.4736328125 0.5068359375 0.076171875 0.076171875
0 0.818359375 0.61572265625 0.099609375 0.0732421875
0 0.34619140625 0.35302734375 0.1142578125 0.0517578125
0 0.22216796875 0.55029296875 0.1083984375 0.0830078125
0 0.05224609375 0.27880859375 0.1025390625 0.0654296875
0 0.79150390625 0.33740234375 0.0712890625 0.1025390625
0 0.97509765625 0.02734375 0.0498046875 0.052734375
0 0.123046875 0.28369140625 0.10546875 0.0830078125
0 0.52197265625 0.61279296875 0.0908203125 0.0791015625
0 0.55517578125 0.9365234375 0.1064453125 0.1171875
0 0.8154296875 0.29052734375 0.1015625 0.0439453125
0 0.9609375 0.3759765625 0.056640625 0.060546875
0 0.82470703125 0.6435546875 0.0615234375 0.078125
0 0.30908203125 0.91943359375 0.1201171875 0.0537109375
0 0.23974609375 0.35498046875 0.0751953125 0.0517578125
0 0.23583984375 0.41796875 0.1025390625 0.068359375
0 0.40234375 0.86376953125 0.09765625 0.0537109375
0 0.6748046875 0.5537109375 0.09765625 0.068359375
0 0.2890625 0.259765625 0.1015625 0.0546875
0 0.0986328125 0.22900390625 0.076171875 0.0830078125
0 0.4716796875 0.61328125 0.09375 0.064453125
0 0.818359375 0.876953125 0.08984375 0.046875
0 0.97998046875 0.60693359375 0.0400390625 0.0732421875
0 0.13671875 0.15478515625 0.1015625 0.0595703125
0 0.1279296875 0.529296875 0.087890625 0.05859375
0 0.77685546875 0.21240234375 0.0673828125 0.1162109375
0 0.02783203125 0.47509765625 0.0556640625 0.0595703125
0 0.24267578125 0.03466796875 0.1201171875 0.0673828125
0 0.396484375 0.7763671875 0.134765625 0.091796875
0 0.1201171875 0.48681640625 0.0703125 0.0634765625
0 0.15966796875 0.88720703125 0.0810546875 0.0498046875
0 0.02587890625 0.88232421875 0.0517578125 0.0478515625
0 0.20751953125 0.708984375 0.1416015625 0.052734375
0 0.25537109375 0.69091796875 0.0849609375 0.0380859375
0 0.25927734375 0.1962890625 0.1044921875 0.078125
0 0.57177734375 0.6904296875 0.0908203125 0.064453125
0 0.65673828125 0.9755859375 0.0400390625 0.048828125
0 0.60791015625 0.33740234375 0.0693359375 0.0498046875
0 0.9501953125 0.98046875 0.060546875 0.0390625
0 0.75146484375 0.31591796875 0.0908203125 0.0966796875
0 0.54736328125 0.1337890625 0.0927734375 0.0390625
0 0.1943359375 0.95068359375 0.095703125 0.0400390625
0 0.1923828125 0.23583984375 0.109375 0.0576171875
0 0.8330078125 0.2626953125 0.0703125 0.056640625
0 0.0400390625 0.18408203125 0.076171875 0.0458984375
0 0.03271484375 0.98486328125 0.0654296875 0.0302734375
0 0.0263671875 0.8408203125 0.052734375 0.06640625
0 0.51416015625 0.0986328125 0.0634765625 0.03515625
0 0.9521484375 0.33251953125 0.068359375 0.0322265625
0 0.59765625 0.955078125 0.07421875 0.052734375
0 0.98095703125 0.025390625 0.0380859375 0.048828125
0 0.31787109375 0.947265625 0.1123046875 0.044921875
0 0.43115234375 0.681640625 0.1435546875 0.08203125
0 0.78271484375 0.5458984375 0.0439453125 0.06640625
0 0.07080078125 0.3544921875 0.1259765625 0.044921875
0 0.0732421875 0.6416015625 0.146484375 0.044921875
0 0.83837890625 0.8525390625 0.0615234375 0.056640625
0 0.087890625 0.6494140625 0.13671875 0.052734375
0 0.794921875 0.97509765625 0.185546875 0.0498046875
0 0.37158203125 0.0595703125 0.1220703125 0.037109375
0 0.02880859375 0.60009765625 0.0556640625 0.0380859375
0 0.0244140625 0.22119140625 0.048828125 0.0732421875
0 0.3759765625 0.66796875 0.10546875 0.0390625
0 0.0732421875 0.8896484375 0.1171875 0.080078125
