0 0.08154296875 0.22216796875 0.0771484375 0.0810546875
0 0.0302734375 0.369140625 0.060546875 0.17578125
0 0.1328125 0.14208984375 0.083984375 0.1259765625
0 0.18798828125 0.1630859375 0.0478515625 0.095703125
0 0.28271484375 0.0322265625 0.0771484375 0.064453125
0 0.53759765625 0.05029296875 0.0712890625 0.1005859375
0 0.615234375 0.04541015625 0.080078125 0.0908203125
0 0.77490234375 0.07568359375 0.0556640625 0.1005859375
0 0.92431640625 0.09375 0.1142578125 0.083984375
0 0.81298828125 0.18115234375 0.0712890625 0.0947265625
0 0.630859375 0.15576171875 0.052734375 0.0810546875
0 0.484375 0.15380859375 0.0546875 0.0947265625
0 0.37060546875 0.2080078125 0.0830078125 0.044921875
0 0.435546875 0.23583984375 0.068359375 0.1103515625
0 0.544921875 0.2548828125 0.091796875 0.08203125
0 0.3251953125 0.32568359375 0.076171875 0.0478515625
0 0.65185546875 0.380859375 0.0517578125 0.115234375
0 0.728515625 0.38427734375 0.05859375 0.0986328125
0 0.9140625 0.31884765625 0.0625 0.0712890625
0 0.96826171875 0.34033203125 0.0615234375 0.1064453125
0 0.92041015625 0.4814453125 0.0830078125 0.07421875
0 0.3994140625 0.4794921875 0.0625 0.083984375
0 0.1806640625 0.75537109375 0.0703125 0.0888671875
0 0.02490234375 0.96826171875 0.0498046875 0.0634765625
0 0.09130859375 0.876953125 0.0986328125 0.068359375
0 0.26806640625 0.755859375 0.0556640625 0.080078125
0 0.30224609375 0.79150390625 0.0634765625 0.1162109375
0 0.3974609375 0.65576171875 0.06640625 0.0947265625
0 0.4814453125 0.65625 0.05859375 0.056640625
0 0.63720703125 0.5771484375 0.0830078125 0.05859375
0 0.7333984375 0.60986328125 0.06640625 0.0869140625
0 0.6201171875 0.50244140625 0.05859375 0.0478515625
0 0.89697265625 0.74951171875 0.1025390625 0.1220703125
0 0.6494140625 0.74072265625 0.064453125 0.0947265625
0 0.5859375 0.71533203125 0.0703125 0.0693359375
0 0.73095703125 0.734375 0.1044921875 0.10546875
0 0.8125 0.8134765625 0.080078125 0.115234375
0 0.93505859375 0.9228515625 0.0751953125 0.095703125
0 0.82275390625 0.94189453125 0.1005859375 0.1162109375
0 0.58544921875 0.92333984375 0.1044921875 0.1083984375
0 0.52783203125 0.93212890625 0.0771484375 0.1357421875
0 0.44140625 0.85693359375 0.064453125 0.1376953125
0 0.5078125 0.80615234375 0.076171875 0.0751953125
0 0.18505859375 0.88916015625 0.0654296875 0.1279296875
0 0.681640625 0.224609375 0.0625 0.0546875
0 0.87744140625 0.6650390625 0.0458984375 0.064453125
0 0.88623046875 0.5302734375 0.0751953125 0.056640625
0 0.1669921875 0.97216796875 0.0546875 0.0556640625
0 0.40478515625 0.85791015625 0.0654296875 0.0537109375
0 0.0263671875 0.5029296875 0.052734375 0.06640625
0 0.08984375 0.60546875 0.068359375 0.056640625
0 0.9365234375 0.8095703125 0.05859375 0.05859375
0 0.4873046875 0.89892578125 0.05078125 0.0927734375
0 0.1484375 0.0439453125 0.08203125 0.087890625
0 0.12939453125 0.82080078125 0.0830078125 0.0712890625
