0 0.908203125 0.85595703125 0.1328125 0.0830078125
0 0.20458984375 0.42919921875 0.1201171875 0.1201171875
0 0.7509765625 0.90087890625 0.126953125 0.1318359375
0 0.47216796875 0.564453125 0.1396484375 0.07421875
0 0.45068359375 0.3896484375 0.0732421875 0.080078125
0 0.0458984375 0.55322265625 0.091796875 0.1630859375
0 0.0146484375 0.35693359375 0.029296875 0.0947265625
0 0.57470703125 0.4892578125 0.0849609375 0.125
0 0.373046875 0.21337890625 0.087890625 0.0830078125
0 0.18310546875 0.32958984375 0.0673828125 0.0693359375
0 0.02734375 0.9208984375 0.0546875 0.087890625
0 0.630859375 0.880859375 0.087890625 0.072265625
0 0.77197265625 0.4404296875 0.2353515625 0.142578125
0 0.24609375 0.94580078125 0.2421875 0.1083984375
0 0.1357421875 0.60693359375 0.072265625 0.0654296875
0 0.29345703125 0.24462890625 0.0771484375 0.0751953125
0 0.92138671875 0.15576171875 0.0712890625 0.0439453125
0 0.05322265625 0.98095703125 0.0673828125 0.0380859375
0 0.5966796875 0.38671875 0.205078125 0.080078125
0 0.5029296875 0.80712890625 0.09765625 0.0595703125
0 0.74560546875 0.81103515625 0.1220703125 0.0576171875
0 0.55078125 0.9296875 0.142578125 0.140625
0 0.6259765625 0.5546875 0.1171875 0.0703125
0 0.58447265625 0.82861328125 0.1044921875 0.0673828125
0 0.1083984375 0.32177734375 0.0625 0.0654296875
0 0.18701171875 0.2080078125 0.1103515625 0.072265625
0 0.33447265625 0.8681640625 0.0849609375 0.072265625
0 0.09814453125 0.07568359375 0.0927734375 0.1474609375
0 0.8623046875 0.15478515625 0.1171875 0.1005859375
0 0.88037109375 0.6123046875 0.0576171875 0.0703125
0 0.1005859375 0.72607421875 0.08203125 0.1025390625
0 0.1220703125 0.24560546875 0.064453125 0.0673828125
0 0.6533203125 0.318359375 0.087890625 0.072265625
0 0.5146484375 0.7021484375 0.0546875 0.060546875
0 0.4658203125 0.32470703125 0.068359375 0.0498046875
0 0.9306640625 0.439453125 0.1328125 0.0703125
0 0.78564453125 0.16064453125 0.1025390625 0.0771484375
0 0.873046875 0.03564453125 0.1328125 0.0673828125
0 0.4931640625 0.0947265625 0.0625 0.060546875
0 0.1611328125 0.7470703125 0.072265625 0.064453125
0 0.041015625 0.71044921875 0.064453125 0.0927734375
0 0.3994140625 0.91064453125 0.08984375 0.0830078125
0 0.9482421875 0.0458984375 0.09765625 0.087890625
0 0.943359375 0.35302734375 0.107421875 0.0927734375
0 0.72216796875 0.626953125 0.1201171875 0.060546875
0 0.61474609375 0.02685546875 0.0947265625 0.0498046875
0 0.96142578125 0.63916015625 0.0771484375 0.0595703125
0 0.95703125 0.21044921875 0.080078125 0.0927734375
0 0.0224609375 0.80224609375 0.044921875 0.0595703125
0 0.01708984375 0.69140625 0.0341796875 0.123046875
0 0.05908203125 0.90966796875 0.0654296875 0.0771484375
0 0.1181640625 0.537109375 0.072265625 0.10546875
0 0.978515625 0.53857421875 0.04296875 0.0478515625
0 0.806640625 0.2734375 0.158203125 0.068359375
