0 0.193359375 0.22509765625 0.15234375 0.0673828125
0 0.06103515625 0.14990234375 0.1220703125 0.0849609375
0 0.02587890625 0.4404296875 0.0517578125 0.0546875
0 0.24072265625 0.119140625 0.1376953125 0.080078125
0 0.10693359375 0.0634765625 0.1650390625 0.08203125
0 0.80224609375 0.3486328125 0.1552734375 0.0625
0 0.81494140625 0.2294921875 0.1201171875 0.05078125
0 0.97265625 0.2275390625 0.052734375 0.072265625
0 0.67822265625 0.51708984375 0.1220703125 0.0556640625
0 0.84326171875 0.40576171875 0.1533203125 0.0732421875
0 0.7333984375 0.24072265625 0.1171875 0.0732421875
0 0.96044921875 0.125 0.0791015625 0.052734375
0 0.20458984375 0.04833984375 0.1142578125 0.0771484375
0 0.91064453125 0.0263671875 0.1552734375 0.046875
0 0.9599609375 0.283203125 0.080078125 0.052734375
0 0.84423828125 0.2919921875 0.1103515625 0.0546875
