0 0.3330078125 0.43310546875 0.1171875 0.0830078125
0 0.34619140625 0.01953125 0.1474609375 0.0390625
0 0.18701171875 0.3369140625 0.1142578125 0.099609375
0 0.5654296875 0.009765625 0.142578125 0.01953125
0 0.40478515625 0.669921875 0.0849609375 0.080078125
0 0.7060546875 0.06591796875 0.09765625 0.0927734375
0 0.18212890625 0.68359375 0.0654296875 0.0625
0 0.9404296875 0.66552734375 0.107421875 0.0771484375
0 0.9248046875 0.0810546875 0.107421875 0.099609375
0 0.53857421875 0.6259765625 0.1376953125 0.142578125
0 0.39892578125 0.5166015625 0.1318359375 0.072265625
0 0.11083984375 0.6259765625 0.0673828125 0.08203125
0 0.97216796875 0.59716796875 0.0556640625 0.0693359375
0 0.947265625 0.49951171875 0.10546875 0.0791015625
0 0.78955078125 0.07080078125 0.1298828125 0.1123046875
0 0.23193359375 0.17724609375 0.1103515625 0.0947265625
0 0.2080078125 0.96240234375 0.134765625 0.0751953125
0 0.10791015625 0.873046875 0.1025390625 0.072265625
0 0.25341796875 0.9072265625 0.0927734375 0.0703125
0 0.58935546875 0.97607421875 0.0751953125 0.0478515625
0 0.435546875 0.49658203125 0.12890625 0.0595703125
0 0.77099609375 0.98486328125 0.0830078125 0.0302734375
0 0.91552734375 0.9169921875 0.1435546875 0.0625
0 0.85693359375 0.70849609375 0.1396484375 0.0771484375
0 0.9287109375 0.4306640625 0.142578125 0.072265625
