0 0.11376953125 0.45947265625 0.1123046875 0.0791015625
0 0.0361328125 0.5791015625 0.072265625 0.080078125
0 0.9697265625 0.70458984375 0.060546875 0.0966796875
0 0.169921875 0.03662109375 0.087890625 0.0732421875
0 0.330078125 0.021484375 0.078125 0.04296875
0 0.501953125 0.10302734375 0.138671875 0.0751953125
0 0.4775390625 0.24365234375 0.095703125 0.0791015625
0 0.431640625 0.30029296875 0.060546875 0.0673828125
0 0.41845703125 0.3935546875 0.0654296875 0.08984375
0 0.5078125 0.42822265625 0.068359375 0.0888671875
0 0.55224609375 0.361328125 0.0771484375 0.0859375
0 0.71435546875 0.4267578125 0.0869140625 0.07421875
0 0.669921875 0.494140625 0.076171875 0.0625
0 0.6279296875 0.54248046875 0.087890625 0.0771484375
0 0.76513671875 0.62158203125 0.0986328125 0.0908203125
0 0.572265625 0.70751953125 0.1015625 0.0966796875
0 0.78173828125 0.794921875 0.1357421875 0.109375
0 0.87353515625 0.91552734375 0.0986328125 0.0791015625
0 0.34619140625 0.52392578125 0.0810546875 0.0771484375
0 0.3134765625 0.44775390625 0.08984375 0.0693359375
0 0.21435546875 0.142578125 0.0595703125 0.087890625
0 0.26611328125 0.8603515625 0.1025390625 0.06640625
0 0.42333984375 0.75341796875 0.0869140625 0.1064453125
0 0.4765625 0.8701171875 0.080078125 0.048828125
0 0.576171875 0.90966796875 0.06640625 0.0615234375
0 0.66748046875 0.90283203125 0.0673828125 0.0615234375
0 0.7587890625 0.9794921875 0.0859375 0.041015625
0 0.828125 0.37158203125 0.072265625 0.0654296875
0 0.8056640625 0.48486328125 0.05078125 0.0732421875
0 0.8857421875 0.59814453125 0.07421875 0.1181640625
0 0.9482421875 0.53369140625 0.0546875 0.0498046875
0 0.96337890625 0.4013671875 0.0732421875 0.080078125
0 0.89208984375 0.46484375 0.1044921875 0.064453125
0 0.95556640625 0.28662109375 0.0888671875 0.0908203125
0 0.93017578125 0.14697265625 0.0634765625 0.0673828125
0 0.966796875 0.0673828125 0.06640625 0.064453125
0 0.8515625 0.0390625 0.09765625 0.07421875
0 0.75048828125 0.0673828125 0.0908203125 0.083984375
0 0.70458984375 0.14306640625 0.1376953125 0.0830078125
0 0.0849609375 0.3935546875 0.0625 0.048828125
