0 0.96923828125 0.23046875 0.0615234375 0.083984375
0 0.31689453125 0.07958984375 0.0927734375 0.0888671875
0 0.544921875 0.09423828125 0.056640625 0.0654296875
0 0.6162109375 0.06982421875 0.0859375 0.0986328125
0 0.767578125 0.07958984375 0.091796875 0.0654296875
0 0.8828125 0.06103515625 0.09375 0.0869140625
0 0.107421875 0.1689453125 0.083984375 0.0703125
0 0.123046875 0.25 0.07421875 0.0625
0 0.23681640625 0.2822265625 0.1005859375 0.064453125
0 0.37451171875 0.34423828125 0.0615234375 0.0830078125
0 0.494140625 0.3212890625 0.064453125 0.080078125
0 0.5625 0.34619140625 0.06640625 0.1083984375
0 0.623046875 0.34814453125 0.083984375 0.0849609375
0 0.4375 0.2451171875 0.1328125 0.05859375
0 0.4326171875 0.1875 0.076171875 0.056640625
0 0.10791015625 0.5498046875 0.0732421875 0.05078125
0 0.2216796875 0.52294921875 0.080078125 0.0634765625
0 0.4296875 0.59130859375 0.087890625 0.0517578125
0 0.46533203125 0.564453125 0.0556640625 0.044921875
0 0.171875 0.68896484375 0.05859375 0.0810546875
0 0.0302734375 0.67431640625 0.060546875 0.0615234375
0 0.17041015625 0.79931640625 0.0810546875 0.0869140625
0 0.23095703125 0.77197265625 0.0615234375 0.0615234375
0 0.3046875 0.70458984375 0.07421875 0.0908203125
0 0.33740234375 0.8291015625 0.0908203125 0.10546875
0 0.48779296875 0.93115234375 0.0732421875 0.1357421875
0 0.7373046875 0.7822265625 0.072265625 0.08203125
0 0.38720703125 0.70068359375 0.0732421875 0.0498046875
0 0.9326171875 0.53955078125 0.068359375 0.0966796875
0 0.96630859375 0.60693359375 0.0673828125 0.0634765625
0 0.7763671875 0.6298828125 0.072265625 0.1015625
0 0.74169921875 0.494140625 0.0751953125 0.056640625
0 0.78369140625 0.30810546875 0.0576171875 0.0693359375
0 0.876953125 0.314453125 0.076171875 0.05859375
0 0.9462890625 0.8251953125 0.068359375 0.0546875
0 0.96630859375 0.919921875 0.0673828125 0.06640625
0 0.79443359375 0.193359375 0.0810546875 0.07421875
0 0.7392578125 0.87841796875 0.076171875 0.0693359375
0 0.07958984375 0.78173828125 0.0576171875 0.0615234375
0 0.404296875 0.96240234375 0.05859375 0.0576171875
0 0.111328125 0.70849609375 0.048828125 0.0654296875
0 0.70751953125 0.62646484375 0.0498046875 0.0654296875
0 0.345703125 0.38671875 0.083984375 0.056640625
0 0.40185546875 0.6591796875 0.0634765625 0.046875
0 0.46875 0.7666015625 0.103515625 0.064453125
0 0.8251953125 0.654296875 0.05078125 0.056640625
0 0.078125 0.11474609375 0.0703125 0.0673828125
