0 0.94482421875 0.98193359375 0.0810546875 0.0322265625
0 0.51025390625 0.1416015625 0.0849609375 0.037109375
0 0.01904296875 0.392578125 0.0380859375 0.05078125
0 0.5576171875 0.24365234375 0.04296875 0.0517578125
0 0.66650390625 0.16748046875 0.0517578125 0.0517578125
0 0.73583984375 0.93994140625 0.0947265625 0.0498046875
0 0.7666015625 0.1044921875 0.052734375 0.056640625
0 0.97705078125 0.67138671875 0.0439453125 0.0380859375
0 0.107421875 0.48828125 0.05078125 0.052734375
0 0.49658203125 0.58056640625 0.0947265625 0.0537109375
0 0.3017578125 0.08154296875 0.046875 0.0986328125
0 0.841796875 0.34033203125 0.09765625 0.0634765625
0 0.591796875 0.0693359375 0.095703125 0.0625
0 0.62451171875 0.04931640625 0.1005859375 0.0869140625
0 0.177734375 0.57275390625 0.08984375 0.0517578125
0 0.1455078125 0.54736328125 0.044921875 0.1279296875
0 0.201171875 0.87353515625 0.087890625 0.0673828125
0 0.3642578125 0.142578125 0.115234375 0.041015625
0 0.5361328125 0.57470703125 0.1015625 0.0966796875
0 0.79150390625 0.0380859375 0.0537109375 0.07421875
0 0.26025390625 0.45556640625 0.1240234375 0.0517578125
0 0.5908203125 0.36669921875 0.115234375 0.0791015625
0 0.685546875 0.646484375 0.044921875 0.04296875
0 0.71142578125 0.51318359375 0.0771484375 0.0791015625
0 0.50048828125 0.16748046875 0.0673828125 0.0341796875
0 0.5810546875 0.12451171875 0.083984375 0.0693359375
0 0.0908203125 0.91748046875 0.09375 0.0810546875
0 0.53271484375 0.88671875 0.0908203125 0.056640625
0 0.03125 0.9658203125 0.05859375 0.044921875
0 0.86767578125 0.9697265625 0.0419921875 0.044921875
0 0.9697265625 0.12353515625 0.060546875 0.0654296875
0 0.21533203125 0.09033203125 0.0791015625 0.0634765625
0 0.43701171875 0.685546875 0.0830078125 0.05859375
0 0.29443359375 0.6123046875 0.1064453125 0.046875
0 0.6357421875 0.6591796875 0.08203125 0.029296875
0 0.806640625 0.93798828125 0.09765625 0.1025390625
0 0.2470703125 0.68408203125 0.0703125 0.0810546875
0 0.861328125 0.7041015625 0.060546875 0.072265625
0 0.23876953125 0.07861328125 0.0830078125 0.0673828125
0 0.197265625 0.4560546875 0.08203125 0.037109375
0 0.29248046875 0.505859375 0.0576171875 0.08984375
0 0.05859375 0.23388671875 0.115234375 0.0751953125
0 0.0576171875 0.6572265625 0.0625 0.0703125
0 0.1513671875 0.27001953125 0.087890625 0.0751953125
0 0.81689453125 0.66259765625 0.1103515625 0.0615234375
0 0.43359375 0.4921875 0.064453125 0.115234375
0 0.3447265625 0.6015625 0.111328125 0.0625
0 0.013671875 0.2490234375 0.025390625 0.04296875
0 0.02490234375 0.57568359375 0.0498046875 0.0458984375
0 0.80029296875 0.37939453125 0.0986328125 0.0556640625
0 0.95947265625 0.4453125 0.0400390625 0.087890625
0 0.03857421875 0.6943359375 0.0634765625 0.0390625
0 0.396484375 0.5400390625 0.09375 0.052734375
0 0.35595703125 0.9130859375 0.0634765625 0.05859375
0 0.05517578125 0.78564453125 0.1103515625 0.1181640625
0 0.57421875 0.56689453125 0.095703125 0.1103515625
0 0.0302734375 0.8935546875 0.060546875 0.076171875
0 0.6826171875 0.7080078125 0.1015625 0.06640625
0 0.83935546875 0.28369140625 0.0771484375 0.0791015625
0 0.39013671875 0.0185546875 0.0263671875 0.037109375
0 0.43359375 0.64501953125 0.072265625 0.0439453125
0 0.93115234375 0.015625 0.0283203125 0.03125
0 0.9931640625 0.01318359375 0.013671875 0.0263671875
0 0.4306640625 0.3349609375 0.060546875 0.064453125
0 0.92431640625 0.9541015625 0.0712890625 0.02734375
0 0.345703125 0.83447265625 0.06640625 0.0947265625
0 0.263671875 0.62890625 0.0859375 0.0546875
0 0.70556640625 0.58447265625 0.0693359375 0.0810546875
0 0.9619140625 0.59521484375 0.07421875 0.0634765625
0 0.20751953125 0.98193359375 0.1904296875 0.0341796875
0 0.23974609375 0.9697265625 0.0751953125 0.0390625
0 0.7880859375 0.58837890625 0.109375 0.0458984375
0 0.86083984375 0.56005859375 0.0869140625 0.0732421875
0 0.8251953125 0.5 0.060546875 0.056640625
0 0.82666015625 0.779296875 0.0830078125 0.12109375
0 0.47265625 0.1005859375 0.048828125 0.044921875
0 0.58740234375 0.27099609375 0.0556640625 0.0810546875
0 0.08349609375 0.36328125 0.1201171875 0.095703125
0 0.1318359375 0.84423828125 0.048828125 0.0595703125
0 0.189453125 0.8193359375 0.06640625 0.0859375
0 0.96826171875 0.0419921875 0.0634765625 0.052734375
0 0.53564453125 0.06982421875 0.0693359375 0.0673828125
0 0.16357421875 0.15283203125 0.0712890625 0.0673828125
0 0.6337890625 0.98046875 0.072265625 0.03515625
0 0.96728515625 0.72119140625 0.0556640625 0.0498046875
0 0.1826171875 0.68603515625 0.0625 0.0615234375
