0 0.54443359375 0.79296875 0.0712890625 0.05078125
0 0.7080078125 0.27001953125 0.046875 0.0673828125
0 0.98486328125 0.66455078125 0.0302734375 0.0908203125
0 0.79443359375 0.32373046875 0.0498046875 0.0712890625
0 0.36572265625 0.85107421875 0.0888671875 0.0517578125
0 0.2080078125 0.31884765625 0.109375 0.0751953125
0 0.09423828125 0.61669921875 0.1064453125 0.0927734375
0 0.8173828125 0.564453125 0.03515625 0.037109375
0 0.08984375 0.41259765625 0.119140625 0.1005859375
0 0.25341796875 0.015625 0.1201171875 0.03125
0 0.53271484375 0.8916015625 0.0732421875 0.142578125
0 0.13623046875 0.59423828125 0.1142578125 0.0908203125
0 0.0947265625 0.0546875 0.076171875 0.05859375
0 0.12158203125 0.53857421875 0.0673828125 0.0458984375
0 0.18212890625 0.19970703125 0.0732421875 0.0361328125
0 0.87548828125 0.46044921875 0.0693359375 0.0341796875
0 0.9033203125 0.10693359375 0.083984375 0.0654296875
0 0.2080078125 0.73095703125 0.123046875 0.0576171875
0 0.10302734375 0.763671875 0.1201171875 0.07421875
0 0.91748046875 0.361328125 0.0556640625 0.095703125
0 0.498046875 0.9580078125 0.05078125 0.083984375
0 0.90673828125 0.87890625 0.0712890625 0.046875
0 0.3056640625 0.1220703125 0.09375 0.0546875
0 0.81201171875 0.46875 0.0673828125 0.0390625
0 0.2197265625 0.9375 0.099609375 0.05859375
0 0.51513671875 0.431640625 0.0927734375 0.068359375
0 0.44287109375 0.21728515625 0.0751953125 0.0576171875
0 0.35595703125 0.0224609375 0.0458984375 0.044921875
0 0.4580078125 0.3701171875 0.0859375 0.078125
0 0.07421875 0.81640625 0.125 0.0390625
0 0.72412109375 0.05712890625 0.0439453125 0.0615234375
0 0.7978515625 0.01904296875 0.033203125 0.0380859375
0 0.01220703125 0.28662109375 0.0244140625 0.0419921875
0 0.087890625 0.79638671875 0.091796875 0.0439453125
0 0.75732421875 0.7265625 0.0498046875 0.05078125
0 0.2138671875 0.5732421875 0.099609375 0.044921875
0 0.349609375 0.77978515625 0.056640625 0.0615234375
0 0.6650390625 0.3583984375 0.09375 0.060546875
0 0.77978515625 0.15869140625 0.0595703125 0.0439453125
0 0.94970703125 0.91796875 0.0810546875 0.037109375
0 0.16650390625 0.41845703125 0.0478515625 0.0361328125
0 0.6767578125 0.3837890625 0.09375 0.064453125
0 0.771484375 0.4990234375 0.076171875 0.046875
0 0.22119140625 0.17138671875 0.0966796875 0.0556640625
0 0.34619140625 0.98486328125 0.0654296875 0.0283203125
0 0.30810546875 0.86669921875 0.1259765625 0.0556640625
0 0.30859375 0.9931640625 0.04296875 0.013671875
0 0.9873046875 0.1513671875 0.025390625 0.05859375
0 0.0849609375 0.34521484375 0.103515625 0.0576171875
0 0.259765625 0.4755859375 0.0859375 0.037109375
0 0.05908203125 0.86669921875 0.0947265625 0.0576171875
0 0.5576171875 0.11474609375 0.072265625 0.0400390625
0 0.6650390625 0.068359375 0.046875 0.041015625
0 0.81201171875 0.2685546875 0.0537109375 0.046875
0 0.0146484375 0.17529296875 0.029296875 0.0732421875
0 0.744140625 0.49267578125 0.07421875 0.0693359375
0 0.8603515625 0.79638671875 0.044921875 0.0458984375
0 0.9375 0.6865234375 0.083984375 0.03125
0 0.45751953125 0.98095703125 0.0576171875 0.0380859375
0 0.255859375 0.04150390625 0.0546875 0.0517578125
0 0.9609375 0.32177734375 0.078125 0.0927734375
0 0.15771484375 0.37841796875 0.0478515625 0.0458984375
0 0.77001953125 0.19287109375 0.0712890625 0.0419921875
0 0.67431640625 0.48388671875 0.0791015625 0.0419921875
0 0.19970703125 0.79931640625 0.0869140625 0.0498046875
0 0.93994140625 0.81787109375 0.0537109375 0.0458984375
0 0.865234375 0.83935546875 0.06640625 0.0419921875
0 0.93994140625 0.734375 0.0751953125 0.07421875
0 0.96044921875 0.66748046875 0.0576171875 0.1025390625
0 0.2314453125 0.6357421875 0.076171875 0.064453125
0 0.8466796875 0.017578125 0.04296875 0.03515625
0 0.67236328125 0.20361328125 0.0576171875 0.0322265625
0 0.46728515625 0.69287109375 0.0732421875 0.0947265625
0 0.708984375 0.98876953125 0.046875 0.0224609375
0 0.6591796875 0.6787109375 0.068359375 0.1015625
0 0.9658203125 0.90185546875 0.0625 0.0673828125
0 0.51220703125 0.7353515625 0.0380859375 0.0390625
0 0.17822265625 0.671875 0.0830078125 0.052734375
0 0.32080078125 0.404296875 0.1083984375 0.052734375
0 0.23095703125 0.43994140625 0.1044921875 0.0517578125
0 0.01806640625 0.4775390625 0.0361328125 0.041015625
0 0.244140625 0.28076171875 0.05078125 0.0615234375
0 0.2548828125 0.2724609375 0.056640625 0.078125
0 0.1552734375 0.31884765625 0.1171875 0.1396484375
