0 0.06396484375 0.0205078125 0.0615234375 0.041015625
0 0.52099609375 0.181640625 0.1376953125 0.111328125
0 0.123046875 0.17919921875 0.150390625 0.0556640625
0 0.23388671875 0.2001953125 0.0771484375 0.080078125
0 0.2509765625 0.28515625 0.1015625 0.091796875
0 0.037109375 0.3505859375 0.07421875 0.0703125
0 0.06103515625 0.44775390625 0.0830078125 0.0830078125
0 0.1884765625 0.46826171875 0.0859375 0.0615234375
0 0.13525390625 0.44921875 0.0888671875 0.080078125
0 0.41650390625 0.5693359375 0.1005859375 0.07421875
0 0.6025390625 0.32666015625 0.064453125 0.0732421875
0 0.7568359375 0.5107421875 0.091796875 0.0859375
0 0.53076171875 0.61474609375 0.0634765625 0.0888671875
0 0.66455078125 0.61376953125 0.0791015625 0.0712890625
0 0.71875 0.6767578125 0.123046875 0.0703125
0 0.712890625 0.74462890625 0.056640625 0.0654296875
0 0.6630859375 0.77734375 0.08203125 0.0703125
0 0.0380859375 0.77783203125 0.05078125 0.0654296875
0 0.31884765625 0.81640625 0.1044921875 0.07421875
0 0.40185546875 0.826171875 0.0595703125 0.064453125
0 0.30615234375 0.8955078125 0.0673828125 0.083984375
0 0.23828125 0.97314453125 0.068359375 0.0537109375
0 0.40771484375 0.94482421875 0.0751953125 0.1083984375
0 0.474609375 0.94580078125 0.072265625 0.0771484375
0 0.58984375 0.9541015625 0.099609375 0.0703125
0 0.67724609375 0.94775390625 0.0810546875 0.0791015625
0 0.765625 0.89111328125 0.0859375 0.0634765625
0 0.94580078125 0.87744140625 0.1083984375 0.0673828125
0 0.875 0.8720703125 0.060546875 0.076171875
0 0.94091796875 0.97412109375 0.0576171875 0.0517578125
0 0.87158203125 0.56884765625 0.0966796875 0.1513671875
0 0.88037109375 0.42431640625 0.0634765625 0.0654296875
0 0.96044921875 0.34423828125 0.0791015625 0.0712890625
0 0.85205078125 0.3076171875 0.1142578125 0.05859375
0 0.9638671875 0.197265625 0.072265625 0.126953125
0 0.86328125 0.03955078125 0.080078125 0.0791015625
0 0.857421875 0.685546875 0.078125 0.072265625
0 0.94580078125 0.8798828125 0.0791015625 0.111328125
