0 0.44287109375 0.7490234375 0.0810546875 0.09375
0 0.04248046875 0.38427734375 0.0830078125 0.0732421875
0 0.28369140625 0.8623046875 0.1259765625 0.068359375
0 0.42333984375 0.50244140625 0.1142578125 0.0478515625
0 0.599609375 0.7314453125 0.052734375 0.080078125
0 0.56201171875 0.77392578125 0.1064453125 0.0537109375
0 0.1826171875 0.29833984375 0.11328125 0.0908203125
0 0.10595703125 0.05078125 0.0771484375 0.08203125
0 0.2705078125 0.06787109375 0.130859375 0.0869140625
0 0.96533203125 0.3994140625 0.0693359375 0.123046875
0 0.1474609375 0.88232421875 0.125 0.0634765625
0 0.7099609375 0.341796875 0.09375 0.0625
0 0.423828125 0.3828125 0.087890625 0.068359375
0 0.74267578125 0.134765625 0.1083984375 0.068359375
0 0.18017578125 0.1435546875 0.1376953125 0.04296875
0 0.89453125 0.32568359375 0.09765625 0.0361328125
0 0.7578125 0.0146484375 0.080078125 0.029296875
0 0.86962890625 0.74267578125 0.0869140625 0.0576171875
0 0.044921875 0.4990234375 0.0859375 0.060546875
0 0.08447265625 0.10888671875 0.0771484375 0.1279296875
0 0.89697265625 0.689453125 0.1064453125 0.08984375
0 0.25 0.115234375 0.07421875 0.06640625
0 0.36669921875 0.2919921875 0.1298828125 0.0625
0 0.76220703125 0.400390625 0.1279296875 0.046875
0 0.1962890625 0.6015625 0.11328125 0.033203125
0 0.58740234375 0.03662109375 0.0556640625 0.0537109375
0 0.47802734375 0.38623046875 0.0849609375 0.0537109375
0 0.71044921875 0.818359375 0.0849609375 0.03515625
0 0.9716796875 0.97021484375 0.056640625 0.0478515625
0 0.87890625 0.80322265625 0.11328125 0.0986328125
0 0.53125 0.2392578125 0.072265625 0.07421875
0 0.2265625 0.73193359375 0.166015625 0.0419921875
0 0.13330078125 0.759765625 0.1708984375 0.05078125
0 0.43701171875 0.4716796875 0.0751953125 0.05078125
0 0.15283203125 0.3876953125 0.1630859375 0.087890625
0 0.494140625 0.98486328125 0.12109375 0.0302734375
0 0.9248046875 0.984375 0.080078125 0.03125
0 0.4072265625 0.61572265625 0.197265625 0.0615234375
0 0.77978515625 0.9248046875 0.1396484375 0.0390625
0 0.9169921875 0.927734375 0.06640625 0.0390625
0 0.9052734375 0.2373046875 0.12109375 0.1015625
0 0.525390625 0.02392578125 0.07421875 0.0478515625
0 0.39306640625 0.68310546875 0.1220703125 0.0380859375
0 0.494140625 0.81005859375 0.173828125 0.0517578125
0 0.08837890625 0.6787109375 0.0810546875 0.0546875
0 0.70947265625 0.1484375 0.0849609375 0.041015625
0 0.033203125 0.68212890625 0.06640625 0.0341796875
0 0.18896484375 0.849609375 0.1201171875 0.041015625
0 0.3544921875 0.33935546875 0.0625 0.0634765625
0 0.02734375 0.0478515625 0.052734375 0.033203125
0 0.1318359375 0.66015625 0.12890625 0.044921875
0 0.0419921875 0.62353515625 0.072265625 0.0830078125
0 0.513671875 0.25390625 0.08984375 0.0546875
0 0.6279296875 0.70361328125 0.0390625 0.0556640625
0 0.822265625 0.67578125 0.06640625 0.029296875
0 0.046875 0.25146484375 0.09375 0.0361328125
0 0.02880859375 0.32568359375 0.0576171875 0.0419921875
0 0.126953125 0.78173828125 0.095703125 0.0322265625
0 0.9423828125 0.74609375 0.083984375 0.044921875
0 0.02783203125 0.12158203125 0.0556640625 0.0400390625
