0 0.1787109375 0.3232421875 0.08984375 0.0625
0 0.9697265625 0.3857421875 0.060546875 0.068359375
0 0.7421875 0.2939453125 0.103515625 0.06640625
0 0.14892578125 0.423828125 0.1044921875 0.130859375
0 0.55419921875 0.33984375 0.0830078125 0.072265625
0 0.39013671875 0.2998046875 0.0908203125 0.046875
0 0.55810546875 0.2890625 0.1259765625 0.072265625
0 0.33349609375 0.947265625 0.1357421875 0.068359375
0 0.181640625 0.8359375 0.138671875 0.05078125
0 0.1455078125 0.72314453125 0.134765625 0.0517578125
0 0.40283203125 0.42626953125 0.0673828125 0.0712890625
0 0.48291015625 0.228515625 0.0966796875 0.033203125
0 0.90234375 0.75830078125 0.08203125 0.0458984375
0 0.30322265625 0.6572265625 0.0908203125 0.0625
0 0.46728515625 0.0830078125 0.1357421875 0.0546875
0 0.63818359375 0.08740234375 0.0849609375 0.0458984375
0 0.49169921875 0.85107421875 0.1435546875 0.0361328125
0 0.82080078125 0.05322265625 0.0908203125 0.0439453125
0 0.74755859375 0.16064453125 0.0888671875 0.0498046875
0 0.80517578125 0.1220703125 0.0517578125 0.080078125
0 0.16943359375 0.52490234375 0.1220703125 0.1298828125
0 0.6181640625 0.18359375 0.078125 0.044921875
0 0.546875 0.14599609375 0.115234375 0.0400390625
0 0.3017578125 0.02001953125 0.0703125 0.0380859375
0 0.88916015625 0.4521484375 0.0986328125 0.041015625
0 0.07861328125 0.88623046875 0.1025390625 0.0478515625
0 0.2255859375 0.38134765625 0.12890625 0.0283203125
0 0.68212890625 0.3818359375 0.0673828125 0.033203125
0 0.60498046875 0.41943359375 0.1923828125 0.0537109375
0 0.13232421875 0.24853515625 0.0732421875 0.0478515625
0 0.46533203125 0.4111328125 0.0966796875 0.0390625
0 0.28515625 0.15478515625 0.1015625 0.0419921875
0 0.97119140625 0.78125 0.0576171875 0.0390625
0 0.91064453125 0.47802734375 0.0966796875 0.0341796875
0 0.63623046875 0.53564453125 0.0966796875 0.0380859375
0 0.37646484375 0.1142578125 0.0908203125 0.05078125
0 0.4228515625 0.76416015625 0.10546875 0.0341796875
0 0.34619140625 0.86376953125 0.1123046875 0.0341796875
0 0.09130859375 0.7607421875 0.0751953125 0.03125
0 0.9775390625 0.958984375 0.044921875 0.041015625
0 0.4638671875 0.37939453125 0.09375 0.0322265625
0 0.8203125 0.6474609375 0.076171875 0.04296875
0 0.62060546875 0.60546875 0.0908203125 0.03125
0 0.4306640625 0.72314453125 0.11328125 0.0400390625
0 0.93505859375 0.91015625 0.0771484375 0.03515625
0 0.28369140625 0.80322265625 0.1259765625 0.0419921875
0 0.05078125 0.119140625 0.099609375 0.021484375
0 0.16845703125 0.798828125 0.1162109375 0.033203125
0 0.92529296875 0.06591796875 0.0966796875 0.0537109375
0 0.12060546875 0.60205078125 0.1201171875 0.0341796875
0 0.3564453125 0.45947265625 0.134765625 0.0322265625
0 0.43505859375 0.69482421875 0.0869140625 0.0458984375
0 0.04052734375 0.84326171875 0.0810546875 0.0302734375
0 0.47216796875 0.82763671875 0.0693359375 0.0283203125
0 0.4267578125 0.736328125 0.119140625 0.02734375
0 0.47607421875 0.4775390625 0.0869140625 0.03515625
0 0.857421875 0.7138671875 0.0625 0.033203125
0 0.53515625 0.9873046875 0.06640625 0.021484375
0 0.84423828125 0.88525390625 0.0888671875 0.0302734375
0 0.8125 0.841796875 0.06640625 0.03515625
0 0.21533203125 0.41015625 0.0849609375 0.029296875
0 0.0654296875 0.38623046875 0.115234375 0.0380859375
0 0.03076171875 0.91943359375 0.0615234375 0.0263671875
0 0.59228515625 0.5 0.1220703125 0.037109375
0 0.5390625 0.71044921875 0.142578125 0.0517578125
0 0.02294921875 0.6875 0.0439453125 0.025390625
0 0.26123046875 0.44921875 0.0986328125 0.03515625
0 0.20263671875 0.47802734375 0.1103515625 0.0322265625
0 0.05859375 0.41455078125 0.11328125 0.0244140625
0 0.65478515625 0.57421875 0.1083984375 0.03125
0 0.9052734375 0.04345703125 0.0703125 0.0322265625
0 0.0458984375 0.119140625 0.07421875 0.08203125
0 0.4111328125 0.1591796875 0.08984375 0.048828125
0 0.6865234375 0.50244140625 0.10546875 0.0556640625
0 0.47021484375 0.45703125 0.0810546875 0.02734375
0 0.04638671875 0.87890625 0.0908203125 0.06640625
0 0.767578125 0.44580078125 0.052734375 0.0419921875
0 0.0791015625 0.478515625 0.0625 0.041015625
0 0.06591796875 0.2724609375 0.0830078125 0.044921875
