0 0.33251953125 0.03955078125 0.0791015625 0.0791015625
0 0.02783203125 0.115234375 0.0537109375 0.07421875
0 0.35107421875 0.15185546875 0.1259765625 0.0712890625
0 0.33544921875 0.2197265625 0.0673828125 0.064453125
0 0.2373046875 0.3134765625 0.068359375 0.087890625
0 0.181640625 0.40283203125 0.10546875 0.1123046875
0 0.31494140625 0.42041015625 0.0595703125 0.0654296875
0 0.37255859375 0.40869140625 0.0810546875 0.0771484375
0 0.392578125 0.31787109375 0.080078125 0.0888671875
0 0.5107421875 0.384765625 0.109375 0.068359375
0 0.54443359375 0.212890625 0.0830078125 0.09765625
0 0.51708984375 0.12451171875 0.0751953125 0.0751953125
0 0.525390625 0.03125 0.107421875 0.0625
0 0.43896484375 0.021484375 0.0634765625 0.04296875
0 0.7265625 0.0380859375 0.048828125 0.076171875
0 0.82568359375 0.1044921875 0.0615234375 0.068359375
0 0.7578125 0.25634765625 0.078125 0.1083984375
0 0.31005859375 0.509765625 0.0986328125 0.0703125
0 0.2373046875 0.51953125 0.05859375 0.056640625
0 0.037109375 0.65185546875 0.068359375 0.0732421875
0 0.201171875 0.6396484375 0.0625 0.068359375
0 0.26220703125 0.6767578125 0.0712890625 0.078125
0 0.486328125 0.57763671875 0.09375 0.0478515625
0 0.45458984375 0.61865234375 0.0947265625 0.0439453125
0 0.48828125 0.7216796875 0.09375 0.091796875
0 0.58251953125 0.8056640625 0.0751953125 0.1015625
0 0.625 0.89501953125 0.087890625 0.0673828125
0 0.54931640625 0.9365234375 0.0693359375 0.09765625
0 0.91748046875 0.91259765625 0.0693359375 0.0673828125
0 0.81689453125 0.75341796875 0.0576171875 0.0869140625
0 0.88232421875 0.7802734375 0.0869140625 0.08203125
0 0.841796875 0.6826171875 0.060546875 0.05859375
0 0.7158203125 0.6474609375 0.076171875 0.068359375
0 0.68212890625 0.53857421875 0.1181640625 0.0888671875
0 0.75341796875 0.52685546875 0.0673828125 0.0751953125
0 0.86767578125 0.54736328125 0.0595703125 0.0517578125
0 0.97216796875 0.6181640625 0.0556640625 0.07421875
0 0.974609375 0.33837890625 0.05078125 0.0849609375
0 0.9853515625 0.15869140625 0.029296875 0.0791015625
0 0.95751953125 0.03515625 0.0849609375 0.0703125
0 0.0703125 0.79296875 0.060546875 0.072265625
0 0.90869140625 0.65283203125 0.0556640625 0.0673828125
0 0.5927734375 0.4990234375 0.056640625 0.060546875
