0 0.43798828125 0.955078125 0.1083984375 0.064453125
0 0.55810546875 0.9033203125 0.1123046875 0.091796875
0 0.568359375 0.8076171875 0.119140625 0.12890625
0 0.58154296875 0.751953125 0.1142578125 0.09375
0 0.6708984375 0.869140625 0.072265625 0.087890625
0 0.6044921875 0.67041015625 0.064453125 0.0654296875
0 0.72509765625 0.65234375 0.0947265625 0.10546875
0 0.48828125 0.60693359375 0.07421875 0.0732421875
0 0.4072265625 0.5810546875 0.119140625 0.06640625
0 0.439453125 0.4609375 0.107421875 0.060546875
0 0.380859375 0.39453125 0.1328125 0.09375
0 0.04296875 0.30419921875 0.0859375 0.1025390625
0 0.27197265625 0.142578125 0.0830078125 0.123046875
0 0.30810546875 0.2607421875 0.1123046875 0.103515625
0 0.5576171875 0.28955078125 0.072265625 0.0986328125
0 0.53759765625 0.404296875 0.0693359375 0.072265625
0 0.685546875 0.474609375 0.08203125 0.1328125
0 0.7431640625 0.43408203125 0.076171875 0.0615234375
0 0.7421875 0.3662109375 0.0625 0.068359375
0 0.822265625 0.50390625 0.0859375 0.11328125
0 0.767578125 0.25146484375 0.099609375 0.0986328125
0 0.86572265625 0.19775390625 0.0595703125 0.1103515625
0 0.97314453125 0.40771484375 0.0537109375 0.0849609375
0 0.93408203125 0.45361328125 0.0693359375 0.0986328125
0 0.90869140625 0.55615234375 0.0654296875 0.1123046875
0 0.943359375 0.650390625 0.06640625 0.103515625
0 0.9306640625 0.8779296875 0.138671875 0.123046875
0 0.875 0.9697265625 0.064453125 0.060546875
0 0.9228515625 0.36279296875 0.07421875 0.0810546875
0 0.6025390625 0.46337890625 0.072265625 0.0615234375
0 0.671875 0.90625 0.078125 0.0625
