0 0.076171875 0.12353515625 0.0546875 0.0908203125
0 0.1025390625 0.32373046875 0.0625 0.0830078125
0 0.29296875 0.2216796875 0.072265625 0.099609375
0 0.703125 0.66064453125 0.072265625 0.1044921875
0 0.203125 0.81494140625 0.076171875 0.0673828125
0 0.95703125 0.74462890625 0.07421875 0.0849609375
0 0.01904296875 0.66943359375 0.0380859375 0.0810546875
0 0.05810546875 0.6943359375 0.0693359375 0.08203125
0 0.1865234375 0.67041015625 0.05859375 0.0771484375
0 0.697265625 0.9462890625 0.052734375 0.107421875
0 0.55126953125 0.03759765625 0.0556640625 0.0751953125
0 0.69580078125 0.8671875 0.0556640625 0.11328125
0 0.962890625 0.1728515625 0.07421875 0.07421875
0 0.189453125 0.37939453125 0.080078125 0.1083984375
0 0.2451171875 0.26611328125 0.0546875 0.0771484375
0 0.86962890625 0.0849609375 0.0654296875 0.07421875
0 0.03564453125 0.15283203125 0.0615234375 0.0673828125
0 0.298828125 0.75146484375 0.056640625 0.0771484375
0 0.73046875 0.154296875 0.06640625 0.1015625
0 0.6494140625 0.4033203125 0.046875 0.087890625
0 0.724609375 0.03125 0.029296875 0.0625
0 0.24462890625 0.08447265625 0.0595703125 0.1123046875
0 0.8828125 0.81201171875 0.03515625 0.0888671875
0 0.97802734375 0.45947265625 0.0439453125 0.0693359375
0 0.5859375 0.86376953125 0.083984375 0.0849609375
0 0.82958984375 0.5126953125 0.0576171875 0.056640625
0 0.63525390625 0.9736328125 0.0439453125 0.052734375
0 0.43603515625 0.71630859375 0.0654296875 0.0576171875
0 0.05859375 0.03076171875 0.076171875 0.0419921875
0 0.02294921875 0.35107421875 0.0458984375 0.0654296875
0 0.2080078125 0.62890625 0.048828125 0.080078125
0 0.357421875 0.6669921875 0.060546875 0.0625
0 0.7978515625 0.5849609375 0.0703125 0.064453125
0 0.36669921875 0.0771484375 0.0595703125 0.05078125
0 0.67041015625 0.34326171875 0.0478515625 0.0830078125
0 0.5126953125 0.25830078125 0.037109375 0.0849609375
0 0.779296875 0.67431640625 0.052734375 0.0986328125
0 0.19775390625 0.21533203125 0.0478515625 0.0791015625
0 0.79150390625 0.3486328125 0.0498046875 0.083984375
0 0.380859375 0.248046875 0.060546875 0.068359375
0 0.302734375 0.4775390625 0.078125 0.060546875
0 0.6103515625 0.29638671875 0.05078125 0.1103515625
0 0.17919921875 0.52880859375 0.0654296875 0.0478515625
0 0.373046875 0.96533203125 0.05078125 0.0283203125
0 0.71875 0.5419921875 0.048828125 0.08203125
0 0.12060546875 0.55029296875 0.0888671875 0.0498046875
0 0.97802734375 0.12158203125 0.0400390625 0.0810546875
0 0.39453125 0.8671875 0.046875 0.0625
0 0.056640625 0.224609375 0.0546875 0.037109375
0 0.97998046875 0.6826171875 0.0400390625 0.041015625
0 0.447265625 0.7763671875 0.05859375 0.03125
0 0.583984375 0.443359375 0.0625 0.044921875
0 0.58544921875 0.501953125 0.0361328125 0.06640625
0 0.943359375 0.08544921875 0.08203125 0.1240234375
0 0.3740234375 0.615234375 0.05078125 0.083984375
0 0.91162109375 0.94482421875 0.0693359375 0.0419921875
0 0.92138671875 0.32275390625 0.0478515625 0.0751953125
0 0.1611328125 0.19140625 0.05078125 0.037109375
0 0.87255859375 0.6328125 0.0517578125 0.072265625
0 0.70458984375 0.24560546875 0.0439453125 0.0791015625
0 0.3125 0.57958984375 0.0546875 0.0673828125
0 0.14404296875 0.09033203125 0.0439453125 0.0400390625
0 0.41748046875 0.24951171875 0.0498046875 0.0419921875
0 0.7412109375 0.45263671875 0.029296875 0.0849609375
0 0.970703125 0.017578125 0.0390625 0.033203125
0 0.95361328125 0.98583984375 0.0654296875 0.0283203125
0 0.12744140625 0.91943359375 0.0380859375 0.0322265625
0 0.7607421875 0.4970703125 0.064453125 0.06640625
0 0.896484375 0.68017578125 0.0546875 0.0478515625
0 0.2861328125 0.845703125 0.04296875 0.048828125
0 0.7802734375 0.978515625 0.041015625 0.04296875
0 0.9814453125 0.8779296875 0.037109375 0.044921875
0 0.46630859375 0.8466796875 0.0517578125 0.05078125
0 0.76220703125 0.31103515625 0.0830078125 0.0302734375
0 0.8388671875 0.02685546875 0.0390625 0.0537109375
0 0.6728515625 0.49560546875 0.03125 0.0537109375
0 0.6708984375 0.1826171875 0.052734375 0.048828125
0 0.94384765625 0.63134765625 0.0595703125 0.0341796875
0 0.1494140625 0.00634765625 0.0390625 0.0126953125
0 0.56396484375 0.26220703125 0.0537109375 0.0517578125
0 0.216796875 0.7197265625 0.08203125 0.037109375
0 0.2421875 0.77734375 0.072265625 0.052734375
0 0.353515625 0.0244140625 0.080078125 0.04296875
0 0.8017578125 0.02099609375 0.0546875 0.0419921875
0 0.154296875 0.85693359375 0.08203125 0.0478515625
0 0.09716796875 0.9853515625 0.0888671875 0.029296875
0 0.67236328125 0.958984375 0.0634765625 0.052734375
0 0.7392578125 0.78271484375 0.07421875 0.0693359375
0 0.76953125 0.8291015625 0.072265625 0.044921875
