0 0.1513671875 0.74169921875 0.134765625 0.0927734375
0 0.53125 0.81396484375 0.169921875 0.0869140625
0 0.23193359375 0.86376953125 0.0830078125 0.0791015625
0 0.2255859375 0.9208984375 0.08984375 0.0703125
0 0.0859375 0.8291015625 0.119140625 0.05859375
0 0.0859375 0.90185546875 0.091796875 0.0732421875
0 0.10791015625 0.78466796875 0.0732421875 0.0498046875
0 0.31005859375 0.59521484375 0.0947265625 0.0615234375
0 0.38037109375 0.69140625 0.1044921875 0.060546875
0 0.46337890625 0.73291015625 0.1220703125 0.1025390625
0 0.78466796875 0.75146484375 0.1162109375 0.0869140625
0 0.8955078125 0.72119140625 0.12890625 0.0693359375
0 0.876953125 0.61669921875 0.0859375 0.0869140625
0 0.68017578125 0.56787109375 0.1005859375 0.0771484375
0 0.5224609375 0.53662109375 0.130859375 0.0791015625
0 0.71337890625 0.40771484375 0.0849609375 0.1298828125
0 0.7607421875 0.37255859375 0.083984375 0.1201171875
0 0.771484375 0.27490234375 0.08984375 0.1142578125
0 0.80224609375 0.1650390625 0.0966796875 0.15625
0 0.96630859375 0.27197265625 0.0673828125 0.1123046875
0 0.974609375 0.3583984375 0.05078125 0.19140625
0 0.66943359375 0.78369140625 0.0712890625 0.0810546875
0 0.5146484375 0.97314453125 0.05859375 0.0537109375
0 0.73828125 0.95751953125 0.056640625 0.0849609375
0 0.69873046875 0.9736328125 0.1123046875 0.052734375
0 0.82080078125 0.8505859375 0.1162109375 0.1015625
0 0.85107421875 0.94140625 0.0986328125 0.06640625
0 0.0498046875 0.04541015625 0.083984375 0.0908203125
0 0.0224609375 0.521484375 0.044921875 0.056640625
0 0.09423828125 0.25830078125 0.1083984375 0.0712890625
0 0.08349609375 0.33056640625 0.0732421875 0.1064453125
0 0.1923828125 0.43115234375 0.05859375 0.0908203125
0 0.15869140625 0.40087890625 0.0537109375 0.1181640625
0 0.32177734375 0.36767578125 0.0556640625 0.0673828125
0 0.3056640625 0.2470703125 0.109375 0.15234375
0 0.189453125 0.18359375 0.09375 0.099609375
0 0.06005859375 0.19384765625 0.0908203125 0.0810546875
0 0.337890625 0.05322265625 0.076171875 0.1064453125
0 0.53125 0.2275390625 0.083984375 0.08984375
0 0.6123046875 0.0849609375 0.080078125 0.1484375
0 0.6982421875 0.04150390625 0.0625 0.0830078125
0 0.1826171875 0.03857421875 0.0546875 0.0771484375
0 0.2255859375 0.06201171875 0.05078125 0.0947265625
0 0.40087890625 0.87890625 0.0634765625 0.064453125
0 0.50439453125 0.79931640625 0.0849609375 0.1142578125
