0 0.02685546875 0.1201171875 0.0537109375 0.06640625
0 0.1435546875 0.234375 0.083984375 0.072265625
0 0.1416015625 0.45361328125 0.1328125 0.0947265625
0 0.283203125 0.28369140625 0.08984375 0.0673828125
0 0.029296875 0.736328125 0.05078125 0.056640625
0 0.12158203125 0.65576171875 0.0927734375 0.0712890625
0 0.255859375 0.6767578125 0.0625 0.0703125
0 0.35400390625 0.69580078125 0.0830078125 0.0732421875
0 0.4375 0.71240234375 0.1015625 0.0791015625
0 0.54541015625 0.701171875 0.0712890625 0.08203125
0 0.5302734375 0.939453125 0.0703125 0.0859375
0 0.73583984375 0.8251953125 0.0751953125 0.076171875
0 0.77294921875 0.70361328125 0.0654296875 0.0654296875
0 0.83349609375 0.72705078125 0.0654296875 0.0654296875
0 0.84423828125 0.63623046875 0.0771484375 0.1123046875
0 0.95751953125 0.66455078125 0.0673828125 0.0576171875
0 0.9697265625 0.7314453125 0.060546875 0.0625
0 0.95703125 0.78564453125 0.0859375 0.0751953125
0 0.93310546875 0.4619140625 0.0595703125 0.0546875
0 0.5703125 0.31591796875 0.130859375 0.0576171875
0 0.60498046875 0.26513671875 0.0634765625 0.0458984375
0 0.478515625 0.17724609375 0.056640625 0.0693359375
0 0.4111328125 0.0693359375 0.056640625 0.07421875
0 0.5869140625 0.15869140625 0.111328125 0.1044921875
0 0.66455078125 0.10595703125 0.0927734375 0.1005859375
0 0.78857421875 0.24658203125 0.0517578125 0.0556640625
0 0.93896484375 0.11572265625 0.0732421875 0.0751953125
0 0.96533203125 0.3203125 0.0693359375 0.06640625
