0 0.302734375 0.0166015625 0.109375 0.033203125
0 0.48681640625 0.0263671875 0.1044921875 0.052734375
0 0.33154296875 0.0810546875 0.0732421875 0.06640625
0 0.61279296875 0.0380859375 0.0791015625 0.076171875
0 0.859375 0.064453125 0.1015625 0.08203125
0 0.77880859375 0.126953125 0.0712890625 0.0703125
0 0.82470703125 0.208984375 0.0751953125 0.07421875
0 0.509765625 0.17724609375 0.109375 0.0712890625
0 0.580078125 0.15380859375 0.076171875 0.0712890625
0 0.623046875 0.236328125 0.0703125 0.05859375
0 0.5361328125 0.28125 0.14453125 0.0546875
0 0.41845703125 0.34521484375 0.1025390625 0.0771484375
0 0.41943359375 0.1787109375 0.0986328125 0.080078125
0 0.3583984375 0.19384765625 0.0703125 0.0771484375
0 0.275390625 0.1806640625 0.1171875 0.064453125
0 0.20703125 0.20654296875 0.1171875 0.0615234375
0 0.046875 0.15673828125 0.09375 0.0673828125
0 0.45556640625 0.4462890625 0.0712890625 0.078125
0 0.5283203125 0.36328125 0.0546875 0.037109375
0 0.63134765625 0.35888671875 0.0634765625 0.0478515625
0 0.67626953125 0.296875 0.0986328125 0.08203125
0 0.728515625 0.32373046875 0.068359375 0.0556640625
0 0.84912109375 0.3017578125 0.0791015625 0.072265625
0 0.9130859375 0.31640625 0.064453125 0.060546875
0 0.7978515625 0.431640625 0.068359375 0.060546875
0 0.876953125 0.5185546875 0.0703125 0.05859375
0 0.37939453125 0.6015625 0.1220703125 0.0546875
0 0.0419921875 0.568359375 0.083984375 0.072265625
0 0.03076171875 0.4814453125 0.0615234375 0.068359375
0 0.2197265625 0.2744140625 0.078125 0.0625
0 0.16943359375 0.33203125 0.0654296875 0.041015625
0 0.21435546875 0.34814453125 0.0732421875 0.0712890625
0 0.1650390625 0.4130859375 0.09375 0.064453125
0 0.5517578125 0.646484375 0.08984375 0.046875
0 0.51513671875 0.80712890625 0.1162109375 0.0751953125
0 0.671875 0.74658203125 0.123046875 0.0615234375
0 0.306640625 0.876953125 0.0859375 0.0703125
0 0.337890625 0.9609375 0.087890625 0.078125
0 0.13330078125 0.8330078125 0.1474609375 0.123046875
0 0.41162109375 0.8203125 0.0673828125 0.109375
0 0.50537109375 0.7158203125 0.1240234375 0.064453125
0 0.908203125 0.77978515625 0.05859375 0.1455078125
0 0.97705078125 0.7041015625 0.0458984375 0.09765625
0 0.896484375 0.9638671875 0.099609375 0.072265625
0 0.79443359375 0.93408203125 0.0634765625 0.0576171875
0 0.9755859375 0.9755859375 0.048828125 0.048828125
0 0.94873046875 0.06689453125 0.0634765625 0.0556640625
0 0.64208984375 0.97705078125 0.0908203125 0.0458984375
0 0.33447265625 0.3984375 0.0673828125 0.072265625
0 0.23193359375 0.978515625 0.1083984375 0.04296875
