0 0.79931640625 0.83349609375 0.2001953125 0.0771484375
0 0.35205078125 0.3359375 0.1396484375 0.078125
0 0.57958984375 0.54833984375 0.0908203125 0.0732421875
0 0.9091796875 0.1044921875 0.115234375 0.08984375
0 0.40576171875 0.87939453125 0.1474609375 0.1298828125
0 0.0859375 0.54736328125 0.078125 0.0751953125
0 0.2333984375 0.1572265625 0.072265625 0.10546875
0 0.3369140625 0.81298828125 0.134765625 0.0576171875
0 0.59716796875 0.45849609375 0.1044921875 0.0830078125
0 0.7607421875 0.99853515625 0.072265625 0.0029296875
0 0.08837890625 0.4208984375 0.0771484375 0.091796875
0 0.0908203125 0.60791015625 0.056640625 0.0673828125
0 0.5341796875 0.9599609375 0.08984375 0.080078125
0 0.796875 0.3994140625 0.10546875 0.134765625
0 0.08349609375 0.70166015625 0.0927734375 0.0849609375
0 0.51318359375 0.19677734375 0.1123046875 0.1298828125
0 0.92822265625 0.72802734375 0.0732421875 0.1025390625
0 0.15625 0.8232421875 0.0625 0.078125
0 0.7119140625 0.97216796875 0.095703125 0.0556640625
0 0.80078125 0.751953125 0.1171875 0.099609375
0 0.193359375 0.7685546875 0.107421875 0.052734375
0 0.30322265625 0.61474609375 0.0732421875 0.0595703125
0 0.49609375 0.71728515625 0.15234375 0.1552734375
0 0.8720703125 0.44677734375 0.0546875 0.0849609375
0 0.81591796875 0.2744140625 0.1123046875 0.109375
0 0.30322265625 0.5283203125 0.1025390625 0.126953125
0 0.9169921875 0.35107421875 0.154296875 0.1025390625
0 0.65087890625 0.03955078125 0.2431640625 0.0751953125
0 0.3681640625 0.494140625 0.107421875 0.08984375
0 0.15185546875 0.89306640625 0.0751953125 0.0771484375
0 0.37744140625 0.14794921875 0.1298828125 0.1474609375
0 0.01611328125 0.46875 0.0322265625 0.099609375
0 0.75439453125 0.67578125 0.2197265625 0.087890625
0 0.70849609375 0.2333984375 0.2626953125 0.20703125
0 0.65966796875 0.76220703125 0.0751953125 0.0654296875
0 0.94189453125 0.8095703125 0.1044921875 0.060546875
0 0.4560546875 0.123046875 0.15234375 0.107421875
0 0.37451171875 0.2431640625 0.0791015625 0.072265625
0 0.14599609375 0.029296875 0.0673828125 0.0546875
0 0.76806640625 0.0234375 0.1572265625 0.04296875
0 0.79296875 0.94580078125 0.0625 0.0419921875
0 0.37548828125 0.11181640625 0.1572265625 0.1201171875
0 0.06689453125 0.92236328125 0.1337890625 0.0595703125
0 0.3505859375 0.037109375 0.1171875 0.0703125
0 0.912109375 0.38720703125 0.064453125 0.0498046875
0 0.02978515625 0.515625 0.0595703125 0.0546875
0 0.90185546875 0.3017578125 0.1103515625 0.044921875
0 0.6943359375 0.73193359375 0.08984375 0.0498046875
0 0.8193359375 0.76953125 0.0703125 0.05078125
0 0.96826171875 0.9736328125 0.0576171875 0.052734375
0 0.85302734375 0.7421875 0.0322265625 0.044921875
0 0.86181640625 0.68212890625 0.0400390625 0.0693359375
0 0.51318359375 0.953125 0.0380859375 0.046875
