0 0.140625 0.09130859375 0.083984375 0.0908203125
0 0.0537109375 0.591796875 0.0625 0.052734375
0 0.05908203125 0.75537109375 0.0869140625 0.0830078125
0 0.18896484375 0.7412109375 0.0771484375 0.07421875
0 0.46875 0.8466796875 0.078125 0.0859375
0 0.45361328125 0.69287109375 0.0634765625 0.0615234375
0 0.58349609375 0.7529296875 0.1279296875 0.0625
0 0.68505859375 0.79931640625 0.0576171875 0.0712890625
0 0.78955078125 0.67919921875 0.0771484375 0.0693359375
0 0.7861328125 0.74365234375 0.072265625 0.0595703125
0 0.87158203125 0.72265625 0.0947265625 0.076171875
0 0.9677734375 0.34375 0.064453125 0.064453125
0 0.77490234375 0.33740234375 0.0732421875 0.0634765625
0 0.89111328125 0.15283203125 0.0654296875 0.0712890625
0 0.84228515625 0.06982421875 0.0732421875 0.0673828125
0 0.69287109375 0.0947265625 0.0771484375 0.0859375
0 0.55224609375 0.4306640625 0.1005859375 0.076171875
0 0.451171875 0.34130859375 0.076171875 0.0849609375
0 0.5078125 0.28466796875 0.072265625 0.0869140625
0 0.4951171875 0.216796875 0.0546875 0.052734375
0 0.31689453125 0.31787109375 0.0888671875 0.0712890625
0 0.205078125 0.2177734375 0.0859375 0.060546875
0 0.232421875 0.15673828125 0.083984375 0.0673828125
0 0.048828125 0.2900390625 0.09765625 0.064453125
0 0.033203125 0.38134765625 0.06640625 0.0947265625
