0 0.2001953125 0.771484375 0.076171875 0.06640625
0 0.10791015625 0.4853515625 0.0908203125 0.046875
0 0.86865234375 0.46630859375 0.0634765625 0.0615234375
0 0.6083984375 0.18994140625 0.068359375 0.0771484375
0 0.64794921875 0.451171875 0.0791015625 0.046875
0 0.13134765625 0.1455078125 0.1123046875 0.0625
0 0.1201171875 0.2275390625 0.0703125 0.064453125
0 0.0205078125 0.51806640625 0.041015625 0.0302734375
0 0.42578125 0.28515625 0.07421875 0.046875
0 0.595703125 0.72412109375 0.080078125 0.0458984375
0 0.3916015625 0.44970703125 0.11328125 0.0634765625
0 0.4208984375 0.1787109375 0.072265625 0.0625
0 0.087890625 0.77978515625 0.091796875 0.0537109375
0 0.4248046875 0.92431640625 0.107421875 0.0458984375
0 0.7412109375 0.53466796875 0.078125 0.0693359375
0 0.34228515625 0.13427734375 0.0927734375 0.0537109375
0 0.6201171875 0.13818359375 0.068359375 0.0419921875
0 0.24365234375 0.126953125 0.0810546875 0.056640625
0 0.36767578125 0.84716796875 0.0888671875 0.0419921875
0 0.96435546875 0.3837890625 0.0693359375 0.04296875
0 0.3916015625 0.63232421875 0.078125 0.0439453125
0 0.30712890625 0.1826171875 0.0830078125 0.06640625
0 0.73583984375 0.82568359375 0.0732421875 0.0576171875
0 0.265625 0.013671875 0.08203125 0.02734375
0 0.5771484375 0.265625 0.072265625 0.037109375
0 0.9208984375 0.59130859375 0.08203125 0.0556640625
0 0.04541015625 0.9814453125 0.0908203125 0.037109375
0 0.20458984375 0.9384765625 0.0673828125 0.04296875
0 0.74609375 0.57421875 0.078125 0.041015625
0 0.30126953125 0.6494140625 0.0810546875 0.03515625
0 0.86669921875 0.9208984375 0.1123046875 0.046875
0 0.5361328125 0.5654296875 0.0703125 0.046875
0 0.66357421875 0.32177734375 0.0673828125 0.0439453125
0 0.79150390625 0.17626953125 0.0537109375 0.0498046875
0 0.1865234375 0.5986328125 0.11328125 0.052734375
0 0.9140625 0.62060546875 0.08203125 0.0419921875
0 0.9189453125 0.83056640625 0.076171875 0.0439453125
0 0.03857421875 0.54443359375 0.0771484375 0.0419921875
0 0.05322265625 0.82177734375 0.1064453125 0.0458984375
0 0.357421875 0.541015625 0.091796875 0.05078125
0 0.0283203125 0.93310546875 0.056640625 0.0361328125
0 0.05029296875 0.4599609375 0.0478515625 0.03515625
0 0.39453125 0.52392578125 0.056640625 0.0263671875
0 0.98291015625 0.93408203125 0.0341796875 0.0458984375
0 0.91162109375 0.26708984375 0.0556640625 0.0517578125
0 0.07568359375 0.9130859375 0.0927734375 0.04296875
0 0.13916015625 0.89697265625 0.0849609375 0.0361328125
0 0.96337890625 0.4677734375 0.0732421875 0.060546875
0 0.41455078125 0.79931640625 0.1044921875 0.0556640625
0 0.162109375 0.21533203125 0.04296875 0.0322265625
0 0.5361328125 0.328125 0.09375 0.0390625
0 0.85546875 0.57861328125 0.05859375 0.0341796875
0 0.029296875 0.46826171875 0.05859375 0.0576171875
0 0.275390625 0.95703125 0.080078125 0.041015625
0 0.5927734375 0.82421875 0.072265625 0.046875
0 0.7578125 0.8701171875 0.095703125 0.056640625
0 0.0341796875 0.71484375 0.0546875 0.0234375
0 0.0234375 0.67431640625 0.046875 0.0751953125
0 0.96630859375 0.990234375 0.0615234375 0.01953125
0 0.3779296875 0.98046875 0.083984375 0.0390625
0 0.89404296875 0.27294921875 0.0478515625 0.0341796875
0 0.298828125 0.5361328125 0.115234375 0.06640625
0 0.04833984375 0.302734375 0.0966796875 0.0546875
0 0.92724609375 0.087890625 0.0615234375 0.064453125
0 0.8798828125 0.63818359375 0.0625 0.0556640625
0 0.96435546875 0.48779296875 0.0673828125 0.0361328125
0 0.9189453125 0.95068359375 0.044921875 0.0322265625
