0 0.02392578125 0.28759765625 0.0478515625 0.0439453125
0 0.05810546875 0.1865234375 0.0927734375 0.04296875
0 0.0673828125 0.22802734375 0.099609375 0.0556640625
0 0.18310546875 0.240234375 0.1494140625 0.05078125
0 0.298828125 0.1875 0.138671875 0.052734375
0 0.1328125 0.1181640625 0.083984375 0.044921875
0 0.1982421875 0.16943359375 0.0703125 0.1123046875
0 0.0302734375 0.0068359375 0.060546875 0.013671875
0 0.388671875 0.021484375 0.048828125 0.04296875
0 0.47021484375 0.13623046875 0.0673828125 0.0751953125
0 0.4423828125 0.25439453125 0.064453125 0.0595703125
0 0.24365234375 0.3212890625 0.0654296875 0.05078125
0 0.103515625 0.337890625 0.046875 0.09765625
0 0.0908203125 0.44482421875 0.056640625 0.0517578125
0 0.14208984375 0.4375 0.0439453125 0.04296875
0 0.154296875 0.46923828125 0.0859375 0.0478515625
0 0.03466796875 0.53173828125 0.0693359375 0.0654296875
0 0.03076171875 0.58154296875 0.0615234375 0.0537109375
0 0.08837890625 0.63671875 0.0908203125 0.076171875
0 0.0234375 0.71240234375 0.046875 0.0830078125
0 0.08154296875 0.75146484375 0.0615234375 0.0654296875
0 0.1845703125 0.71484375 0.087890625 0.04296875
0 0.2412109375 0.63623046875 0.087890625 0.0498046875
0 0.36328125 0.607421875 0.048828125 0.083984375
0 0.28955078125 0.466796875 0.0986328125 0.044921875
0 0.3828125 0.39453125 0.080078125 0.05078125
0 0.33935546875 0.36572265625 0.0498046875 0.0400390625
0 0.10107421875 0.84521484375 0.0732421875 0.0615234375
0 0.02294921875 0.85302734375 0.0458984375 0.0693359375
0 0.31298828125 0.8935546875 0.0576171875 0.08203125
0 0.23974609375 0.8330078125 0.0498046875 0.091796875
0 0.1669921875 0.7802734375 0.08203125 0.060546875
0 0.3076171875 0.77392578125 0.068359375 0.0595703125
0 0.3681640625 0.76220703125 0.064453125 0.0458984375
0 0.42822265625 0.61474609375 0.0556640625 0.0634765625
0 0.47216796875 0.4775390625 0.0478515625 0.07421875
0 0.5087890625 0.3857421875 0.048828125 0.072265625
0 0.5546875 0.35400390625 0.07421875 0.0576171875
0 0.6806640625 0.27880859375 0.119140625 0.0556640625
0 0.64306640625 0.14404296875 0.1123046875 0.0537109375
0 0.65576171875 0.03759765625 0.0869140625 0.0751953125
0 0.97265625 0.13232421875 0.048828125 0.0849609375
0 0.77294921875 0.216796875 0.0947265625 0.060546875
0 0.77490234375 0.1708984375 0.0478515625 0.052734375
0 0.58203125 0.4404296875 0.0625 0.07421875
0 0.5634765625 0.48193359375 0.119140625 0.0439453125
0 0.650390625 0.48681640625 0.083984375 0.0771484375
0 0.74951171875 0.32666015625 0.1142578125 0.0830078125
0 0.86962890625 0.384765625 0.0615234375 0.046875
0 0.7783203125 0.462890625 0.099609375 0.0859375
0 0.78271484375 0.3974609375 0.1044921875 0.048828125
0 0.43115234375 0.67138671875 0.1064453125 0.0634765625
0 0.4326171875 0.8798828125 0.068359375 0.11328125
0 0.4853515625 0.8935546875 0.052734375 0.052734375
0 0.48828125 0.9365234375 0.05859375 0.046875
0 0.54541015625 0.86181640625 0.0634765625 0.0771484375
0 0.578125 0.6943359375 0.08203125 0.10546875
0 0.80029296875 0.71826171875 0.0615234375 0.0576171875
0 0.75732421875 0.755859375 0.0771484375 0.06640625
0 0.8193359375 0.6005859375 0.083984375 0.0546875
0 0.74072265625 0.56298828125 0.1005859375 0.0400390625
0 0.8271484375 0.52099609375 0.1171875 0.0869140625
0 0.9755859375 0.6064453125 0.046875 0.05859375
0 0.96484375 0.68359375 0.0703125 0.056640625
0 0.71337890625 0.8134765625 0.0966796875 0.072265625
0 0.56201171875 0.76806640625 0.0791015625 0.0458984375
0 0.640625 0.78369140625 0.048828125 0.0673828125
0 0.65380859375 0.94287109375 0.0615234375 0.0595703125
0 0.64013671875 0.884765625 0.0693359375 0.068359375
0 0.71826171875 0.92041015625 0.0634765625 0.0693359375
0 0.8564453125 0.822265625 0.080078125 0.060546875
0 0.947265625 0.8603515625 0.10546875 0.083984375
0 0.96630859375 0.81396484375 0.0673828125 0.0400390625
0 0.28564453125 0.3984375 0.0361328125 0.033203125
0 0.60205078125 0.81005859375 0.0439453125 0.0400390625
0 0.666015625 0.83837890625 0.04296875 0.0419921875
0 0.55712890625 0.60498046875 0.0439453125 0.0498046875
0 0.6611328125 0.314453125 0.08203125 0.08984375
0 0.46337890625 0.6826171875 0.1298828125 0.033203125
0 0.2080078125 0.8544921875 0.041015625 0.060546875
0 0.92041015625 0.927734375 0.0576171875 0.05859375
0 0.6689453125 0.53955078125 0.083984375 0.0498046875
