0 0.953125 0.9736328125 0.08984375 0.052734375
0 0.90576171875 0.7177734375 0.1025390625 0.115234375
0 0.47314453125 0.64208984375 0.1123046875 0.1279296875
0 0.7333984375 0.880859375 0.087890625 0.126953125
0 0.49072265625 0.88525390625 0.1201171875 0.1279296875
0 0.509765625 0.4892578125 0.08984375 0.080078125
0 0.55224609375 0.9697265625 0.0849609375 0.060546875
0 0.32763671875 0.615234375 0.0810546875 0.095703125
0 0.38232421875 0.23974609375 0.1650390625 0.1494140625
0 0.83837890625 0.8857421875 0.0732421875 0.072265625
0 0.158203125 0.83935546875 0.115234375 0.1103515625
0 0.71240234375 0.59814453125 0.1650390625 0.1474609375
0 0.92578125 0.49072265625 0.095703125 0.1962890625
0 0.65966796875 0.41455078125 0.1396484375 0.1591796875
0 0.37548828125 0.52294921875 0.0849609375 0.0830078125
0 0.9638671875 0.3232421875 0.072265625 0.17578125
0 0.35693359375 0.92431640625 0.0654296875 0.0595703125
0 0.8193359375 0.251953125 0.0703125 0.109375
0 0.0771484375 0.359375 0.1328125 0.177734375
0 0.951171875 0.0380859375 0.09765625 0.072265625
0 0.77197265625 0.974609375 0.0654296875 0.05078125
0 0.61669921875 0.22998046875 0.1201171875 0.0615234375
0 0.037109375 0.07177734375 0.0703125 0.1396484375
0 0.0302734375 0.216796875 0.056640625 0.099609375
0 0.0556640625 0.4970703125 0.107421875 0.119140625
0 0.05078125 0.70068359375 0.09765625 0.1123046875
0 0.8935546875 0.32470703125 0.072265625 0.2255859375
0 0.33837890625 0.2880859375 0.0732421875 0.103515625
0 0.8623046875 0.51806640625 0.0859375 0.1357421875
0 0.96435546875 0.2236328125 0.0693359375 0.099609375
0 0.83642578125 0.6650390625 0.0771484375 0.07421875
0 0.6064453125 0.10791015625 0.09375 0.1025390625
0 0.02685546875 0.3828125 0.0537109375 0.091796875
