0 0.8212890625 0.24072265625 0.05859375 0.1201171875
0 0.5107421875 0.53466796875 0.091796875 0.1103515625
0 0.08349609375 0.49951171875 0.1552734375 0.0849609375
0 0.76318359375 0.0322265625 0.0654296875 0.064453125
0 0.02490234375 0.52099609375 0.0498046875 0.1064453125
0 0.2314453125 0.26220703125 0.103515625 0.1044921875
0 0.53076171875 0.19384765625 0.0751953125 0.1611328125
0 0.9052734375 0.92919921875 0.11328125 0.0478515625
0 0.041015625 0.2294921875 0.08203125 0.048828125
0 0.3544921875 0.267578125 0.0625 0.072265625
0 0.83935546875 0.3603515625 0.1201171875 0.060546875
0 0.75341796875 0.927734375 0.0595703125 0.1328125
0 0.30810546875 0.60546875 0.0869140625 0.142578125
0 0.13134765625 0.66796875 0.1357421875 0.0625
0 0.55126953125 0.38720703125 0.0693359375 0.0478515625
0 0.13330078125 0.2275390625 0.1298828125 0.048828125
0 0.6337890625 0.9697265625 0.0546875 0.060546875
0 0.91552734375 0.0615234375 0.0712890625 0.0703125
0 0.1533203125 0.044921875 0.142578125 0.064453125
0 0.412109375 0.24072265625 0.076171875 0.1201171875
0 0.9111328125 0.08544921875 0.109375 0.0732421875
0 0.21044921875 0.4931640625 0.1123046875 0.095703125
0 0.61572265625 0.2099609375 0.1337890625 0.16015625
0 0.9287109375 0.22705078125 0.080078125 0.0810546875
0 0.171875 0.15673828125 0.087890625 0.0419921875
0 0.681640625 0.78759765625 0.12109375 0.0380859375
0 0.681640625 0.16845703125 0.10546875 0.0732421875
0 0.36669921875 0.234375 0.0966796875 0.07421875
0 0.69482421875 0.7353515625 0.0673828125 0.06640625
0 0.1103515625 0.61181640625 0.154296875 0.0869140625
0 0.0576171875 0.8955078125 0.115234375 0.072265625
0 0.03369140625 0.60205078125 0.0673828125 0.0751953125
0 0.95703125 0.9033203125 0.0859375 0.05859375
0 0.68896484375 0.5615234375 0.0556640625 0.052734375
0 0.169921875 0.7236328125 0.072265625 0.09375
0 0.56396484375 0.83056640625 0.0654296875 0.0576171875
0 0.552734375 0.87939453125 0.052734375 0.1357421875
0 0.5107421875 0.01953125 0.0859375 0.037109375
0 0.373046875 0.89501953125 0.11328125 0.0576171875
0 0.2255859375 0.0986328125 0.046875 0.076171875
0 0.99462890625 0.35205078125 0.0107421875 0.0205078125
0 0.9140625 0.982421875 0.044921875 0.03515625
0 0.02197265625 0.0341796875 0.0439453125 0.05859375
0 0.8427734375 0.82470703125 0.068359375 0.0400390625
0 0.61767578125 0.68701171875 0.0595703125 0.0595703125
0 0.9716796875 0.27490234375 0.056640625 0.0224609375
0 0.90869140625 0.1748046875 0.1337890625 0.03125
0 0.77978515625 0.67138671875 0.0732421875 0.0615234375
0 0.1708984375 0.9853515625 0.146484375 0.029296875
0 0.8671875 0.7236328125 0.064453125 0.0546875
0 0.84521484375 0.65185546875 0.1025390625 0.0361328125
0 0.63525390625 0.65185546875 0.0478515625 0.0439453125
0 0.32470703125 0.904296875 0.1220703125 0.07421875
0 0.7998046875 0.1689453125 0.072265625 0.0234375
0 0.27685546875 0.01318359375 0.0419921875 0.0263671875
0 0.2421875 0.6953125 0.12890625 0.0546875
0 0.36669921875 0.9755859375 0.1259765625 0.048828125
0 0.10595703125 0.7119140625 0.0849609375 0.0390625
0 0.03271484375 0.63720703125 0.0634765625 0.0283203125
0 0.9580078125 0.7158203125 0.083984375 0.037109375
0 0.24951171875 0.9140625 0.1513671875 0.041015625
0 0.0244140625 0.15234375 0.048828125 0.046875
0 0.78759765625 0.7646484375 0.0849609375 0.037109375
0 0.95751953125 0.86083984375 0.0849609375 0.0400390625
0 0.34033203125 0.7568359375 0.0615234375 0.03515625
0 0.28662109375 0.97802734375 0.1162109375 0.0439453125
0 0.3330078125 0.021484375 0.056640625 0.04296875
