0 0.3828125 0.9794921875 0.130859375 0.041015625
0 0.1025390625 0.98046875 0.083984375 0.0390625
0 0.021484375 0.9306640625 0.04296875 0.11328125
0 0.0185546875 0.6904296875 0.037109375 0.06640625
0 0.22900390625 0.7880859375 0.0673828125 0.052734375
0 0.537109375 0.8232421875 0.134765625 0.083984375
0 0.41748046875 0.82958984375 0.0595703125 0.0595703125
0 0.71533203125 0.9404296875 0.0712890625 0.0859375
0 0.89111328125 0.93798828125 0.0810546875 0.1240234375
0 0.90283203125 0.8349609375 0.0791015625 0.068359375
0 0.3369140625 0.6904296875 0.115234375 0.0859375
0 0.28125 0.57080078125 0.083984375 0.0634765625
0 0.044921875 0.30810546875 0.0703125 0.1064453125
0 0.14697265625 0.32275390625 0.0615234375 0.0732421875
0 0.23046875 0.37841796875 0.076171875 0.0732421875
0 0.24609375 0.4658203125 0.072265625 0.068359375
0 0.33837890625 0.4384765625 0.0791015625 0.072265625
0 0.45849609375 0.3349609375 0.1044921875 0.09375
0 0.41259765625 0.35595703125 0.0576171875 0.0615234375
0 0.61083984375 0.3359375 0.0771484375 0.068359375
0 0.31640625 0.2255859375 0.08203125 0.06640625
0 0.361328125 0.1689453125 0.060546875 0.044921875
0 0.3701171875 0.08251953125 0.0703125 0.0673828125
0 0.326171875 0.10693359375 0.0625 0.0595703125
0 0.189453125 0.1796875 0.09375 0.07421875
0 0.01953125 0.115234375 0.0390625 0.056640625
0 0.0107421875 0.203125 0.021484375 0.05859375
0 0.73291015625 0.1865234375 0.0673828125 0.064453125
0 0.81640625 0.18603515625 0.083984375 0.0576171875
0 0.73046875 0.42236328125 0.095703125 0.0751953125
0 0.880859375 0.3798828125 0.064453125 0.06640625
0 0.9140625 0.36865234375 0.08203125 0.0693359375
0 0.896484375 0.27099609375 0.05859375 0.0517578125
0 0.96044921875 0.26708984375 0.0791015625 0.0595703125
0 0.9560546875 0.177734375 0.087890625 0.0625
0 0.78955078125 0.60107421875 0.1005859375 0.1162109375
0 0.7890625 0.69580078125 0.123046875 0.0810546875
0 0.92041015625 0.599609375 0.1103515625 0.07421875
0 0.93212890625 0.76025390625 0.1259765625 0.0810546875
0 0.5615234375 0.5869140625 0.076171875 0.029296875
