0 0.85302734375 0.14892578125 0.0751953125 0.1005859375
0 0.8251953125 0.80615234375 0.076171875 0.0791015625
0 0.94921875 0.529296875 0.0546875 0.083984375
0 0.87060546875 0.416015625 0.0654296875 0.09765625
0 0.98388671875 0.44873046875 0.0322265625 0.1064453125
0 0.9013671875 0.568359375 0.068359375 0.076171875
0 0.92529296875 0.15576171875 0.0498046875 0.0830078125
0 0.046875 0.4365234375 0.0703125 0.10546875
0 0.1689453125 0.5224609375 0.12890625 0.0859375
0 0.439453125 0.37109375 0.08984375 0.10546875
0 0.63720703125 0.07958984375 0.0517578125 0.0751953125
0 0.6240234375 0.86279296875 0.083984375 0.0751953125
0 0.57470703125 0.10888671875 0.0654296875 0.0751953125
0 0.0390625 0.5009765625 0.078125 0.05859375
0 0.69775390625 0.630859375 0.0595703125 0.09765625
0 0.59130859375 0.37939453125 0.1123046875 0.0478515625
0 0.07861328125 0.07470703125 0.1181640625 0.0888671875
0 0.6083984375 0.6513671875 0.05859375 0.07421875
0 0.2470703125 0.8681640625 0.0546875 0.083984375
0 0.2802734375 0.8349609375 0.08984375 0.11328125
0 0.95556640625 0.865234375 0.0712890625 0.091796875
0 0.4873046875 0.16552734375 0.095703125 0.1103515625
0 0.88037109375 0.78564453125 0.0869140625 0.1240234375
0 0.79248046875 0.455078125 0.0400390625 0.099609375
0 0.4228515625 0.77978515625 0.064453125 0.1103515625
0 0.23486328125 0.201171875 0.1318359375 0.080078125
0 0.68896484375 0.23095703125 0.0673828125 0.0732421875
0 0.181640625 0.2060546875 0.10546875 0.0859375
0 0.63671875 0.81103515625 0.05859375 0.0810546875
0 0.75048828125 0.095703125 0.0771484375 0.05078125
0 0.40869140625 0.212890625 0.0927734375 0.08203125
0 0.740234375 0.458984375 0.048828125 0.119140625
0 0.521484375 0.91162109375 0.05859375 0.0869140625
0 0.37744140625 0.34228515625 0.0634765625 0.0673828125
0 0.22607421875 0.029296875 0.0556640625 0.05859375
0 0.208984375 0.42578125 0.0859375 0.060546875
0 0.4462890625 0.9716796875 0.064453125 0.052734375
0 0.9892578125 0.57958984375 0.021484375 0.0751953125
0 0.5166015625 0.525390625 0.07421875 0.083984375
0 0.57373046875 0.9287109375 0.0517578125 0.072265625
0 0.203125 0.35546875 0.068359375 0.072265625
0 0.1328125 0.22412109375 0.064453125 0.0673828125
0 0.126953125 0.7890625 0.107421875 0.072265625
0 0.97314453125 0.25244140625 0.0537109375 0.0478515625
0 0.65478515625 0.3310546875 0.0791015625 0.046875
0 0.51025390625 0.767578125 0.0810546875 0.05078125
0 0.3193359375 0.5849609375 0.087890625 0.044921875
0 0.3603515625 0.25537109375 0.03125 0.0634765625
0 0.205078125 0.66455078125 0.080078125 0.0654296875
0 0.0380859375 0.80908203125 0.06640625 0.0654296875
0 0.48681640625 0.45458984375 0.0419921875 0.0693359375
0 0.0244140625 0.91845703125 0.048828125 0.0400390625
0 0.345703125 0.0419921875 0.0625 0.052734375
0 0.66943359375 0.26513671875 0.0673828125 0.0400390625
0 0.38623046875 0.16162109375 0.0634765625 0.0517578125
0 0.8603515625 0.6728515625 0.0546875 0.064453125
0 0.72314453125 0.52734375 0.0888671875 0.033203125
0 0.130859375 0.740234375 0.07421875 0.099609375
0 0.568359375 0.98486328125 0.09765625 0.0302734375
0 0.3955078125 0.47021484375 0.111328125 0.0517578125
0 0.8330078125 0.4140625 0.05859375 0.06640625
0 0.361328125 0.80615234375 0.056640625 0.0537109375
0 0.16552734375 0.73974609375 0.1455078125 0.0966796875
0 0.9375 0.01611328125 0.052734375 0.0322265625
0 0.19189453125 0.88037109375 0.0927734375 0.0439453125
0 0.736328125 0.0146484375 0.02734375 0.029296875
0 0.91015625 0.29248046875 0.072265625 0.0400390625
0 0.646484375 0.54248046875 0.02734375 0.0576171875
0 0.85546875 0.9052734375 0.056640625 0.044921875
0 0.27294921875 0.6708984375 0.0556640625 0.044921875
