0 0.14990234375 0.30224609375 0.0576171875 0.0712890625
0 0.70166015625 0.95849609375 0.0595703125 0.0830078125
0 0.66455078125 0.67822265625 0.0810546875 0.0400390625
0 0.595703125 0.44091796875 0.09375 0.0810546875
0 0.6962890625 0.1279296875 0.09375 0.076171875
0 0.05029296875 0.376953125 0.1005859375 0.134765625
0 0.708984375 0.28173828125 0.087890625 0.0556640625
0 0.66357421875 0.45458984375 0.1142578125 0.0693359375
0 0.32080078125 0.06103515625 0.0732421875 0.0673828125
0 0.70458984375 0.5595703125 0.0673828125 0.09765625
0 0.85595703125 0.55322265625 0.1064453125 0.0673828125
0 0.04541015625 0.21337890625 0.0908203125 0.0791015625
0 0.0849609375 0.47265625 0.08984375 0.109375
0 0.09814453125 0.48583984375 0.0771484375 0.1064453125
0 0.21826171875 0.6328125 0.0830078125 0.0546875
0 0.041015625 0.73974609375 0.08203125 0.1005859375
0 0.10595703125 0.748046875 0.0615234375 0.095703125
0 0.33056640625 0.8486328125 0.0478515625 0.080078125
0 0.1865234375 0.92529296875 0.072265625 0.0830078125
0 0.078125 0.96044921875 0.107421875 0.0791015625
0 0.1376953125 0.9658203125 0.087890625 0.068359375
0 0.70849609375 0.8447265625 0.0771484375 0.056640625
0 0.9296875 0.3916015625 0.056640625 0.044921875
0 0.6064453125 0.80322265625 0.103515625 0.2041015625
0 0.08984375 0.08935546875 0.08203125 0.0595703125
0 0.06640625 0.14501953125 0.0859375 0.0517578125
0 0.92333984375 0.30859375 0.0517578125 0.08203125
0 0.1611328125 0.3798828125 0.068359375 0.056640625
0 0.173828125 0.56298828125 0.08203125 0.0458984375
0 0.19189453125 0.833984375 0.0849609375 0.068359375
0 0.30029296875 0.81689453125 0.0478515625 0.0341796875
0 0.71484375 0.7939453125 0.0859375 0.056640625
0 0.03759765625 0.021484375 0.0732421875 0.04296875
