0 0.97998046875 0.7958984375 0.0400390625 0.0859375
0 0.9521484375 0.9765625 0.087890625 0.046875
0 0.54248046875 0.63330078125 0.0966796875 0.1044921875
0 0.30517578125 0.9677734375 0.1318359375 0.064453125
0 0.978515625 0.03369140625 0.04296875 0.0673828125
0 0.37255859375 0.83154296875 0.1025390625 0.0693359375
0 0.34619140625 0.6513671875 0.1572265625 0.09765625
0 0.12451171875 0.9208984375 0.1572265625 0.11328125
0 0.28369140625 0.5146484375 0.0751953125 0.06640625
0 0.88525390625 0.43896484375 0.0771484375 0.1513671875
0 0.62255859375 0.9609375 0.1708984375 0.0625
0 0.44189453125 0.81689453125 0.0830078125 0.0673828125
0 0.40234375 0.94580078125 0.1171875 0.0771484375
0 0.6630859375 0.99169921875 0.17578125 0.0166015625
0 0.431640625 0.353515625 0.111328125 0.185546875
0 0.55908203125 0.3935546875 0.0693359375 0.078125
