0 0.353515625 0.76953125 0.0625 0.09375
0 0.271484375 0.32861328125 0.095703125 0.0732421875
0 0.56396484375 0.81787109375 0.0595703125 0.0830078125
0 0.8369140625 0.12890625 0.107421875 0.09375
0 0.47998046875 0.48583984375 0.1025390625 0.0439453125
0 0.14013671875 0.18798828125 0.0810546875 0.0654296875
0 0.89501953125 0.11962890625 0.0771484375 0.0673828125
0 0.69482421875 0.55029296875 0.1298828125 0.0537109375
0 0.18896484375 0.82763671875 0.0673828125 0.0556640625
0 0.98681640625 0.20703125 0.0263671875 0.052734375
0 0.037109375 0.576171875 0.07421875 0.0625
0 0.7080078125 0.248046875 0.0625 0.0546875
0 0.05322265625 0.9208984375 0.0908203125 0.048828125
0 0.73095703125 0.1171875 0.0849609375 0.0703125
0 0.275390625 0.55029296875 0.09375 0.0322265625
0 0.33154296875 0.626953125 0.1259765625 0.04296875
0 0.40283203125 0.943359375 0.1162109375 0.052734375
0 0.1455078125 0.8671875 0.0703125 0.05859375
0 0.533203125 0.171875 0.123046875 0.0546875
0 0.578125 0.2587890625 0.091796875 0.052734375
0 0.244140625 0.26220703125 0.0703125 0.0458984375
0 0.4794921875 0.39013671875 0.087890625 0.0400390625
0 0.03955078125 0.22509765625 0.0791015625 0.0888671875
0 0.8681640625 0.01318359375 0.052734375 0.0263671875
0 0.39306640625 0.9833984375 0.1220703125 0.033203125
0 0.0390625 0.873046875 0.076171875 0.044921875
0 0.95458984375 0.380859375 0.0908203125 0.0390625
0 0.0927734375 0.53857421875 0.078125 0.0439453125
0 0.66015625 0.77587890625 0.060546875 0.0439453125
0 0.04296875 0.95068359375 0.08203125 0.0498046875
0 0.8037109375 0.67626953125 0.083984375 0.0244140625
0 0.0556640625 0.3427734375 0.111328125 0.05078125
0 0.8564453125 0.9248046875 0.08984375 0.046875
0 0.72802734375 0.6142578125 0.0517578125 0.04296875
0 0.28076171875 0.87451171875 0.1025390625 0.0498046875
0 0.90673828125 0.2509765625 0.0517578125 0.048828125
0 0.9716796875 0.44482421875 0.052734375 0.0302734375
0 0.24462890625 0.04052734375 0.0849609375 0.0322265625
0 0.35986328125 0.2841796875 0.0869140625 0.046875
0 0.01904296875 0.8125 0.0380859375 0.033203125
0 0.5029296875 0.58935546875 0.130859375 0.0458984375
0 0.4443359375 0.4189453125 0.0546875 0.0546875
0 0.54833984375 0.71435546875 0.0810546875 0.0400390625
0 0.431640625 0.33935546875 0.05078125 0.0830078125
0 0.0703125 0.03759765625 0.099609375 0.0498046875
0 0.560546875 0.6181640625 0.1328125 0.037109375
0 0.74072265625 0.93359375 0.0693359375 0.0546875
0 0.412109375 0.25244140625 0.15234375 0.0556640625
0 0.4833984375 0.8544921875 0.07421875 0.052734375
0 0.5380859375 0.65380859375 0.064453125 0.0380859375
0 0.5107421875 0.232421875 0.072265625 0.03125
0 0.61083984375 0.86328125 0.0439453125 0.037109375
0 0.22998046875 0.9208984375 0.0947265625 0.03515625
0 0.7890625 0.6513671875 0.1015625 0.044921875
0 0.36669921875 0.9248046875 0.1259765625 0.046875
