0 0.06103515625 0.04931640625 0.1142578125 0.0673828125
0 0.15234375 0.30078125 0.08984375 0.08203125
0 0.1181640625 0.16455078125 0.1328125 0.1044921875
0 0.73486328125 0.1767578125 0.0849609375 0.080078125
0 0.67333984375 0.64697265625 0.0673828125 0.0693359375
0 0.74365234375 0.33203125 0.1123046875 0.0859375
0 0.49609375 0.078125 0.072265625 0.09765625
0 0.0732421875 0.45849609375 0.087890625 0.0673828125
0 0.04248046875 0.3408203125 0.0849609375 0.08203125
0 0.56591796875 0.2529296875 0.0927734375 0.0625
0 0.3154296875 0.02587890625 0.177734375 0.0517578125
0 0.84765625 0.11767578125 0.166015625 0.0869140625
0 0.62744140625 0.59619140625 0.1298828125 0.0673828125
0 0.466796875 0.31201171875 0.115234375 0.1103515625
0 0.05859375 0.8759765625 0.09765625 0.09765625
0 0.1708984375 0.43310546875 0.072265625 0.0927734375
0 0.853515625 0.955078125 0.10546875 0.052734375
0 0.61328125 0.4072265625 0.08203125 0.0703125
0 0.0009765625 0.61669921875 0.001953125 0.0751953125
0 0.7255859375 0.83349609375 0.107421875 0.1123046875
0 0.66845703125 0.39794921875 0.0771484375 0.0673828125
0 0.646484375 0.97265625 0.087890625 0.0546875
0 0.0009765625 0.49853515625 0.001953125 0.0673828125
0 0.51025390625 0.9580078125 0.1279296875 0.083984375
0 0.69873046875 0.87451171875 0.1474609375 0.0849609375
