0 0.7822265625 0.2109375 0.06640625 0.08203125
0 0.25634765625 0.38916015625 0.0810546875 0.0771484375
0 0.39111328125 0.41552734375 0.1064453125 0.0771484375
0 0.6591796875 0.7138671875 0.076171875 0.1015625
0 0.7021484375 0.02099609375 0.06640625 0.0419921875
0 0.65185546875 0.15576171875 0.0517578125 0.0849609375
0 0.53076171875 0.03173828125 0.0576171875 0.0634765625
0 0.05224609375 0.8056640625 0.1005859375 0.107421875
0 0.02197265625 0.3203125 0.0439453125 0.083984375
0 0.888671875 0.97998046875 0.064453125 0.0361328125
0 0.74658203125 0.4365234375 0.0908203125 0.06640625
0 0.61181640625 0.21826171875 0.1357421875 0.0673828125
0 0.25537109375 0.26025390625 0.1083984375 0.0576171875
0 0.55517578125 0.66259765625 0.1142578125 0.0732421875
0 0.56201171875 0.97119140625 0.1064453125 0.0478515625
0 0.2236328125 0.45947265625 0.08203125 0.0380859375
0 0.3447265625 0.220703125 0.091796875 0.044921875
0 0.63916015625 0.4111328125 0.0654296875 0.046875
0 0.80517578125 0.21142578125 0.0576171875 0.0791015625
0 0.24951171875 0.6689453125 0.1044921875 0.076171875
0 0.48583984375 0.7783203125 0.1083984375 0.052734375
0 0.36767578125 0.70458984375 0.1064453125 0.0439453125
0 0.98046875 0.15478515625 0.0390625 0.0341796875
0 0.79052734375 0.51953125 0.1044921875 0.05859375
0 0.92431640625 0.22265625 0.0576171875 0.05078125
0 0.10498046875 0.96484375 0.0771484375 0.03515625
0 0.59228515625 0.33349609375 0.0654296875 0.0439453125
0 0.10986328125 0.88134765625 0.0693359375 0.0576171875
0 0.22998046875 0.1611328125 0.0751953125 0.025390625
0 0.5771484375 0.44287109375 0.0546875 0.1279296875
0 0.93359375 0.01953125 0.033203125 0.037109375
0 0.23876953125 0.056640625 0.0966796875 0.064453125
0 0.03662109375 0.8603515625 0.0732421875 0.01953125
0 0.2705078125 0.10498046875 0.083984375 0.0556640625
0 0.12255859375 0.59521484375 0.1103515625 0.0517578125
0 0.63818359375 0.12158203125 0.0751953125 0.0380859375
0 0.203125 0.28564453125 0.091796875 0.0458984375
0 0.587890625 0.705078125 0.076171875 0.041015625
0 0.9619140625 0.40625 0.076171875 0.044921875
0 0.63427734375 0.501953125 0.0400390625 0.05078125
0 0.93408203125 0.95068359375 0.0830078125 0.0224609375
0 0.8623046875 0.13037109375 0.06640625 0.0537109375
0 0.71484375 0.22900390625 0.107421875 0.0478515625
0 0.58251953125 0.01513671875 0.0615234375 0.0302734375
0 0.02099609375 0.51904296875 0.0419921875 0.0283203125
0 0.88671875 0.67333984375 0.056640625 0.0380859375
0 0.21533203125 0.51806640625 0.0791015625 0.0498046875
0 0.11083984375 0.8701171875 0.0654296875 0.04296875
0 0.3427734375 0.08984375 0.0546875 0.033203125
0 0.60693359375 0.01318359375 0.0517578125 0.0263671875
0 0.0888671875 0.9501953125 0.048828125 0.03125
0 0.98193359375 0.4375 0.0341796875 0.041015625
0 0.27490234375 0.2099609375 0.1025390625 0.048828125
0 0.17041015625 0.4755859375 0.0908203125 0.0625
0 0.55322265625 0.3671875 0.0439453125 0.037109375
0 0.705078125 0.6240234375 0.06640625 0.046875
0 0.98974609375 0.5908203125 0.0205078125 0.0234375
0 0.4765625 0.68994140625 0.083984375 0.0654296875
0 0.91748046875 0.78564453125 0.0458984375 0.0419921875
0 0.5908203125 0.958984375 0.044921875 0.017578125
0 0.0166015625 0.34228515625 0.033203125 0.0478515625
0 0.1044921875 0.3984375 0.083984375 0.029296875
0 0.0390625 0.56298828125 0.037109375 0.0439453125
0 0.2119140625 0.884765625 0.107421875 0.044921875
0 0.05810546875 0.046875 0.1083984375 0.0703125
0 0.1826171875 0.03173828125 0.09375 0.0458984375
0 0.30517578125 0.18798828125 0.0771484375 0.0478515625
0 0.1611328125 0.3046875 0.0703125 0.03515625
