0 0.9599609375 0.44384765625 0.0390625 0.0947265625
0 0.072265625 0.4052734375 0.072265625 0.0546875
0 0.3583984375 0.17431640625 0.09375 0.0537109375
0 0.30078125 0.42431640625 0.056640625 0.0732421875
0 0.17919921875 0.0263671875 0.0732421875 0.037109375
0 0.32080078125 0.7880859375 0.0634765625 0.0546875
0 0.11376953125 0.498046875 0.0849609375 0.048828125
0 0.59228515625 0.38671875 0.0869140625 0.041015625
0 0.20849609375 0.19287109375 0.0439453125 0.0654296875
0 0.8603515625 0.166015625 0.0625 0.0703125
0 0.4619140625 0.29150390625 0.109375 0.0478515625
0 0.056640625 0.201171875 0.07421875 0.046875
0 0.93896484375 0.517578125 0.0498046875 0.03515625
0 0.908203125 0.10595703125 0.060546875 0.0439453125
0 0.18994140625 0.615234375 0.0732421875 0.041015625
0 0.126953125 0.47607421875 0.060546875 0.0498046875
0 0.4677734375 0.55224609375 0.0546875 0.0302734375
0 0.57958984375 0.4306640625 0.0322265625 0.068359375
0 0.1650390625 0.89013671875 0.0546875 0.0537109375
0 0.46484375 0.97509765625 0.05078125 0.0302734375
0 0.5107421875 0.15283203125 0.046875 0.0458984375
0 0.546875 0.3828125 0.025390625 0.078125
0 0.67138671875 0.099609375 0.0478515625 0.125
0 0.33642578125 0.3515625 0.0654296875 0.03125
0 0.515625 0.78955078125 0.029296875 0.0673828125
0 0.00634765625 0.5556640625 0.0126953125 0.029296875
0 0.7333984375 0.47900390625 0.046875 0.0361328125
0 0.85498046875 0.29296875 0.0419921875 0.04296875
0 0.3779296875 0.22802734375 0.0703125 0.0458984375
0 0.4873046875 0.8662109375 0.05859375 0.0234375
0 0.490234375 0.048828125 0.05859375 0.046875
0 0.56787109375 0.2578125 0.0693359375 0.044921875
0 0.6474609375 0.6123046875 0.05859375 0.048828125
0 0.28125 0.302734375 0.091796875 0.01953125
0 0.40576171875 0.4951171875 0.0498046875 0.029296875
0 0.248046875 0.4501953125 0.0546875 0.072265625
0 0.5849609375 0.5224609375 0.068359375 0.0390625
0 0.2861328125 0.0498046875 0.060546875 0.044921875
0 0.06396484375 0.9873046875 0.0517578125 0.025390625
0 0.27392578125 0.02490234375 0.0615234375 0.0478515625
0 0.60205078125 0.15478515625 0.0400390625 0.0517578125
0 0.1728515625 0.24267578125 0.09375 0.0576171875
0 0.0390625 0.87548828125 0.078125 0.0537109375
0 0.58056640625 0.572265625 0.0537109375 0.041015625
0 0.5048828125 0.4521484375 0.052734375 0.033203125
0 0.890625 0.626953125 0.0546875 0.046875
0 0.08154296875 0.7919921875 0.0771484375 0.041015625
0 0.5859375 0.47265625 0.0546875 0.0234375
0 0.13818359375 0.98486328125 0.0869140625 0.0302734375
0 0.1064453125 0.62890625 0.06640625 0.0390625
0 0.5986328125 0.02734375 0.041015625 0.044921875
0 0.3408203125 0.6865234375 0.04296875 0.033203125
0 0.86474609375 0.26806640625 0.0400390625 0.0517578125
0 0.81201171875 0.12353515625 0.0361328125 0.0556640625
0 0.98486328125 0.31201171875 0.0302734375 0.0498046875
0 0.6845703125 0.8857421875 0.05078125 0.017578125
0 0.38134765625 0.57080078125 0.0517578125 0.0634765625
0 0.57763671875 0.88134765625 0.0419921875 0.0283203125
0 0.89453125 0.44287109375 0.064453125 0.0556640625
0 0.4892578125 0.66552734375 0.041015625 0.0302734375
0 0.01318359375 0.505859375 0.0263671875 0.041015625
0 0.419921875 0.5283203125 0.048828125 0.02734375
0 0.41162109375 0.57666015625 0.0712890625 0.0400390625
0 0.2724609375 0.65771484375 0.05859375 0.0341796875
0 0.1123046875 0.59716796875 0.06640625 0.0244140625
0 0.16552734375 0.59716796875 0.0576171875 0.0478515625
0 0.68798828125 0.51708984375 0.0595703125 0.0361328125
0 0.7939453125 0.5654296875 0.04296875 0.033203125
0 0.50341796875 0.4873046875 0.0380859375 0.0390625
0 0.943359375 0.21875 0.0390625 0.02734375
0 0.06494140625 0.08984375 0.1064453125 0.046875
0 0.93896484375 0.0478515625 0.0556640625 0.05078125
0 0.73876953125 0.92724609375 0.0966796875 0.0400390625
0 0.8740234375 0.8642578125 0.056640625 0.052734375
0 0.986328125 0.6728515625 0.02734375 0.046875
0 0.9833984375 0.3896484375 0.033203125 0.048828125
