0 0.416015625 0.36083984375 0.099609375 0.0556640625
0 0.3447265625 0.23681640625 0.06640625 0.0693359375
0 0.22802734375 0.2158203125 0.0498046875 0.125
0 0.53515625 0.77197265625 0.0546875 0.1103515625
0 0.28466796875 0.17041015625 0.0693359375 0.0771484375
0 0.6552734375 0.51171875 0.037109375 0.064453125
0 0.3681640625 0.44287109375 0.0703125 0.0927734375
0 0.33984375 0.7783203125 0.0625 0.06640625
0 0.2265625 0.55859375 0.05859375 0.080078125
0 0.93359375 0.3681640625 0.04296875 0.0625
0 0.59814453125 0.41064453125 0.0595703125 0.0791015625
0 0.3662109375 0.92529296875 0.060546875 0.0654296875
0 0.6474609375 0.12548828125 0.05078125 0.1337890625
0 0.5361328125 0.16162109375 0.046875 0.0712890625
0 0.94091796875 0.1171875 0.0556640625 0.076171875
0 0.8896484375 0.59228515625 0.046875 0.0654296875
0 0.9072265625 0.03515625 0.046875 0.041015625
0 0.3388671875 0.6103515625 0.0546875 0.072265625
0 0.849609375 0.85498046875 0.0703125 0.0517578125
0 0.4638671875 0.07958984375 0.068359375 0.0693359375
0 0.0439453125 0.9072265625 0.087890625 0.076171875
0 0.7705078125 0.80224609375 0.072265625 0.0830078125
0 0.44140625 0.78125 0.056640625 0.0625
0 0.87109375 0.5908203125 0.046875 0.0625
0 0.2548828125 0.8212890625 0.0390625 0.05859375
0 0.07080078125 0.02783203125 0.0498046875 0.0556640625
0 0.44970703125 0.1123046875 0.0478515625 0.05859375
0 0.2333984375 0.416015625 0.052734375 0.0546875
0 0.75830078125 0.71923828125 0.0458984375 0.0537109375
0 0.4189453125 0.7451171875 0.091796875 0.060546875
0 0.4091796875 0.0322265625 0.05859375 0.056640625
0 0.2373046875 0.64892578125 0.046875 0.0537109375
0 0.63330078125 0.20703125 0.0712890625 0.0546875
0 0.97412109375 0.91162109375 0.0517578125 0.0458984375
0 0.82666015625 0.80224609375 0.0517578125 0.0654296875
0 0.43408203125 0.90185546875 0.0537109375 0.0458984375
0 0.45263671875 0.98291015625 0.0693359375 0.0341796875
0 0.09765625 0.548828125 0.06640625 0.052734375
0 0.0390625 0.6142578125 0.052734375 0.046875
0 0.50341796875 0.361328125 0.0595703125 0.07421875
0 0.8486328125 0.35791015625 0.060546875 0.0341796875
0 0.77587890625 0.646484375 0.0498046875 0.0703125
0 0.80126953125 0.6611328125 0.0283203125 0.041015625
0 0.103515625 0.3076171875 0.05859375 0.05078125
