0 0.37744140625 0.06787109375 0.0634765625 0.0693359375
0 0.42333984375 0.09716796875 0.0654296875 0.0478515625
0 0.548828125 0.0888671875 0.060546875 0.052734375
0 0.48388671875 0.02490234375 0.0654296875 0.0498046875
0 0.72900390625 0.10498046875 0.0869140625 0.0595703125
0 0.810546875 0.0732421875 0.072265625 0.0625
0 0.8662109375 0.01953125 0.08203125 0.0390625
0 0.2119140625 0.14892578125 0.080078125 0.0712890625
0 0.14208984375 0.0966796875 0.0576171875 0.083984375
0 0.0703125 0.09814453125 0.083984375 0.0634765625
0 0.05810546875 0.04443359375 0.0673828125 0.0732421875
0 0.03369140625 0.1787109375 0.0634765625 0.080078125
0 0.17578125 0.3212890625 0.0625 0.06640625
0 0.1201171875 0.32080078125 0.064453125 0.0498046875
0 0.0751953125 0.3466796875 0.072265625 0.08203125
0 0.03125 0.3212890625 0.0625 0.0859375
0 0.60498046875 0.37841796875 0.0888671875 0.1279296875
0 0.70654296875 0.38818359375 0.0693359375 0.0791015625
0 0.76904296875 0.3369140625 0.0732421875 0.078125
0 0.92333984375 0.37353515625 0.0732421875 0.0634765625
0 0.98095703125 0.36474609375 0.0380859375 0.0673828125
0 0.97802734375 0.1005859375 0.0439453125 0.0703125
0 0.955078125 0.728515625 0.072265625 0.076171875
0 0.91552734375 0.66552734375 0.0595703125 0.0537109375
0 0.896484375 0.48876953125 0.05078125 0.1005859375
0 0.7607421875 0.5224609375 0.056640625 0.068359375
0 0.49755859375 0.45263671875 0.0556640625 0.0498046875
0 0.3837890625 0.5927734375 0.080078125 0.10546875
0 0.58203125 0.60546875 0.13671875 0.06640625
0 0.74267578125 0.77587890625 0.0830078125 0.0986328125
0 0.38232421875 0.6630859375 0.0966796875 0.064453125
0 0.412109375 0.78759765625 0.109375 0.1162109375
0 0.5068359375 0.8955078125 0.07421875 0.052734375
0 0.4912109375 0.96484375 0.076171875 0.0703125
0 0.607421875 0.92333984375 0.068359375 0.0732421875
0 0.20361328125 0.9755859375 0.0732421875 0.048828125
0 0.73974609375 0.931640625 0.0712890625 0.05859375
0 0.07666015625 0.93115234375 0.0576171875 0.0478515625
0 0.04345703125 0.9052734375 0.0869140625 0.048828125
0 0.08154296875 0.54296875 0.1201171875 0.056640625
0 0.19580078125 0.52392578125 0.0810546875 0.0615234375
0 0.7119140625 0.14306640625 0.0625 0.0478515625
0 0.66943359375 0.1796875 0.0556640625 0.04296875
