0 0.02587890625 0.08642578125 0.0517578125 0.1005859375
0 0.048828125 0.14794921875 0.076171875 0.0478515625
0 0.1337890625 0.06201171875 0.0859375 0.1220703125
0 0.3173828125 0.0458984375 0.0859375 0.08984375
0 0.33642578125 0.14208984375 0.0654296875 0.0634765625
0 0.2158203125 0.20166015625 0.0546875 0.0498046875
0 0.1259765625 0.2685546875 0.0703125 0.044921875
0 0.2099609375 0.30078125 0.08984375 0.05859375
0 0.26123046875 0.34765625 0.0654296875 0.060546875
0 0.087890625 0.3955078125 0.072265625 0.068359375
0 0.080078125 0.63330078125 0.091796875 0.0654296875
0 0.052734375 0.68359375 0.080078125 0.05078125
0 0.29296875 0.7451171875 0.07421875 0.095703125
0 0.2373046875 0.84375 0.107421875 0.076171875
0 0.2958984375 0.9326171875 0.07421875 0.0625
0 0.23388671875 0.9482421875 0.0478515625 0.048828125
0 0.1123046875 0.96435546875 0.0625 0.0712890625
0 0.19970703125 0.97265625 0.0556640625 0.0546875
0 0.3623046875 0.97412109375 0.10546875 0.0517578125
0 0.68017578125 0.96435546875 0.0771484375 0.0712890625
0 0.578125 0.91064453125 0.06640625 0.0986328125
0 0.48095703125 0.85791015625 0.0478515625 0.0458984375
0 0.3896484375 0.80517578125 0.056640625 0.0654296875
0 0.44677734375 0.80419921875 0.0556640625 0.0576171875
0 0.39404296875 0.72216796875 0.0517578125 0.0517578125
0 0.552734375 0.76416015625 0.064453125 0.0654296875
0 0.7021484375 0.7373046875 0.0703125 0.07421875
0 0.7802734375 0.83349609375 0.064453125 0.0673828125
0 0.861328125 0.80615234375 0.09765625 0.0576171875
0 0.87060546875 0.88037109375 0.0810546875 0.0595703125
0 0.9609375 0.833984375 0.078125 0.072265625
0 0.98095703125 0.6943359375 0.0380859375 0.08984375
0 0.611328125 0.634765625 0.078125 0.0859375
0 0.77734375 0.63330078125 0.05078125 0.0654296875
0 0.84716796875 0.5595703125 0.0654296875 0.08984375
0 0.73779296875 0.4677734375 0.0693359375 0.076171875
0 0.494140625 0.423828125 0.103515625 0.068359375
0 0.392578125 0.49462890625 0.07421875 0.1337890625
0 0.7451171875 0.365234375 0.0859375 0.06640625
0 0.5966796875 0.291015625 0.1015625 0.08203125
0 0.7509765625 0.27978515625 0.060546875 0.0517578125
0 0.88671875 0.30224609375 0.109375 0.0693359375
0 0.70556640625 0.166015625 0.0634765625 0.06640625
0 0.9453125 0.1298828125 0.0625 0.06640625
0 0.47119140625 0.2529296875 0.0888671875 0.041015625
0 0.5126953125 0.31591796875 0.068359375 0.0654296875
0 0.9453125 0.01904296875 0.095703125 0.0361328125
0 0.88818359375 0.49853515625 0.0654296875 0.0615234375
0 0.931640625 0.54833984375 0.09765625 0.0478515625
0 0.98291015625 0.57421875 0.0341796875 0.126953125
0 0.021484375 0.36181640625 0.0390625 0.0830078125
0 0.904296875 0.62646484375 0.064453125 0.0419921875
0 0.8193359375 0.712890625 0.056640625 0.0546875
0 0.5498046875 0.5703125 0.046875 0.056640625
0 0.02001953125 0.26220703125 0.0400390625 0.0654296875
0 0.14306640625 0.52587890625 0.0419921875 0.0419921875
0 0.63916015625 0.599609375 0.0458984375 0.05078125
0 0.021484375 0.87451171875 0.04296875 0.0556640625
0 0.5556640625 0.6240234375 0.044921875 0.05859375
0 0.50927734375 0.646484375 0.0478515625 0.05078125
0 0.83740234375 0.01416015625 0.0576171875 0.0263671875
0 0.0361328125 0.9873046875 0.048828125 0.021484375
