0 0.68212890625 0.4482421875 0.0537109375 0.099609375
0 0.3642578125 0.4912109375 0.068359375 0.080078125
0 0.31689453125 0.9111328125 0.0966796875 0.05859375
0 0.9404296875 0.0458984375 0.0625 0.076171875
0 0.353515625 0.3388671875 0.0703125 0.068359375
0 0.22412109375 0.1318359375 0.0751953125 0.072265625
0 0.29296875 0.08251953125 0.05859375 0.0654296875
0 0.0224609375 0.18896484375 0.044921875 0.0615234375
0 0.6953125 0.0322265625 0.087890625 0.052734375
0 0.82958984375 0.919921875 0.0791015625 0.0546875
0 0.22998046875 0.55419921875 0.1044921875 0.0712890625
0 0.029296875 0.29150390625 0.046875 0.0791015625
0 0.830078125 0.04296875 0.04296875 0.08203125
0 0.822265625 0.95751953125 0.037109375 0.0810546875
0 0.015625 0.31396484375 0.03125 0.0615234375
0 0.134765625 0.703125 0.068359375 0.046875
0 0.47705078125 0.67919921875 0.0634765625 0.0556640625
0 0.4619140625 0.9482421875 0.06640625 0.046875
0 0.25830078125 0.5068359375 0.0712890625 0.048828125
0 0.27783203125 0.69873046875 0.0986328125 0.0439453125
0 0.52685546875 0.1630859375 0.0810546875 0.080078125
0 0.38427734375 0.01611328125 0.0888671875 0.0302734375
0 0.1826171875 0.353515625 0.076171875 0.044921875
0 0.02978515625 0.546875 0.0595703125 0.048828125
0 0.7685546875 0.5263671875 0.06640625 0.044921875
0 0.0830078125 0.0830078125 0.083984375 0.041015625
0 0.31201171875 0.017578125 0.0595703125 0.03515625
0 0.77685546875 0.70458984375 0.0615234375 0.0478515625
0 0.7431640625 0.6259765625 0.0625 0.03515625
0 0.06005859375 0.26123046875 0.0966796875 0.0908203125
0 0.537109375 0.33349609375 0.06640625 0.0380859375
0 0.24951171875 0.31884765625 0.0439453125 0.0576171875
0 0.1201171875 0.02587890625 0.0390625 0.0517578125
0 0.38330078125 0.79150390625 0.0693359375 0.0419921875
0 0.80419921875 0.36865234375 0.0419921875 0.0537109375
0 0.50244140625 0.21044921875 0.0654296875 0.0615234375
0 0.01123046875 0.9326171875 0.0224609375 0.029296875
0 0.52392578125 0.638671875 0.0654296875 0.033203125
0 0.1669921875 0.20654296875 0.099609375 0.1240234375
0 0.89892578125 0.62841796875 0.0498046875 0.0576171875
0 0.576171875 0.921875 0.064453125 0.046875
0 0.77587890625 0.56689453125 0.0478515625 0.0673828125
0 0.91455078125 0.1416015625 0.0654296875 0.046875
0 0.01708984375 0.56103515625 0.0341796875 0.0478515625
0 0.40771484375 0.9892578125 0.0751953125 0.017578125
0 0.2412109375 0.9873046875 0.0703125 0.015625
0 0.146484375 0.05419921875 0.05859375 0.0263671875
0 0.63720703125 0.36279296875 0.0517578125 0.0419921875
0 0.26171875 0.9521484375 0.060546875 0.0234375
0 0.77099609375 0.91162109375 0.0595703125 0.0478515625
0 0.49560546875 0.3662109375 0.0556640625 0.02734375
0 0.9228515625 0.3642578125 0.046875 0.0234375
0 0.89453125 0.73193359375 0.05078125 0.0283203125
0 0.869140625 0.5205078125 0.04296875 0.05859375
0 0.66650390625 0.89453125 0.0810546875 0.033203125
0 0.421875 0.72412109375 0.068359375 0.0361328125
0 0.9091796875 0.33447265625 0.068359375 0.0380859375
0 0.53369140625 0.73583984375 0.0498046875 0.0322265625
0 0.544921875 0.36669921875 0.04296875 0.0380859375
0 0.89697265625 0.91259765625 0.1005859375 0.0966796875
0 0.41455078125 0.34326171875 0.0654296875 0.0263671875
0 0.3955078125 0.61083984375 0.1015625 0.0673828125
0 0.71875 0.9658203125 0.083984375 0.025390625
0 0.9423828125 0.556640625 0.0546875 0.04296875
0 0.98095703125 0.9326171875 0.0380859375 0.037109375
0 0.5634765625 0.9501953125 0.037109375 0.044921875
0 0.2138671875 0.66552734375 0.05078125 0.0380859375
0 0.00830078125 0.7490234375 0.0166015625 0.029296875
0 0.97021484375 0.55322265625 0.0478515625 0.0341796875
0 0.57568359375 0.21142578125 0.0634765625 0.0732421875
0 0.9462890625 0.92431640625 0.107421875 0.0517578125
0 0.98388671875 0.96923828125 0.0322265625 0.0517578125
