0 0.146484375 0.9814453125 0.083984375 0.037109375
0 0.25439453125 0.97314453125 0.0654296875 0.0537109375
0 0.3125 0.9814453125 0.072265625 0.037109375
0 0.07861328125 0.8720703125 0.0751953125 0.076171875
0 0.02197265625 0.79541015625 0.0439453125 0.0693359375
0 0.19970703125 0.8544921875 0.0712890625 0.083984375
0 0.11669921875 0.7529296875 0.0869140625 0.0546875
0 0.0185546875 0.72607421875 0.037109375 0.0478515625
0 0.513671875 0.96435546875 0.076171875 0.0693359375
0 0.689453125 0.9755859375 0.072265625 0.048828125
0 0.7392578125 0.9091796875 0.08203125 0.080078125
0 0.640625 0.78369140625 0.0859375 0.1103515625
0 0.61279296875 0.7431640625 0.0771484375 0.07421875
0 0.5263671875 0.740234375 0.083984375 0.068359375
0 0.31396484375 0.7177734375 0.0654296875 0.060546875
0 0.3193359375 0.63134765625 0.0546875 0.0810546875
0 0.4228515625 0.58154296875 0.0703125 0.0693359375
0 0.45458984375 0.51708984375 0.0615234375 0.0595703125
0 0.56982421875 0.546875 0.0771484375 0.068359375
0 0.521484375 0.33984375 0.08203125 0.103515625
0 0.49560546875 0.474609375 0.0576171875 0.06640625
0 0.53369140625 0.43603515625 0.0400390625 0.0595703125
0 0.85205078125 0.3603515625 0.0966796875 0.07421875
0 0.373046875 0.34814453125 0.06640625 0.0751953125
0 0.3154296875 0.41650390625 0.11328125 0.0595703125
0 0.22509765625 0.4677734375 0.0712890625 0.091796875
0 0.2099609375 0.37646484375 0.080078125 0.0673828125
0 0.27099609375 0.32421875 0.1083984375 0.05078125
0 0.279296875 0.36376953125 0.07421875 0.0595703125
0 0.06591796875 0.36474609375 0.0615234375 0.0654296875
0 0.13671875 0.43505859375 0.07421875 0.0654296875
0 0.05419921875 0.51025390625 0.0576171875 0.0634765625
0 0.11279296875 0.20849609375 0.0458984375 0.0458984375
0 0.09814453125 0.07958984375 0.0615234375 0.0478515625
0 0.36328125 0.04248046875 0.103515625 0.0830078125
0 0.439453125 0.04931640625 0.07421875 0.0712890625
0 0.64892578125 0.15185546875 0.0771484375 0.0771484375
0 0.8271484375 0.19873046875 0.08984375 0.0849609375
0 0.93310546875 0.14990234375 0.0693359375 0.1025390625
0 0.97900390625 0.1279296875 0.0419921875 0.0546875
0 0.96923828125 0.0869140625 0.0615234375 0.052734375
0 0.96337890625 0.48779296875 0.0732421875 0.0810546875
0 0.861328125 0.64794921875 0.064453125 0.1181640625
0 0.91845703125 0.69873046875 0.0927734375 0.0908203125
0 0.97705078125 0.7802734375 0.0458984375 0.064453125
0 0.92529296875 0.77587890625 0.0654296875 0.0693359375
0 0.86083984375 0.7705078125 0.1044921875 0.06640625
0 0.83251953125 0.87060546875 0.0712890625 0.0537109375
0 0.81640625 0.92333984375 0.0546875 0.0576171875
0 0.8779296875 0.91943359375 0.0625 0.0810546875
0 0.90869140625 0.8583984375 0.0751953125 0.083984375
0 0.1064453125 0.5224609375 0.056640625 0.05859375
0 0.609375 0.033203125 0.10546875 0.0625
0 0.81640625 0.63427734375 0.064453125 0.0830078125
0 0.041015625 0.02001953125 0.060546875 0.0400390625
0 0.0107421875 0.01708984375 0.021484375 0.0341796875
0 0.01318359375 0.060546875 0.0263671875 0.083984375
0 0.34716796875 0.25244140625 0.0576171875 0.0595703125
0 0.2216796875 0.599609375 0.048828125 0.0625
0 0.44677734375 0.609375 0.0537109375 0.072265625
0 0.435546875 0.35986328125 0.0703125 0.0498046875
0 0.49365234375 0.40087890625 0.0341796875 0.0263671875
0 0.08447265625 0.1943359375 0.0556640625 0.052734375
0 0.36181640625 0.005859375 0.0380859375 0.01171875
