0 0.47412109375 0.19287109375 0.0966796875 0.0791015625
0 0.4541015625 0.41455078125 0.072265625 0.0615234375
0 0.97509765625 0.15625 0.0498046875 0.08203125
0 0.75927734375 0.2294921875 0.0908203125 0.052734375
0 0.86083984375 0.5400390625 0.0849609375 0.056640625
0 0.142578125 0.72607421875 0.083984375 0.0419921875
0 0.830078125 0.08203125 0.08984375 0.056640625
0 0.18994140625 0.435546875 0.1044921875 0.09375
0 0.96533203125 0.59619140625 0.0693359375 0.0517578125
0 0.052734375 0.45556640625 0.09375 0.0478515625
0 0.01123046875 0.59521484375 0.0224609375 0.0537109375
0 0.73974609375 0.17578125 0.0556640625 0.083984375
0 0.38134765625 0.55419921875 0.0869140625 0.0478515625
0 0.044921875 0.27880859375 0.08984375 0.0576171875
0 0.0263671875 0.078125 0.052734375 0.1015625
0 0.9501953125 0.18701171875 0.087890625 0.0556640625
0 0.66650390625 0.517578125 0.0732421875 0.046875
0 0.931640625 0.53271484375 0.056640625 0.0615234375
0 0.91748046875 0.94775390625 0.0947265625 0.0537109375
0 0.69384765625 0.67578125 0.1025390625 0.0546875
0 0.45947265625 0.548828125 0.0712890625 0.03515625
0 0.169921875 0.24951171875 0.1171875 0.0673828125
0 0.12353515625 0.6171875 0.0927734375 0.037109375
0 0.056640625 0.955078125 0.083984375 0.0390625
0 0.1787109375 0.53125 0.078125 0.04296875
0 0.76611328125 0.9697265625 0.1005859375 0.060546875
0 0.36376953125 0.7265625 0.0830078125 0.0390625
0 0.3837890625 0.86474609375 0.087890625 0.0322265625
0 0.494140625 0.83349609375 0.0859375 0.0341796875
0 0.1787109375 0.810546875 0.09765625 0.06640625
0 0.2119140625 0.51318359375 0.1171875 0.0654296875
0 0.54931640625 0.25537109375 0.0732421875 0.0341796875
0 0.52294921875 0.310546875 0.1083984375 0.048828125
0 0.09228515625 0.5712890625 0.1337890625 0.041015625
0 0.39306640625 0.10986328125 0.0478515625 0.0361328125
0 0.26904296875 0.29833984375 0.1005859375 0.0673828125
0 0.88623046875 0.39453125 0.0615234375 0.046875
0 0.2568359375 0.5615234375 0.07421875 0.044921875
0 0.3837890625 0.67041015625 0.09375 0.0556640625
0 0.66357421875 0.595703125 0.0830078125 0.044921875
0 0.84228515625 0.87451171875 0.0966796875 0.0400390625
0 0.82080078125 0.92431640625 0.1044921875 0.0537109375
0 0.779296875 0.62890625 0.06640625 0.04296875
0 0.58251953125 0.3759765625 0.0810546875 0.048828125
0 0.0283203125 0.21435546875 0.056640625 0.0419921875
0 0.72265625 0.6416015625 0.1171875 0.0390625
0 0.88623046875 0.02197265625 0.0771484375 0.0439453125
0 0.62744140625 0.869140625 0.1025390625 0.044921875
0 0.41748046875 0.01318359375 0.0498046875 0.0263671875
0 0.404296875 0.9677734375 0.115234375 0.048828125
0 0.17041015625 0.609375 0.1318359375 0.046875
0 0.0185546875 0.55224609375 0.037109375 0.0439453125
0 0.95068359375 0.6953125 0.0986328125 0.048828125
0 0.6748046875 0.90625 0.048828125 0.03125
0 0.8642578125 0.35400390625 0.06640625 0.0302734375
0 0.2392578125 0.30517578125 0.076171875 0.0400390625
0 0.6455078125 0.40185546875 0.080078125 0.0537109375
0 0.9296875 0.0068359375 0.02734375 0.013671875
0 0.1982421875 0.7744140625 0.0859375 0.0390625
0 0.494140625 0.6123046875 0.103515625 0.052734375
0 0.029296875 0.24365234375 0.05859375 0.0400390625
0 0.97119140625 0.53857421875 0.0439453125 0.0361328125
0 0.7841796875 0.27294921875 0.044921875 0.0341796875
0 0.4453125 0.708984375 0.076171875 0.0234375
0 0.11328125 0.35205078125 0.076171875 0.0263671875
0 0.13037109375 0.046875 0.1083984375 0.0546875
0 0.20068359375 0.04052734375 0.0751953125 0.0263671875
