0 0.978515625 0.68359375 0.04296875 0.06640625
0 0.955078125 0.04638671875 0.08984375 0.0849609375
0 0.400390625 0.45166015625 0.111328125 0.0537109375
0 0.6435546875 0.02734375 0.08203125 0.052734375
0 0.3876953125 0.9619140625 0.146484375 0.076171875
0 0.61083984375 0.90625 0.0927734375 0.111328125
0 0.06640625 0.34130859375 0.123046875 0.0732421875
0 0.45068359375 0.1328125 0.0791015625 0.052734375
0 0.5654296875 0.11572265625 0.083984375 0.0693359375
0 0.25439453125 0.41064453125 0.1201171875 0.0654296875
0 0.640625 0.20458984375 0.103515625 0.0478515625
0 0.83740234375 0.5322265625 0.1318359375 0.05078125
0 0.494140625 0.95849609375 0.103515625 0.0478515625
0 0.83251953125 0.740234375 0.1298828125 0.076171875
0 0.7099609375 0.39794921875 0.087890625 0.0478515625
0 0.79833984375 0.47705078125 0.1201171875 0.0537109375
0 0.16650390625 0.4609375 0.1279296875 0.052734375
0 0.45556640625 0.3935546875 0.1103515625 0.048828125
0 0.25390625 0.50634765625 0.1171875 0.0400390625
0 0.64501953125 0.42919921875 0.1123046875 0.0751953125
0 0.96533203125 0.37744140625 0.0654296875 0.0791015625
0 0.720703125 0.68798828125 0.142578125 0.0673828125
0 0.9140625 0.69140625 0.07421875 0.04296875
0 0.18701171875 0.77099609375 0.0888671875 0.0439453125
0 0.1171875 0.12841796875 0.1484375 0.0634765625
0 0.07080078125 0.66259765625 0.0869140625 0.0595703125
0 0.51611328125 0.0361328125 0.0927734375 0.0546875
0 0.0419921875 0.04736328125 0.083984375 0.0830078125
0 0.521484375 0.4599609375 0.080078125 0.04296875
0 0.32275390625 0.74755859375 0.0712890625 0.0458984375
0 0.61279296875 0.7041015625 0.0830078125 0.03125
0 0.796875 0.017578125 0.052734375 0.03515625
0 0.12109375 0.70703125 0.19921875 0.05078125
0 0.876953125 0.43896484375 0.10546875 0.0341796875
0 0.72314453125 0.13623046875 0.1357421875 0.0478515625
0 0.501953125 0.79248046875 0.09375 0.0400390625
0 0.6259765625 0.73291015625 0.080078125 0.0341796875
0 0.2978515625 0.1943359375 0.076171875 0.037109375
0 0.43408203125 0.58056640625 0.1025390625 0.0322265625
0 0.96826171875 0.15087890625 0.0595703125 0.0419921875
0 0.65869140625 0.17041015625 0.0654296875 0.0341796875
0 0.64208984375 0.1025390625 0.0537109375 0.033203125
0 0.34130859375 0.017578125 0.0654296875 0.03515625
0 0.7646484375 0.98583984375 0.03515625 0.0283203125
0 0.95361328125 0.759765625 0.0830078125 0.046875
0 0.34375 0.880859375 0.12109375 0.041015625
0 0.89453125 0.505859375 0.083984375 0.041015625
0 0.1923828125 0.095703125 0.078125 0.037109375
0 0.9775390625 0.802734375 0.044921875 0.052734375
0 0.693359375 0.515625 0.111328125 0.05859375
0 0.2373046875 0.44677734375 0.099609375 0.0458984375
0 0.04443359375 0.080078125 0.0888671875 0.052734375
0 0.2724609375 0.82373046875 0.201171875 0.0498046875
0 0.68505859375 0.9775390625 0.0693359375 0.0234375
0 0.8369140625 0.72802734375 0.109375 0.0751953125
0 0.4609375 0.71826171875 0.080078125 0.0419921875
0 0.11572265625 0.46630859375 0.0693359375 0.0615234375
0 0.3525390625 0.71337890625 0.134765625 0.0869140625
0 0.15771484375 0.8408203125 0.0673828125 0.03125
0 0.29345703125 0.24462890625 0.0576171875 0.0380859375
0 0.1259765625 0.734375 0.146484375 0.03515625
0 0.5458984375 0.73974609375 0.125 0.0771484375
0 0.55224609375 0.75732421875 0.0732421875 0.0361328125
