0 0.2998046875 0.0283203125 0.087890625 0.056640625
0 0.38916015625 0.044921875 0.0595703125 0.08984375
0 0.439453125 0.0888671875 0.099609375 0.0859375
0 0.96533203125 0.06640625 0.0693359375 0.080078125
0 0.6982421875 0.08544921875 0.0859375 0.0751953125
0 0.626953125 0.0654296875 0.09375 0.064453125
0 0.88623046875 0.11083984375 0.0927734375 0.0712890625
0 0.7939453125 0.13330078125 0.0625 0.0751953125
0 0.61572265625 0.35205078125 0.0888671875 0.0478515625
0 0.68896484375 0.44970703125 0.1181640625 0.1044921875
0 0.28857421875 0.1640625 0.0810546875 0.0859375
0 0.34716796875 0.19873046875 0.0478515625 0.1064453125
0 0.0283203125 0.30517578125 0.056640625 0.0654296875
0 0.09423828125 0.4873046875 0.0634765625 0.0625
0 0.09912109375 0.5703125 0.0654296875 0.0703125
0 0.20556640625 0.57080078125 0.0771484375 0.0966796875
0 0.2314453125 0.48828125 0.068359375 0.08203125
0 0.53173828125 0.5126953125 0.0732421875 0.08984375
0 0.6220703125 0.6259765625 0.12109375 0.076171875
0 0.78271484375 0.71923828125 0.1123046875 0.1396484375
0 0.73095703125 0.79052734375 0.0693359375 0.0732421875
0 0.62939453125 0.7041015625 0.0966796875 0.064453125
0 0.5244140625 0.8720703125 0.072265625 0.16015625
0 0.64892578125 0.8837890625 0.0673828125 0.0625
0 0.73193359375 0.90234375 0.0654296875 0.08984375
0 0.39599609375 0.8037109375 0.0849609375 0.076171875
0 0.37451171875 0.90234375 0.0810546875 0.091796875
0 0.21435546875 0.8701171875 0.0869140625 0.068359375
0 0.14501953125 0.80224609375 0.0673828125 0.0654296875
0 0.08544921875 0.79736328125 0.0634765625 0.0927734375
0 0.02099609375 0.7685546875 0.0419921875 0.068359375
0 0.14794921875 0.95166015625 0.0732421875 0.0966796875
0 0.24072265625 0.7412109375 0.0517578125 0.046875
0 0.2724609375 0.68017578125 0.05078125 0.0341796875
0 0.30029296875 0.63232421875 0.0771484375 0.0634765625
0 0.3486328125 0.65185546875 0.064453125 0.0732421875
0 0.265625 0.2919921875 0.03515625 0.05859375
0 0.4013671875 0.42138671875 0.04296875 0.0537109375
0 0.19482421875 0.13134765625 0.0478515625 0.0634765625
0 0.60791015625 0.2568359375 0.0986328125 0.07421875
0 0.662109375 0.5419921875 0.068359375 0.048828125
0 0.43603515625 0.57080078125 0.0751953125 0.0634765625
0 0.4609375 0.66796875 0.06640625 0.07421875
0 0.67578125 0.96728515625 0.056640625 0.0517578125
0 0.87255859375 0.69091796875 0.0576171875 0.0361328125
0 0.93798828125 0.48193359375 0.0693359375 0.0478515625
0 0.974609375 0.43359375 0.05078125 0.0859375
