0 0.41162109375 0.02783203125 0.0869140625 0.0556640625
0 0.87060546875 0.36572265625 0.0615234375 0.1630859375
0 0.92236328125 0.396484375 0.0810546875 0.1015625
0 0.89013671875 0.521484375 0.0732421875 0.09765625
0 0.9677734375 0.45947265625 0.064453125 0.0615234375
0 0.63427734375 0.38916015625 0.2431640625 0.1025390625
0 0.603515625 0.4482421875 0.076171875 0.125
0 0.51708984375 0.4091796875 0.0615234375 0.068359375
0 0.6025390625 0.31298828125 0.078125 0.0693359375
0 0.49951171875 0.2138671875 0.0888671875 0.109375
0 0.68408203125 0.27783203125 0.0693359375 0.0556640625
0 0.77587890625 0.26220703125 0.0654296875 0.1630859375
0 0.7763671875 0.09423828125 0.115234375 0.1884765625
0 0.19091796875 0.18603515625 0.0751953125 0.1044921875
0 0.337890625 0.31982421875 0.095703125 0.0830078125
0 0.056640625 0.2880859375 0.11328125 0.072265625
0 0.1533203125 0.30078125 0.126953125 0.09375
0 0.15869140625 0.41357421875 0.2001953125 0.0830078125
0 0.02783203125 0.373046875 0.0556640625 0.103515625
0 0.24951171875 0.48388671875 0.1181640625 0.0693359375
0 0.43896484375 0.47314453125 0.1513671875 0.0751953125
0 0.3662109375 0.52734375 0.1015625 0.09375
0 0.4462890625 0.56298828125 0.15625 0.0771484375
0 0.54443359375 0.49072265625 0.0673828125 0.0830078125
0 0.58251953125 0.599609375 0.0849609375 0.150390625
0 0.751953125 0.5927734375 0.123046875 0.177734375
0 0.7265625 0.74072265625 0.126953125 0.1787109375
0 0.5986328125 0.744140625 0.12109375 0.138671875
0 0.35205078125 0.79833984375 0.1826171875 0.0517578125
0 0.95849609375 0.73486328125 0.0830078125 0.1025390625
0 0.9091796875 0.7265625 0.068359375 0.05859375
0 0.97021484375 0.89794921875 0.0595703125 0.0615234375
0 0.94482421875 0.95849609375 0.0791015625 0.0830078125
0 0.6376953125 0.87744140625 0.154296875 0.0673828125
0 0.486328125 0.89697265625 0.130859375 0.0595703125
0 0.33984375 0.85400390625 0.158203125 0.0556640625
0 0.142578125 0.95654296875 0.0859375 0.0869140625
0 0.052734375 0.94287109375 0.10546875 0.0830078125
0 0.9873046875 0.33935546875 0.025390625 0.0615234375
0 0.28466796875 0.9677734375 0.0693359375 0.064453125
0 0.03759765625 0.43017578125 0.0751953125 0.0615234375
0 0.03271484375 0.51171875 0.0654296875 0.0546875
0 0.55810546875 0.970703125 0.0634765625 0.05859375
