0 0.11962890625 0.15625 0.1220703125 0.1015625
0 0.08056640625 0.44873046875 0.1005859375 0.2060546875
0 0.29248046875 0.6083984375 0.1787109375 0.0859375
0 0.4580078125 0.33935546875 0.13671875 0.0751953125
0 0.3916015625 0.1416015625 0.119140625 0.111328125
0 0.8291015625 0.16845703125 0.0859375 0.1005859375
0 0.80810546875 0.44921875 0.0791015625 0.123046875
0 0.86767578125 0.6357421875 0.1318359375 0.115234375
0 0.94775390625 0.28662109375 0.0771484375 0.2021484375
0 0.984375 0.31689453125 0.03125 0.1845703125
0 0.74072265625 0.69580078125 0.1103515625 0.0771484375
0 0.4091796875 0.87060546875 0.111328125 0.0849609375
0 0.36083984375 0.96435546875 0.0771484375 0.0712890625
0 0.24462890625 0.9931640625 0.0634765625 0.013671875
0 0.69287109375 0.94384765625 0.0869140625 0.1123046875
0 0.89013671875 0.92529296875 0.0654296875 0.0673828125
0 0.984375 0.92138671875 0.03125 0.1064453125
0 0.9873046875 0.75537109375 0.025390625 0.0888671875
0 0.455078125 0.275390625 0.126953125 0.06640625
0 0.6708984375 0.0244140625 0.150390625 0.048828125
0 0.03076171875 0.908203125 0.0615234375 0.080078125
0 0.4697265625 0.97705078125 0.09375 0.0458984375
0 0.83203125 0.96240234375 0.087890625 0.0595703125
