0 0.16845703125 0.107421875 0.0927734375 0.08984375
0 0.78076171875 0.81103515625 0.1025390625 0.1376953125
0 0.29443359375 0.19091796875 0.0654296875 0.0927734375
0 0.88818359375 0.31689453125 0.1103515625 0.1025390625
0 0.8671875 0.4755859375 0.150390625 0.15234375
0 0.32080078125 0.07470703125 0.0732421875 0.1494140625
0 0.0947265625 0.072265625 0.0703125 0.0703125
0 0.9443359375 0.36865234375 0.08984375 0.0947265625
0 0.17041015625 0.45849609375 0.1123046875 0.1279296875
0 0.82080078125 0.54052734375 0.0732421875 0.1123046875
0 0.73828125 0.01953125 0.068359375 0.0390625
0 0.251953125 0.029296875 0.083984375 0.05859375
0 0.98193359375 0.04736328125 0.0361328125 0.0732421875
0 0.96728515625 0.51953125 0.0654296875 0.125
0 0.66455078125 0.93798828125 0.0654296875 0.1240234375
0 0.08544921875 0.3544921875 0.1123046875 0.169921875
0 0.86962890625 0.220703125 0.0849609375 0.1328125
0 0.97705078125 0.88330078125 0.0458984375 0.1572265625
0 0.099609375 0.921875 0.0703125 0.140625
0 0.2109375 0.38330078125 0.087890625 0.1123046875
0 0.2666015625 0.08544921875 0.072265625 0.0634765625
0 0.2333984375 0.2783203125 0.0625 0.1328125
0 0.15869140625 0.85986328125 0.1025390625 0.1416015625
0 0.63232421875 0.630859375 0.0751953125 0.078125
0 0.19482421875 0.892578125 0.0830078125 0.21484375
0 0.9306640625 0.2177734375 0.078125 0.099609375
0 0.91943359375 0.4873046875 0.0751953125 0.16015625
0 0.03076171875 0.45703125 0.0576171875 0.21484375
0 0.02197265625 0.7705078125 0.0400390625 0.162109375
0 0.0810546875 0.7861328125 0.087890625 0.15234375
0 0.2373046875 0.8857421875 0.0546875 0.162109375
0 0.29052734375 0.86181640625 0.0771484375 0.2001953125
0 0.37841796875 0.7294921875 0.0576171875 0.095703125
0 0.326171875 0.92578125 0.0625 0.1328125
0 0.8681640625 0.96337890625 0.107421875 0.0732421875
0 0.73681640625 0.97216796875 0.0849609375 0.0556640625
0 0.0205078125 0.1318359375 0.041015625 0.083984375
0 0.15771484375 0.015625 0.0771484375 0.03125
