0 0.06787109375 0.9423828125 0.1142578125 0.1015625
0 0.16357421875 0.96875 0.0654296875 0.0625
0 0.2236328125 0.921875 0.080078125 0.072265625
0 0.3623046875 0.95947265625 0.0859375 0.0810546875
0 0.0380859375 0.3642578125 0.05859375 0.15234375
0 0.0693359375 0.06787109375 0.115234375 0.0712890625
0 0.15966796875 0.080078125 0.0732421875 0.076171875
0 0.208984375 0.044921875 0.140625 0.08984375
0 0.291015625 0.06201171875 0.072265625 0.0751953125
0 0.375 0.15234375 0.087890625 0.103515625
0 0.427734375 0.0693359375 0.13671875 0.068359375
0 0.3779296875 0.36328125 0.0625 0.119140625
0 0.45947265625 0.3837890625 0.1298828125 0.08203125
0 0.20703125 0.50048828125 0.10546875 0.1826171875
0 0.275390625 0.5966796875 0.076171875 0.115234375
0 0.13818359375 0.63916015625 0.0908203125 0.0830078125
0 0.54638671875 0.583984375 0.1162109375 0.10546875
0 0.58544921875 0.6796875 0.0634765625 0.07421875
0 0.52783203125 0.7177734375 0.0771484375 0.09375
0 0.36865234375 0.6953125 0.1220703125 0.111328125
0 0.125 0.79296875 0.25 0.08984375
0 0.697265625 0.9296875 0.1328125 0.068359375
0 0.8359375 0.7978515625 0.068359375 0.107421875
0 0.9306640625 0.822265625 0.138671875 0.078125
0 0.9755859375 0.75439453125 0.048828125 0.0751953125
0 0.87353515625 0.94482421875 0.0615234375 0.0556640625
0 0.89794921875 0.69189453125 0.0751953125 0.0693359375
0 0.86767578125 0.6494140625 0.0791015625 0.0703125
0 0.7998046875 0.6220703125 0.068359375 0.17578125
0 0.89404296875 0.5595703125 0.1181640625 0.087890625
0 0.921875 0.37451171875 0.091796875 0.0771484375
0 0.78759765625 0.3681640625 0.0771484375 0.080078125
0 0.73681640625 0.3291015625 0.0810546875 0.0703125
0 0.80029296875 0.19580078125 0.0712890625 0.0673828125
0 0.92041015625 0.10693359375 0.0888671875 0.1474609375
0 0.05517578125 0.4638671875 0.0458984375 0.056640625
0 0.64306640625 0.013671875 0.0810546875 0.0234375
0 0.77783203125 0.54248046875 0.0673828125 0.0537109375
0 0.66748046875 0.8828125 0.0576171875 0.05078125
