0 0.81103515625 0.55712890625 0.0927734375 0.1357421875
0 0.9375 0.35791015625 0.125 0.0673828125
0 0.56298828125 0.5009765625 0.1123046875 0.1171875
0 0.21826171875 0.2919921875 0.1376953125 0.0703125
0 0.1806640625 0.9384765625 0.107421875 0.123046875
0 0.3134765625 0.3720703125 0.08203125 0.125
0 0.919921875 0.69580078125 0.16015625 0.1025390625
0 0.662109375 0.75341796875 0.16015625 0.1025390625
0 0.1708984375 0.84423828125 0.16796875 0.0849609375
0 0.1904296875 0.56982421875 0.072265625 0.0751953125
0 0.1357421875 0.5009765625 0.078125 0.087890625
0 0.05810546875 0.29541015625 0.0771484375 0.1376953125
0 0.3134765625 0.77978515625 0.0625 0.0947265625
0 0.685546875 0.90966796875 0.162109375 0.1806640625
0 0.30712890625 0.87353515625 0.0556640625 0.0771484375
0 0.20947265625 0.091796875 0.1357421875 0.1796875
0 0.39453125 0.50439453125 0.205078125 0.1005859375
0 0.84716796875 0.25830078125 0.1201171875 0.0869140625
0 0.7548828125 0.69921875 0.080078125 0.169921875
0 0.96240234375 0.1767578125 0.0751953125 0.115234375
0 0.48681640625 0.39453125 0.1396484375 0.10546875
0 0.68701171875 0.3994140625 0.0849609375 0.125
0 0.4619140625 0.6044921875 0.08984375 0.14453125
0 0.54833984375 0.2783203125 0.3232421875 0.091796875
0 0.92431640625 0.0322265625 0.1201171875 0.060546875
0 0.23828125 0.64599609375 0.126953125 0.0771484375
0 0.63818359375 0.345703125 0.1376953125 0.287109375
0 0.283203125 0.4833984375 0.091796875 0.158203125
0 0.29345703125 0.03564453125 0.1728515625 0.0673828125
0 0.81591796875 0.90478515625 0.1630859375 0.1904296875
0 0.9814453125 0.07177734375 0.037109375 0.0673828125
0 0.74560546875 0.27099609375 0.0673828125 0.2626953125
0 0.78173828125 0.78857421875 0.1103515625 0.2978515625
0 0.5458984375 0.26171875 0.078125 0.134765625
0 0.92333984375 0.234375 0.0927734375 0.134765625
0 0.87841796875 0.96337890625 0.0927734375 0.0732421875
0 0.7880859375 0.25927734375 0.052734375 0.0849609375
0 0.3408203125 0.0947265625 0.052734375 0.14453125
0 0.11083984375 0.02685546875 0.0478515625 0.0498046875
0 0.19921875 0.20068359375 0.08984375 0.1630859375
0 0.3408203125 0.36962890625 0.0625 0.1396484375
0 0.49658203125 0.40185546875 0.0849609375 0.1845703125
0 0.02197265625 0.49609375 0.0400390625 0.0625
0 0.79931640625 0.91796875 0.1103515625 0.1328125
0 0.029296875 0.90478515625 0.0546875 0.0654296875
0 0.97265625 0.81689453125 0.0546875 0.0693359375
