0 0.5869140625 0.7333984375 0.08984375 0.107421875
0 0.97216796875 0.7744140625 0.0556640625 0.064453125
0 0.89599609375 0.5869140625 0.0830078125 0.095703125
0 0.76708984375 0.7880859375 0.0947265625 0.126953125
0 0.64306640625 0.140625 0.0771484375 0.072265625
0 0.7236328125 0.0361328125 0.07421875 0.064453125
0 0.6884765625 0.189453125 0.087890625 0.07421875
0 0.97119140625 0.6904296875 0.0576171875 0.0859375
0 0.63232421875 0.22998046875 0.0849609375 0.0849609375
0 0.9423828125 0.369140625 0.080078125 0.080078125
0 0.9658203125 0.2607421875 0.068359375 0.068359375
0 0.890625 0.46484375 0.078125 0.0703125
0 0.9326171875 0.10791015625 0.078125 0.0732421875
0 0.6591796875 0.39697265625 0.080078125 0.0849609375
0 0.6708984375 0.70703125 0.08203125 0.099609375
0 0.7158203125 0.4921875 0.08203125 0.099609375
0 0.7705078125 0.591796875 0.072265625 0.080078125
0 0.95703125 0.185546875 0.080078125 0.072265625
0 0.55859375 0.8232421875 0.072265625 0.068359375
0 0.04931640625 0.0244140625 0.0576171875 0.048828125
0 0.5908203125 0.96044921875 0.056640625 0.0791015625
0 0.98046875 0.0751953125 0.0390625 0.044921875
0 0.80859375 0.58984375 0.0625 0.0703125
0 0.595703125 0.904296875 0.072265625 0.0703125
0 0.88671875 0.95458984375 0.0546875 0.0908203125
0 0.71630859375 0.2568359375 0.0771484375 0.078125
