0 0.08642578125 0.81298828125 0.0810546875 0.1318359375
0 0.01806640625 0.44677734375 0.0361328125 0.0537109375
0 0.0732421875 0.5693359375 0.0546875 0.05859375
0 0.13525390625 0.6376953125 0.0478515625 0.052734375
0 0.130859375 0.58544921875 0.08203125 0.0537109375
0 0.1376953125 0.53857421875 0.052734375 0.0439453125
0 0.1083984375 0.4365234375 0.05859375 0.091796875
0 0.02783203125 0.10693359375 0.0556640625 0.0556640625
0 0.03076171875 0.15869140625 0.0615234375 0.0458984375
0 0.0283203125 0.20166015625 0.056640625 0.0712890625
0 0.11865234375 0.2177734375 0.0927734375 0.080078125
0 0.1845703125 0.15283203125 0.087890625 0.0654296875
0 0.265625 0.0908203125 0.103515625 0.080078125
0 0.3525390625 0.09033203125 0.05859375 0.0712890625
0 0.23828125 0.34033203125 0.056640625 0.0537109375
0 0.25634765625 0.287109375 0.0849609375 0.0625
0 0.255859375 0.2216796875 0.05859375 0.052734375
0 0.35546875 0.33056640625 0.099609375 0.0986328125
0 0.2978515625 0.4619140625 0.1015625 0.05859375
0 0.29833984375 0.5029296875 0.0947265625 0.044921875
0 0.20068359375 0.50927734375 0.0673828125 0.0556640625
0 0.271484375 0.6318359375 0.08203125 0.076171875
0 0.306640625 0.5966796875 0.064453125 0.068359375
0 0.3662109375 0.5869140625 0.078125 0.060546875
0 0.40087890625 0.50830078125 0.0595703125 0.0712890625
0 0.173828125 0.720703125 0.06640625 0.0546875
0 0.31396484375 0.81689453125 0.0810546875 0.0654296875
0 0.42578125 0.85400390625 0.083984375 0.0791015625
0 0.26123046875 0.86328125 0.1416015625 0.0625
0 0.26708984375 0.892578125 0.0771484375 0.068359375
0 0.09423828125 0.94873046875 0.0634765625 0.0498046875
0 0.03369140625 0.88037109375 0.0634765625 0.0712890625
0 0.35546875 0.013671875 0.119140625 0.02734375
0 0.041015625 0.97607421875 0.078125 0.0478515625
0 0.37890625 0.9755859375 0.052734375 0.048828125
0 0.4873046875 0.9736328125 0.0546875 0.052734375
0 0.56298828125 0.90869140625 0.0771484375 0.0576171875
0 0.53369140625 0.84326171875 0.0537109375 0.0498046875
0 0.587890625 0.85302734375 0.06640625 0.0517578125
0 0.57666015625 0.79541015625 0.0576171875 0.0458984375
0 0.67724609375 0.7783203125 0.0654296875 0.0703125
0 0.57080078125 0.64599609375 0.0888671875 0.0654296875
0 0.64501953125 0.66748046875 0.0888671875 0.0595703125
0 0.724609375 0.86474609375 0.119140625 0.0927734375
0 0.76220703125 0.97998046875 0.1044921875 0.0400390625
0 0.6357421875 0.970703125 0.076171875 0.05859375
0 0.93408203125 0.66064453125 0.1318359375 0.0810546875
0 0.8212890625 0.53759765625 0.109375 0.0771484375
0 0.86328125 0.5810546875 0.091796875 0.060546875
0 0.599609375 0.5078125 0.162109375 0.068359375
0 0.49169921875 0.42626953125 0.1533203125 0.0927734375
0 0.4033203125 0.294921875 0.048828125 0.05078125
0 0.48193359375 0.25927734375 0.0810546875 0.0576171875
0 0.5029296875 0.33642578125 0.060546875 0.0654296875
0 0.583984375 0.28759765625 0.09375 0.0673828125
0 0.61083984375 0.1689453125 0.0966796875 0.056640625
0 0.49609375 0.08447265625 0.111328125 0.0849609375
0 0.431640625 0.1611328125 0.056640625 0.0625
0 0.69775390625 0.11474609375 0.0556640625 0.0693359375
0 0.74462890625 0.06494140625 0.0634765625 0.0537109375
0 0.7451171875 0.19189453125 0.087890625 0.0615234375
0 0.88623046875 0.078125 0.1396484375 0.1328125
0 0.8740234375 0.1865234375 0.09765625 0.05859375
0 0.92041015625 0.18310546875 0.1552734375 0.1123046875
0 0.73486328125 0.28125 0.1572265625 0.07421875
0 0.71826171875 0.353515625 0.0888671875 0.078125
0 0.84521484375 0.35693359375 0.1064453125 0.0517578125
0 0.73388671875 0.43310546875 0.0869140625 0.0732421875
0 0.88818359375 0.4609375 0.1123046875 0.078125
0 0.48681640625 0.8935546875 0.0400390625 0.04296875
0 0.33837890625 0.96044921875 0.0498046875 0.0537109375
0 0.57470703125 0.38330078125 0.0693359375 0.0576171875
0 0.60986328125 0.72607421875 0.0693359375 0.0595703125
0 0.89599609375 0.26416015625 0.0634765625 0.0908203125
0 0.56689453125 0.052734375 0.0419921875 0.07421875
