0 0.826171875 0.14697265625 0.15234375 0.0693359375
0 0.80810546875 0.40576171875 0.1123046875 0.1025390625
0 0.75341796875 0.5458984375 0.1630859375 0.123046875
0 0.65478515625 0.28076171875 0.1103515625 0.0869140625
0 0.83447265625 0.244140625 0.1396484375 0.080078125
0 0.85107421875 0.06591796875 0.1123046875 0.0673828125
0 0.9375 0.0859375 0.125 0.08203125
0 0.7734375 0.45703125 0.1875 0.095703125
0 0.7607421875 0.01953125 0.142578125 0.0390625
0 0.7802734375 0.61376953125 0.134765625 0.1025390625
0 0.45849609375 0.2646484375 0.0830078125 0.134765625
0 0.9375 0.42822265625 0.125 0.0771484375
0 0.7958984375 0.1806640625 0.1328125 0.078125
0 0.96728515625 0.166015625 0.0654296875 0.0625
0 0.6396484375 0.42724609375 0.09765625 0.1123046875
