0 0.55908203125 0.15625 0.0791015625 0.0625
0 0.275390625 0.24169921875 0.146484375 0.0732421875
0 0.20166015625 0.36865234375 0.0732421875 0.1181640625
0 0.515625 0.33740234375 0.12109375 0.0673828125
0 0.34033203125 0.50732421875 0.1123046875 0.0869140625
0 0.6396484375 0.50439453125 0.076171875 0.0458984375
0 0.75390625 0.38720703125 0.09375 0.0712890625
0 0.8896484375 0.34912109375 0.103515625 0.0634765625
0 0.853515625 0.2109375 0.0625 0.064453125
0 0.9794921875 0.19970703125 0.041015625 0.0439453125
0 0.9853515625 0.37109375 0.029296875 0.041015625
0 0.87060546875 0.427734375 0.0830078125 0.0546875
0 0.90283203125 0.525390625 0.0595703125 0.0546875
0 0.94140625 0.70263671875 0.068359375 0.0595703125
0 0.7578125 0.66796875 0.10546875 0.068359375
0 0.705078125 0.626953125 0.0625 0.048828125
0 0.55029296875 0.6435546875 0.0908203125 0.115234375
0 0.2412109375 0.6796875 0.126953125 0.087890625
0 0.20849609375 0.5302734375 0.0986328125 0.05859375
0 0.06201171875 0.54736328125 0.1181640625 0.0654296875
0 0.06396484375 0.41650390625 0.1279296875 0.0576171875
0 0.091796875 0.26025390625 0.091796875 0.0556640625
0 0.11572265625 0.76171875 0.0576171875 0.0546875
0 0.8134765625 0.89892578125 0.060546875 0.0888671875
0 0.7294921875 0.8359375 0.103515625 0.064453125
0 0.65869140625 0.95166015625 0.0751953125 0.0634765625
0 0.54833984375 0.88037109375 0.0458984375 0.0927734375
0 0.4951171875 0.93115234375 0.06640625 0.1298828125
0 0.34033203125 0.89697265625 0.1123046875 0.1220703125
0 0.5615234375 0.97509765625 0.05859375 0.0439453125
0 0.21484375 0.96435546875 0.091796875 0.0673828125
0 0.1083984375 0.89208984375 0.076171875 0.1005859375
0 0.044921875 0.96533203125 0.08984375 0.0556640625
0 0.04052734375 0.89892578125 0.0810546875 0.0712890625
0 0.861328125 0.9716796875 0.068359375 0.056640625
0 0.755859375 0.904296875 0.05078125 0.0390625
