0 0.49853515625 0.97705078125 0.0693359375 0.0458984375
0 0.6025390625 0.90283203125 0.0625 0.1044921875
0 0.68359375 0.8701171875 0.091796875 0.087890625
0 0.97998046875 0.82080078125 0.0400390625 0.0615234375
0 0.94091796875 0.7421875 0.0771484375 0.095703125
0 0.97998046875 0.71923828125 0.0400390625 0.0791015625
0 0.826171875 0.63037109375 0.06640625 0.0634765625
0 0.47021484375 0.8720703125 0.1005859375 0.0625
0 0.3740234375 0.9541015625 0.1015625 0.06640625
0 0.54833984375 0.810546875 0.0908203125 0.11328125
0 0.48876953125 0.76904296875 0.0517578125 0.0673828125
0 0.60546875 0.81396484375 0.064453125 0.0712890625
0 0.9091796875 0.5205078125 0.0703125 0.076171875
0 0.9697265625 0.53271484375 0.060546875 0.1591796875
0 0.86328125 0.4140625 0.115234375 0.072265625
0 0.9736328125 0.400390625 0.05078125 0.052734375
0 0.9638671875 0.12451171875 0.072265625 0.1103515625
0 0.884765625 0.1669921875 0.078125 0.08203125
0 0.78125 0.15234375 0.142578125 0.083984375
0 0.7705078125 0.04052734375 0.083984375 0.0712890625
0 0.72021484375 0.22802734375 0.1259765625 0.0888671875
0 0.6533203125 0.2841796875 0.05859375 0.126953125
0 0.5849609375 0.447265625 0.095703125 0.07421875
0 0.552734375 0.54833984375 0.060546875 0.1142578125
0 0.52099609375 0.57177734375 0.0576171875 0.0966796875
0 0.39892578125 0.59521484375 0.0810546875 0.0537109375
0 0.3193359375 0.474609375 0.068359375 0.072265625
0 0.40771484375 0.3447265625 0.0693359375 0.08984375
0 0.3701171875 0.65283203125 0.09375 0.0830078125
0 0.30029296875 0.697265625 0.0654296875 0.048828125
0 0.3095703125 0.73974609375 0.080078125 0.0478515625
0 0.314453125 0.78173828125 0.060546875 0.0771484375
0 0.357421875 0.8251953125 0.078125 0.05859375
0 0.2587890625 0.93310546875 0.08984375 0.0673828125
0 0.173828125 0.974609375 0.060546875 0.05078125
0 0.0625 0.98046875 0.111328125 0.0390625
0 0.0654296875 0.8447265625 0.056640625 0.109375
0 0.10693359375 0.88134765625 0.0458984375 0.0576171875
0 0.02978515625 0.7177734375 0.0595703125 0.08984375
0 0.20361328125 0.6640625 0.0615234375 0.07421875
0 0.0537109375 0.59814453125 0.080078125 0.0986328125
0 0.125 0.59033203125 0.08203125 0.0869140625
0 0.0556640625 0.244140625 0.078125 0.06640625
0 0.04931640625 0.37646484375 0.0693359375 0.0615234375
0 0.1162109375 0.333984375 0.0546875 0.052734375
0 0.22021484375 0.3271484375 0.1298828125 0.099609375
0 0.25634765625 0.451171875 0.0595703125 0.078125
0 0.01953125 0.140625 0.0390625 0.048828125
0 0.1767578125 0.0380859375 0.05078125 0.056640625
0 0.259765625 0.029296875 0.125 0.05859375
0 0.39453125 0.05419921875 0.076171875 0.1044921875
0 0.47998046875 0.06298828125 0.0810546875 0.0634765625
0 0.373046875 0.1435546875 0.107421875 0.119140625
0 0.375 0.20361328125 0.080078125 0.0830078125
0 0.4365234375 0.1474609375 0.068359375 0.05859375
0 0.46142578125 0.0185546875 0.1044921875 0.037109375
0 0.95458984375 0.69775390625 0.0478515625 0.0908203125
0 0.67822265625 0.03564453125 0.0693359375 0.0712890625
0 0.115234375 0.091796875 0.06640625 0.0703125
0 0.09326171875 0.7998046875 0.0771484375 0.052734375
0 0.986328125 0.34423828125 0.02734375 0.0654296875
0 0.93994140625 0.56640625 0.0595703125 0.056640625
0 0.11865234375 0.98486328125 0.0732421875 0.0302734375
0 0.01220703125 0.80517578125 0.0244140625 0.0615234375
