0 0.37646484375 0.03271484375 0.1064453125 0.0654296875
0 0.26318359375 0.04638671875 0.1142578125 0.0849609375
0 0.22802734375 0.20849609375 0.0673828125 0.0849609375
0 0.50927734375 0.046875 0.0810546875 0.052734375
0 0.478515625 0.11181640625 0.08984375 0.1279296875
0 0.3212890625 0.39404296875 0.05078125 0.0576171875
0 0.28564453125 0.48388671875 0.0810546875 0.0791015625
0 0.34130859375 0.51611328125 0.0732421875 0.0771484375
0 0.39599609375 0.4833984375 0.0751953125 0.0625
0 0.4599609375 0.40185546875 0.087890625 0.0634765625
0 0.54541015625 0.5029296875 0.0888671875 0.0703125
0 0.4013671875 0.59765625 0.072265625 0.109375
0 0.27734375 0.57177734375 0.158203125 0.0966796875
0 0.22802734375 0.615234375 0.0810546875 0.056640625
0 0.26025390625 0.68505859375 0.0537109375 0.0537109375
0 0.16015625 0.65478515625 0.060546875 0.0537109375
0 0.181640625 0.7392578125 0.064453125 0.08203125
0 0.15283203125 0.82373046875 0.0751953125 0.1630859375
0 0.0966796875 0.91064453125 0.091796875 0.0966796875
0 0.0263671875 0.85400390625 0.052734375 0.1025390625
0 0.28857421875 0.79443359375 0.0498046875 0.1064453125
0 0.33349609375 0.78515625 0.0517578125 0.068359375
0 0.32275390625 0.70556640625 0.0400390625 0.0556640625
0 0.36279296875 0.6904296875 0.0712890625 0.08203125
0 0.33251953125 0.640625 0.0517578125 0.060546875
0 0.46484375 0.73193359375 0.0625 0.0927734375
0 0.51318359375 0.73291015625 0.0751953125 0.1142578125
0 0.431640625 0.80859375 0.142578125 0.154296875
0 0.42041015625 0.86962890625 0.1552734375 0.0673828125
0 0.271484375 0.95361328125 0.072265625 0.0810546875
0 0.4658203125 0.95947265625 0.076171875 0.0810546875
0 0.5986328125 0.923828125 0.1015625 0.068359375
0 0.54931640625 0.97216796875 0.0576171875 0.0458984375
0 0.75 0.9404296875 0.0703125 0.068359375
0 0.74365234375 0.97802734375 0.0693359375 0.0439453125
0 0.89697265625 0.93408203125 0.1025390625 0.0810546875
0 0.783203125 0.80078125 0.087890625 0.0625
0 0.72802734375 0.65771484375 0.1005859375 0.0693359375
0 0.81689453125 0.6201171875 0.0654296875 0.109375
0 0.71435546875 0.52099609375 0.0791015625 0.1044921875
0 0.84033203125 0.53759765625 0.1240234375 0.0673828125
0 0.72900390625 0.40185546875 0.0732421875 0.0791015625
0 0.95849609375 0.42626953125 0.0751953125 0.0751953125
0 0.8642578125 0.17333984375 0.076171875 0.2138671875
0 0.78564453125 0.2568359375 0.0751953125 0.146484375
0 0.8134765625 0.2158203125 0.06640625 0.095703125
0 0.68017578125 0.19677734375 0.0576171875 0.1201171875
0 0.65380859375 0.2734375 0.0556640625 0.080078125
0 0.70703125 0.09521484375 0.0625 0.1279296875
0 0.75146484375 0.099609375 0.0654296875 0.09375
0 0.79443359375 0.06298828125 0.0517578125 0.0654296875
0 0.57958984375 0.04443359375 0.0732421875 0.0888671875
0 0.75732421875 0.013671875 0.0791015625 0.02734375
0 0.1064453125 0.96630859375 0.07421875 0.0673828125
