0 0.14794921875 0.04296875 0.0849609375 0.0859375
0 0.01611328125 0.02392578125 0.0322265625 0.0478515625
0 0.67822265625 0.01123046875 0.0810546875 0.0224609375
0 0.908203125 0.09375 0.09765625 0.142578125
0 0.6650390625 0.1123046875 0.095703125 0.08984375
0 0.36328125 0.2236328125 0.099609375 0.140625
0 0.34130859375 0.40771484375 0.0927734375 0.1123046875
0 0.03173828125 0.39208984375 0.0634765625 0.0927734375
0 0.6484375 0.341796875 0.140625 0.099609375
0 0.85595703125 0.470703125 0.1513671875 0.095703125
0 0.638671875 0.5234375 0.08984375 0.07421875
0 0.49072265625 0.44482421875 0.0869140625 0.0673828125
0 0.47216796875 0.69921875 0.1767578125 0.1484375
0 0.1552734375 0.75830078125 0.083984375 0.0908203125
0 0.03369140625 0.4912109375 0.0673828125 0.1015625
0 0.0458984375 0.74267578125 0.091796875 0.1708984375
0 0.01123046875 0.82666015625 0.0224609375 0.0810546875
0 0.25732421875 0.94189453125 0.1162109375 0.0927734375
0 0.3828125 0.89013671875 0.12109375 0.0810546875
0 0.412109375 0.84033203125 0.09375 0.0771484375
0 0.5830078125 0.90966796875 0.09765625 0.0869140625
0 0.81884765625 0.74560546875 0.0615234375 0.0732421875
0 0.9248046875 0.78759765625 0.099609375 0.0810546875
0 0.86962890625 0.55615234375 0.0908203125 0.0986328125
0 0.06591796875 0.54931640625 0.0673828125 0.0458984375
