0 0.30078125 0.08349609375 0.11328125 0.0830078125
0 0.83544921875 0.03125 0.1025390625 0.0625
0 0.8173828125 0.22216796875 0.09765625 0.0947265625
0 0.49072265625 0.33642578125 0.0810546875 0.0732421875
0 0.27685546875 0.3720703125 0.1103515625 0.10546875
0 0.40576171875 0.03857421875 0.0966796875 0.0771484375
0 0.6806640625 0.5771484375 0.08203125 0.125
0 0.462890625 0.654296875 0.15234375 0.095703125
0 0.63916015625 0.42236328125 0.0849609375 0.1201171875
0 0.74169921875 0.0458984375 0.0751953125 0.091796875
0 0.2939453125 0.51708984375 0.12890625 0.0830078125
0 0.53955078125 0.09326171875 0.0654296875 0.0673828125
0 0.693359375 0.224609375 0.078125 0.099609375
0 0.5068359375 0.1806640625 0.080078125 0.078125
0 0.55810546875 0.26220703125 0.0673828125 0.0654296875
0 0.5771484375 0.17919921875 0.140625 0.0751953125
0 0.53173828125 0.0224609375 0.0751953125 0.044921875
0 0.974609375 0.4169921875 0.05078125 0.095703125
0 0.1201171875 0.1279296875 0.0625 0.10546875
0 0.3916015625 0.359375 0.109375 0.109375
0 0.1669921875 0.25927734375 0.17578125 0.1396484375
0 0.671875 0.7236328125 0.1015625 0.09765625
0 0.439453125 0.08837890625 0.0703125 0.0771484375
0 0.505859375 0.046875 0.078125 0.08984375
0 0.0498046875 0.2099609375 0.099609375 0.10546875
0 0.76953125 0.5244140625 0.064453125 0.08984375
