0 0.77685546875 0.80322265625 0.1005859375 0.0927734375
0 0.2158203125 0.64013671875 0.10546875 0.0673828125
0 0.69580078125 0.06591796875 0.1376953125 0.0576171875
0 0.42529296875 0.4638671875 0.1201171875 0.080078125
0 0.26171875 0.8232421875 0.08984375 0.123046875
0 0.31884765625 0.09521484375 0.0849609375 0.0771484375
0 0.41162109375 0.05908203125 0.1201171875 0.0673828125
0 0.49462890625 0.3984375 0.1201171875 0.087890625
0 0.61865234375 0.58203125 0.1923828125 0.0703125
0 0.35107421875 0.01708984375 0.0830078125 0.0341796875
0 0.63720703125 0.4208984375 0.1455078125 0.08203125
0 0.03125 0.1181640625 0.0625 0.072265625
0 0.38037109375 0.66748046875 0.0654296875 0.0849609375
0 0.27001953125 0.1650390625 0.1201171875 0.0625
0 0.591796875 0.3671875 0.080078125 0.0546875
0 0.68798828125 0.3193359375 0.0673828125 0.16015625
0 0.90576171875 0.10205078125 0.0751953125 0.2041015625
0 0.0234375 0.59228515625 0.046875 0.1201171875
0 0.45166015625 0.8095703125 0.2099609375 0.0703125
0 0.1044921875 0.529296875 0.060546875 0.115234375
0 0.18212890625 0.7119140625 0.0556640625 0.109375
0 0.533203125 0.74462890625 0.1171875 0.0751953125
0 0.142578125 0.30615234375 0.0703125 0.0751953125
0 0.140625 0.57568359375 0.08203125 0.0576171875
0 0.6943359375 0.134765625 0.0546875 0.0703125
0 0.0791015625 0.2431640625 0.09765625 0.056640625
0 0.0361328125 0.21484375 0.072265625 0.0625
0 0.0322265625 0.33203125 0.064453125 0.0703125
0 0.4072265625 0.2158203125 0.08984375 0.0625
0 0.60595703125 0.7919921875 0.0830078125 0.064453125
0 0.8818359375 0.67578125 0.0703125 0.072265625
0 0.27099609375 0.251953125 0.0576171875 0.05078125
0 0.8896484375 0.4892578125 0.1953125 0.16015625
0 0.7373046875 0.70458984375 0.0546875 0.0556640625
0 0.18603515625 0.11328125 0.0673828125 0.068359375
0 0.2392578125 0.42822265625 0.080078125 0.0830078125
0 0.64208984375 0.68212890625 0.0751953125 0.0595703125
0 0.93212890625 0.763671875 0.1357421875 0.08984375
0 0.751953125 0.498046875 0.064453125 0.09765625
0 0.39697265625 0.345703125 0.1005859375 0.08203125
0 0.03662109375 0.794921875 0.0732421875 0.091796875
0 0.6357421875 0.29443359375 0.052734375 0.0654296875
0 0.82666015625 0.3193359375 0.1650390625 0.060546875
0 0.07080078125 0.89208984375 0.0673828125 0.1044921875
0 0.181640625 0.890625 0.080078125 0.09765625
0 0.4384765625 0.91845703125 0.1328125 0.0673828125
0 0.80322265625 0.685546875 0.1279296875 0.08203125
0 0.8583984375 0.22314453125 0.08203125 0.0830078125
0 0.32421875 0.41796875 0.080078125 0.27734375
0 0.1484375 0.759765625 0.078125 0.115234375
0 0.6923828125 0.0009765625 0.080078125 0.001953125
0 0.58740234375 0.90673828125 0.2900390625 0.0751953125
0 0.1259765625 0.912109375 0.0625 0.17578125
0 0.63427734375 0.52734375 0.1396484375 0.0703125
0 0.92236328125 0.26318359375 0.0849609375 0.1181640625
0 0.88427734375 0.376953125 0.1552734375 0.125
0 0.09326171875 0.11083984375 0.0576171875 0.0380859375
0 0.8935546875 0.8095703125 0.072265625 0.0703125
0 0.95458984375 0.59326171875 0.0849609375 0.0517578125
0 0.52099609375 0.5419921875 0.1279296875 0.0546875
0 0.30810546875 0.21826171875 0.0380859375 0.1025390625
0 0.8232421875 0.537109375 0.09765625 0.05078125
0 0.91455078125 0.4130859375 0.0849609375 0.04296875
0 0.93896484375 0.46337890625 0.1220703125 0.0654296875
0 0.31689453125 0.96484375 0.0693359375 0.0703125
0 0.04443359375 0.90576171875 0.0888671875 0.0595703125
0 0.95166015625 0.21337890625 0.0751953125 0.0673828125
0 0.44580078125 0.5546875 0.0771484375 0.060546875
0 0.9345703125 0.158203125 0.125 0.0625
0 0.36572265625 0.18701171875 0.0576171875 0.0654296875
0 0.65673828125 0.87451171875 0.0498046875 0.1396484375
0 0.5419921875 0.27099609375 0.0546875 0.0478515625
0 0.78857421875 0.88427734375 0.0478515625 0.0478515625
0 0.2197265625 0.41455078125 0.099609375 0.0654296875
0 0.068359375 0.64208984375 0.13671875 0.0693359375
0 0.0869140625 0.47705078125 0.064453125 0.0556640625
0 0.70947265625 0.78076171875 0.0498046875 0.0576171875
0 0.60595703125 0.6982421875 0.0830078125 0.08203125
0 0.48974609375 0.8359375 0.1552734375 0.123046875
0 0.283203125 0.97119140625 0.046875 0.0576171875
0 0.986328125 0.8779296875 0.02734375 0.07421875
0 0.978515625 0.8095703125 0.04296875 0.099609375
0 0.90673828125 0.626953125 0.0751953125 0.03515625
0 0.31982421875 0.4482421875 0.0751953125 0.0625
0 0.57568359375 0.47314453125 0.0380859375 0.0673828125
0 0.95166015625 0.3818359375 0.0498046875 0.0546875
0 0.81591796875 0.7431640625 0.0673828125 0.08203125
0 0.91357421875 0.18212890625 0.1728515625 0.0654296875
0 0.974609375 0.109375 0.05078125 0.060546875
