0 0.533203125 0.4208984375 0.107421875 0.091796875
0 0.09814453125 0.439453125 0.0869140625 0.080078125
0 0.23828125 0.76220703125 0.1015625 0.0751953125
0 0.40673828125 0.65673828125 0.0947265625 0.0947265625
0 0.2431640625 0.3759765625 0.087890625 0.107421875
0 0.62353515625 0.8046875 0.1123046875 0.0703125
0 0.5869140625 0.18603515625 0.109375 0.0927734375
0 0.0205078125 0.89453125 0.041015625 0.0703125
0 0.07958984375 0.693359375 0.1142578125 0.052734375
0 0.50732421875 0.93212890625 0.0947265625 0.0693359375
0 0.43701171875 0.74169921875 0.1103515625 0.0751953125
0 0.591796875 0.73583984375 0.099609375 0.0771484375
0 0.037109375 0.72607421875 0.07421875 0.0927734375
0 0.25732421875 0.24072265625 0.0947265625 0.0927734375
0 0.185546875 0.5517578125 0.09765625 0.0546875
0 0.4130859375 0.57470703125 0.087890625 0.0751953125
0 0.90673828125 0.05322265625 0.0830078125 0.0966796875
0 0.17333984375 0.1181640625 0.1025390625 0.09765625
0 0.3486328125 0.501953125 0.072265625 0.0703125
0 0.10986328125 0.11572265625 0.0947265625 0.0869140625
0 0.63818359375 0.658203125 0.1123046875 0.09765625
0 0.16943359375 0.4736328125 0.0556640625 0.052734375
0 0.67333984375 0.71435546875 0.1025390625 0.0751953125
0 0.11572265625 0.6494140625 0.1123046875 0.0546875
0 0.16845703125 0.0361328125 0.0673828125 0.0625
0 0.0224609375 0.30810546875 0.044921875 0.0751953125
0 0.18115234375 0.3310546875 0.1025390625 0.087890625
0 0.21728515625 0.50927734375 0.0849609375 0.0751953125
0 0.4794921875 0.97119140625 0.087890625 0.0400390625
0 0.43212890625 0.8818359375 0.0595703125 0.060546875
0 0.9296875 0.8173828125 0.10546875 0.080078125
0 0.9345703125 0.56884765625 0.072265625 0.0576171875
0 0.75439453125 0.69189453125 0.0849609375 0.0693359375
0 0.70068359375 0.603515625 0.0869140625 0.09765625
0 0.59912109375 0.5029296875 0.0849609375 0.0625
0 0.3857421875 0.4443359375 0.087890625 0.060546875
0 0.4697265625 0.36669921875 0.0703125 0.0751953125
0 0.4521484375 0.04931640625 0.0703125 0.0751953125
0 0.5185546875 0.0517578125 0.072265625 0.099609375
0 0.64990234375 0.04443359375 0.0849609375 0.0849609375
0 0.69580078125 0.04931640625 0.1083984375 0.0947265625
0 0.93994140625 0.2783203125 0.0849609375 0.056640625
0 0.9599609375 0.689453125 0.080078125 0.044921875
