0 0.00732421875 0.55322265625 0.0146484375 0.0810546875
0 0.09814453125 0.5341796875 0.0771484375 0.09375
0 0.02294921875 0.423828125 0.0458984375 0.1328125
0 0.26806640625 0.33251953125 0.0595703125 0.0615234375
0 0.18505859375 0.650390625 0.0791015625 0.15234375
0 0.23095703125 0.56787109375 0.0634765625 0.0947265625
0 0.30224609375 0.673828125 0.0791015625 0.16015625
0 0.47265625 0.6748046875 0.087890625 0.126953125
0 0.390625 0.43798828125 0.0859375 0.1005859375
0 0.35400390625 0.50927734375 0.0712890625 0.0771484375
0 0.47119140625 0.49560546875 0.0791015625 0.0732421875
0 0.17529296875 0.9091796875 0.1142578125 0.123046875
0 0.029296875 0.95654296875 0.05859375 0.0869140625
0 0.359375 0.908203125 0.126953125 0.10546875
0 0.5634765625 0.95947265625 0.08984375 0.0810546875
0 0.67431640625 0.76220703125 0.0693359375 0.1904296875
0 0.72998046875 0.740234375 0.0732421875 0.146484375
0 0.7685546875 0.69775390625 0.115234375 0.1455078125
0 0.58203125 0.546875 0.107421875 0.140625
0 0.93603515625 0.85400390625 0.1279296875 0.0869140625
0 0.87939453125 0.63134765625 0.0830078125 0.0908203125
0 0.60986328125 0.36083984375 0.0830078125 0.1005859375
0 0.61865234375 0.17724609375 0.0888671875 0.0908203125
0 0.96044921875 0.40625 0.0791015625 0.09765625
0 0.94775390625 0.0361328125 0.1044921875 0.072265625
0 0.16357421875 0.02099609375 0.0986328125 0.0419921875
0 0.33642578125 0.0302734375 0.0810546875 0.060546875
0 0.4619140625 0.02294921875 0.09375 0.0458984375
0 0.2802734375 0.07470703125 0.078125 0.0576171875
0 0.3935546875 0.07861328125 0.09765625 0.1123046875
0 0.97705078125 0.64599609375 0.0458984375 0.1611328125
