0 0.98388671875 0.69287109375 0.0322265625 0.0966796875
0 0.86767578125 0.03271484375 0.0849609375 0.0634765625
0 0.462890625 0.67431640625 0.083984375 0.0537109375
0 0.53515625 0.15673828125 0.1015625 0.1044921875
0 0.109375 0.67138671875 0.083984375 0.0556640625
0 0.63720703125 0.6875 0.1162109375 0.048828125
0 0.30322265625 0.37646484375 0.1162109375 0.0517578125
0 0.4423828125 0.37451171875 0.103515625 0.0400390625
0 0.10107421875 0.55322265625 0.0947265625 0.1240234375
0 0.1748046875 0.1171875 0.09765625 0.0625
0 0.6064453125 0.37890625 0.115234375 0.044921875
0 0.6123046875 0.4443359375 0.119140625 0.0546875
0 0.36865234375 0.71435546875 0.0927734375 0.0556640625
0 0.26953125 0.48828125 0.142578125 0.060546875
0 0.25537109375 0.072265625 0.1044921875 0.091796875
0 0.77734375 0.70458984375 0.123046875 0.0458984375
0 0.51611328125 0.2958984375 0.0869140625 0.11328125
0 0.25732421875 0.19775390625 0.1298828125 0.0361328125
0 0.67822265625 0.31982421875 0.1123046875 0.0654296875
0 0.43505859375 0.5224609375 0.1123046875 0.04296875
0 0.6435546875 0.34228515625 0.06640625 0.0888671875
0 0.9140625 0.595703125 0.0859375 0.072265625
0 0.689453125 0.20361328125 0.060546875 0.0751953125
0 0.83544921875 0.82080078125 0.1142578125 0.0478515625
0 0.05419921875 0.74658203125 0.1083984375 0.0439453125
0 0.6669921875 0.7568359375 0.091796875 0.02734375
0 0.46337890625 0.9833984375 0.0849609375 0.029296875
0 0.6806640625 0.650390625 0.1640625 0.0390625
0 0.22802734375 0.84912109375 0.1142578125 0.0810546875
0 0.6728515625 0.50634765625 0.095703125 0.0439453125
0 0.06396484375 0.2587890625 0.1279296875 0.046875
0 0.8955078125 0.095703125 0.0390625 0.0546875
0 0.41650390625 0.837890625 0.1357421875 0.056640625
0 0.234375 0.77734375 0.06640625 0.0625
0 0.84130859375 0.50537109375 0.1298828125 0.0341796875
0 0.97998046875 0.8212890625 0.0400390625 0.025390625
0 0.07421875 0.1064453125 0.138671875 0.072265625
0 0.5068359375 0.4296875 0.0625 0.0546875
0 0.37060546875 0.4912109375 0.1025390625 0.046875
0 0.5068359375 0.48095703125 0.16796875 0.0419921875
0 0.8291015625 0.98681640625 0.11328125 0.0263671875
0 0.78857421875 0.02001953125 0.0400390625 0.0380859375
0 0.12548828125 0.02392578125 0.0810546875 0.0478515625
0 0.8115234375 0.1591796875 0.07421875 0.02734375
0 0.53466796875 0.54541015625 0.1298828125 0.0458984375
0 0.97119140625 0.48193359375 0.0556640625 0.0439453125
0 0.65673828125 0.01171875 0.0712890625 0.0234375
0 0.5087890625 0.57958984375 0.142578125 0.0439453125
0 0.04931640625 0.0244140625 0.0869140625 0.0390625
0 0.0244140625 0.81982421875 0.048828125 0.0224609375
0 0.08544921875 0.708984375 0.0810546875 0.02734375
0 0.82763671875 0.55029296875 0.0830078125 0.0478515625
0 0.20068359375 0.5966796875 0.1083984375 0.046875
0 0.6669921875 0.5537109375 0.13671875 0.0390625
0 0.9755859375 0.02099609375 0.048828125 0.0400390625
0 0.93798828125 0.5517578125 0.0458984375 0.04296875
0 0.9921875 0.10302734375 0.015625 0.0302734375
0 0.19775390625 0.2333984375 0.1396484375 0.033203125
0 0.5341796875 0.86181640625 0.107421875 0.1181640625
0 0.4169921875 0.33984375 0.056640625 0.05078125
0 0.84619140625 0.73291015625 0.0537109375 0.0205078125
0 0.1640625 0.50048828125 0.078125 0.0361328125
0 0.10498046875 0.345703125 0.0576171875 0.052734375
0 0.61669921875 0.01171875 0.0400390625 0.0234375
0 0.7744140625 0.55615234375 0.05078125 0.0654296875
0 0.693359375 0.89013671875 0.11328125 0.0322265625
0 0.18603515625 0.02294921875 0.0458984375 0.0439453125
0 0.50439453125 0.75244140625 0.1201171875 0.0341796875
0 0.40869140625 0.755859375 0.1298828125 0.04296875
0 0.22021484375 0.75439453125 0.1298828125 0.1181640625
0 0.55615234375 0.5224609375 0.0908203125 0.046875
0 0.2783203125 0.1650390625 0.126953125 0.03125
0 0.58056640625 0.296875 0.0927734375 0.046875
0 0.453125 0.3125 0.1171875 0.029296875
0 0.84814453125 0.9306640625 0.1435546875 0.052734375
0 0.73779296875 0.92431640625 0.0791015625 0.0400390625
