0 0.990234375 0.693359375 0.01953125 0.095703125
0 0.7041015625 0.8369140625 0.06640625 0.0546875
0 0.75341796875 0.892578125 0.0771484375 0.087890625
0 0.88623046875 0.74951171875 0.0458984375 0.0888671875
0 0.853515625 0.8017578125 0.052734375 0.07421875
0 0.92236328125 0.8310546875 0.0654296875 0.146484375
0 0.76220703125 0.67578125 0.0595703125 0.109375
0 0.7197265625 0.630859375 0.0625 0.13671875
0 0.74755859375 0.54736328125 0.0576171875 0.0869140625
0 0.6591796875 0.3515625 0.1171875 0.0625
0 0.7197265625 0.2587890625 0.0546875 0.052734375
0 0.5556640625 0.5634765625 0.0625 0.1328125
0 0.615234375 0.70458984375 0.076171875 0.1025390625
0 0.50537109375 0.875 0.0830078125 0.18359375
0 0.5673828125 0.96484375 0.0703125 0.0703125
0 0.16259765625 0.91845703125 0.1240234375 0.0986328125
0 0.18408203125 0.75146484375 0.1201171875 0.1044921875
0 0.2529296875 0.7685546875 0.068359375 0.083984375
0 0.38427734375 0.67578125 0.0693359375 0.134765625
0 0.40576171875 0.55615234375 0.0478515625 0.0908203125
0 0.44091796875 0.57568359375 0.0517578125 0.1025390625
0 0.15478515625 0.447265625 0.0634765625 0.1640625
0 0.095703125 0.63427734375 0.083984375 0.0888671875
0 0.04345703125 0.70068359375 0.0869140625 0.0732421875
0 0.0615234375 0.78173828125 0.064453125 0.0615234375
0 0.17578125 0.11474609375 0.080078125 0.0478515625
0 0.09130859375 0.150390625 0.0576171875 0.068359375
0 0.029296875 0.05126953125 0.05859375 0.1025390625
0 0.65283203125 0.02001953125 0.0888671875 0.0400390625
0 0.501953125 0.02099609375 0.109375 0.0419921875
0 0.5498046875 0.04931640625 0.13671875 0.0810546875
0 0.6259765625 0.08642578125 0.076171875 0.0732421875
0 0.822265625 0.03369140625 0.08984375 0.0537109375
0 0.92431640625 0.095703125 0.1044921875 0.091796875
0 0.94482421875 0.0302734375 0.0791015625 0.060546875
0 0.7294921875 0.771484375 0.06640625 0.083984375
0 0.828125 0.08349609375 0.056640625 0.0908203125
