0 0.56298828125 0.82568359375 0.1416015625 0.1044921875
0 0.08544921875 0.66015625 0.1708984375 0.125
0 0.69677734375 0.16259765625 0.1396484375 0.1708984375
0 0.85205078125 0.25244140625 0.1455078125 0.1083984375
0 0.43017578125 0.36669921875 0.0849609375 0.1083984375
0 0.50830078125 0.26171875 0.1044921875 0.08203125
0 0.4091796875 0.09912109375 0.08984375 0.1318359375
0 0.05517578125 0.19287109375 0.1103515625 0.1103515625
0 0.296875 0.982421875 0.1015625 0.03515625
0 0.419921875 0.90771484375 0.10546875 0.1064453125
0 0.88134765625 0.95751953125 0.1162109375 0.0849609375
0 0.03271484375 0.06689453125 0.0654296875 0.1337890625
0 0.22998046875 0.06982421875 0.0791015625 0.1064453125
0 0.15966796875 0.26513671875 0.0908203125 0.0615234375
0 0.15673828125 0.33251953125 0.0830078125 0.0615234375
0 0.32177734375 0.2978515625 0.0791015625 0.0625
0 0.31640625 0.1884765625 0.05859375 0.091796875
0 0.4755859375 0.08740234375 0.087890625 0.1298828125
0 0.5263671875 0.0849609375 0.080078125 0.111328125
0 0.0615234375 0.91015625 0.091796875 0.1015625
0 0.57958984375 0.39208984375 0.0966796875 0.0595703125
0 0.60498046875 0.45166015625 0.1123046875 0.0595703125
0 0.208984375 0.5693359375 0.111328125 0.080078125
0 0.54345703125 0.95703125 0.0634765625 0.0859375
0 0.646484375 0.9462890625 0.0625 0.056640625
0 0.71435546875 0.99072265625 0.0732421875 0.0185546875
0 0.73779296875 0.974609375 0.0615234375 0.05078125
0 0.974609375 0.974609375 0.05078125 0.05078125
0 0.8818359375 0.0654296875 0.07421875 0.099609375
0 0.9140625 0.13623046875 0.095703125 0.0966796875
0 0.96630859375 0.36279296875 0.0673828125 0.0908203125
0 0.93017578125 0.4736328125 0.0791015625 0.09765625
0 0.9140625 0.58447265625 0.115234375 0.1005859375
0 0.89990234375 0.7158203125 0.0830078125 0.091796875
0 0.22021484375 0.32470703125 0.0732421875 0.0595703125
0 0.7451171875 0.40087890625 0.072265625 0.0751953125
