0 0.26953125 0.95849609375 0.115234375 0.0830078125
0 0.439453125 0.80712890625 0.109375 0.1005859375
0 0.30712890625 0.69677734375 0.0947265625 0.1396484375
0 0.751953125 0.60107421875 0.125 0.0771484375
0 0.189453125 0.2734375 0.17578125 0.126953125
0 0.29443359375 0.8447265625 0.1650390625 0.125
0 0.12109375 0.912109375 0.134765625 0.1328125
0 0.75390625 0.9130859375 0.087890625 0.080078125
0 0.36572265625 0.203125 0.1123046875 0.072265625
0 0.6708984375 0.73828125 0.09765625 0.08984375
0 0.1103515625 0.06787109375 0.107421875 0.1162109375
0 0.13623046875 0.54248046875 0.1650390625 0.1396484375
0 0.93408203125 0.16796875 0.0849609375 0.091796875
0 0.40576171875 0.41259765625 0.0947265625 0.1044921875
0 0.94580078125 0.33349609375 0.1083984375 0.2119140625
0 0.9560546875 0.83935546875 0.087890625 0.0908203125
0 0.669921875 0.5634765625 0.08984375 0.08203125
0 0.22314453125 0.7333984375 0.0966796875 0.091796875
0 0.89892578125 0.71337890625 0.0751953125 0.0927734375
0 0.974609375 0.49072265625 0.05078125 0.1025390625
0 0.728515625 0.18017578125 0.064453125 0.0927734375
0 0.53564453125 0.20458984375 0.1025390625 0.1142578125
0 0.982421875 0.0458984375 0.03515625 0.087890625
0 0.0380859375 0.35107421875 0.072265625 0.1025390625
0 0.2705078125 0.02099609375 0.103515625 0.0380859375
