0 0.06201171875 0.84765625 0.0771484375 0.056640625
0 0.04345703125 0.919921875 0.0693359375 0.0546875
0 0.05859375 0.9736328125 0.07421875 0.052734375
0 0.2744140625 0.98486328125 0.078125 0.0302734375
0 0.328125 0.9423828125 0.060546875 0.09765625
0 0.41162109375 0.9814453125 0.0791015625 0.037109375
0 0.47802734375 0.96875 0.0712890625 0.0625
0 0.49755859375 0.83544921875 0.0654296875 0.0556640625
0 0.58544921875 0.82373046875 0.0927734375 0.0947265625
0 0.07177734375 0.47705078125 0.0751953125 0.0732421875
0 0.16015625 0.48974609375 0.072265625 0.0966796875
0 0.21875 0.54052734375 0.06640625 0.0537109375
0 0.271484375 0.51513671875 0.0703125 0.0751953125
0 0.29150390625 0.46337890625 0.0634765625 0.0615234375
0 0.05224609375 0.3984375 0.0634765625 0.064453125
0 0.55419921875 0.3447265625 0.0751953125 0.072265625
0 0.4736328125 0.43017578125 0.072265625 0.0869140625
0 0.365234375 0.4775390625 0.0703125 0.091796875
0 0.42138671875 0.482421875 0.0888671875 0.06640625
0 0.42724609375 0.5693359375 0.0751953125 0.064453125
0 0.47216796875 0.62255859375 0.0849609375 0.0849609375
0 0.54638671875 0.6044921875 0.0830078125 0.103515625
0 0.53955078125 0.50439453125 0.0615234375 0.0634765625
0 0.59033203125 0.548828125 0.0673828125 0.083984375
0 0.84375 0.5283203125 0.087890625 0.087890625
0 0.7001953125 0.68017578125 0.0703125 0.0693359375
0 0.68017578125 0.837890625 0.0732421875 0.072265625
0 0.97021484375 0.82568359375 0.0595703125 0.0966796875
0 0.6591796875 0.9453125 0.05859375 0.064453125
0 0.73095703125 0.95361328125 0.0908203125 0.0888671875
0 0.9072265625 0.6083984375 0.044921875 0.0546875
0 0.15234375 0.44482421875 0.08203125 0.0498046875
0 0.50927734375 0.52880859375 0.0478515625 0.0537109375
0 0.70166015625 0.60546875 0.0419921875 0.04296875
0 0.7080078125 0.89404296875 0.052734375 0.0498046875
0 0.65576171875 0.99267578125 0.0673828125 0.0146484375
0 0.5400390625 0.98779296875 0.05078125 0.0244140625
