0 0.38427734375 0.1640625 0.0947265625 0.12109375
0 0.318359375 0.19970703125 0.064453125 0.0732421875
0 0.3681640625 0.25390625 0.109375 0.0625
0 0.1953125 0.083984375 0.08984375 0.068359375
0 0.1201171875 0.25 0.078125 0.091796875
0 0.22412109375 0.30322265625 0.0947265625 0.0849609375
0 0.16357421875 0.3681640625 0.0849609375 0.076171875
0 0.58544921875 0.1787109375 0.0732421875 0.078125
0 0.72705078125 0.08544921875 0.1982421875 0.1044921875
0 0.81787109375 0.17138671875 0.0986328125 0.0615234375
0 0.8759765625 0.21728515625 0.095703125 0.0439453125
0 0.7841796875 0.45166015625 0.08984375 0.0693359375
0 0.63720703125 0.24072265625 0.0537109375 0.0576171875
0 0.02978515625 0.06005859375 0.0595703125 0.0849609375
0 0.0361328125 0.1650390625 0.072265625 0.083984375
0 0.1787109375 0.03125 0.072265625 0.060546875
0 0.43994140625 0.35302734375 0.1103515625 0.0615234375
0 0.4140625 0.3076171875 0.060546875 0.0625
0 0.4921875 0.43701171875 0.095703125 0.0830078125
0 0.38134765625 0.51123046875 0.0791015625 0.1220703125
0 0.4453125 0.5302734375 0.07421875 0.134765625
0 0.08447265625 0.494140625 0.0615234375 0.08984375
0 0.029296875 0.4775390625 0.056640625 0.083984375
0 0.060546875 0.62158203125 0.099609375 0.0869140625
0 0.05859375 0.55322265625 0.091796875 0.0830078125
0 0.21533203125 0.72998046875 0.1240234375 0.1357421875
0 0.205078125 0.837890625 0.072265625 0.06640625
0 0.12646484375 0.7939453125 0.0732421875 0.078125
0 0.44921875 0.72802734375 0.064453125 0.0654296875
0 0.421875 0.62109375 0.111328125 0.072265625
0 0.5185546875 0.73486328125 0.12109375 0.0888671875
0 0.7119140625 0.68408203125 0.09765625 0.1005859375
0 0.6865234375 0.76171875 0.06640625 0.07421875
0 0.6025390625 0.69384765625 0.060546875 0.1064453125
0 0.63134765625 0.6181640625 0.0673828125 0.0703125
0 0.94873046875 0.06787109375 0.0810546875 0.0908203125
0 0.87548828125 0.2822265625 0.0869140625 0.078125
0 0.91064453125 0.666015625 0.0654296875 0.0625
0 0.83203125 0.6728515625 0.068359375 0.060546875
0 0.88720703125 0.748046875 0.0712890625 0.07421875
0 0.95751953125 0.7841796875 0.0791015625 0.07421875
0 0.8916015625 0.83251953125 0.0625 0.0732421875
0 0.79736328125 0.80859375 0.0830078125 0.06640625
0 0.80126953125 0.88916015625 0.0869140625 0.0888671875
0 0.7041015625 0.33056640625 0.052734375 0.0498046875
0 0.072265625 0.77587890625 0.07421875 0.0654296875
0 0.568359375 0.64697265625 0.07421875 0.0791015625
0 0.16162109375 0.21826171875 0.0576171875 0.0517578125
0 0.61279296875 0.02294921875 0.0517578125 0.0458984375
0 0.38720703125 0.01904296875 0.0400390625 0.0380859375
0 0.65869140625 0.6904296875 0.0595703125 0.060546875
0 0.134765625 0.60693359375 0.048828125 0.0537109375
0 0.14892578125 0.68701171875 0.0517578125 0.0498046875
0 0.8076171875 0.4052734375 0.076171875 0.064453125
0 0.72021484375 0.416015625 0.0556640625 0.052734375
0 0.64111328125 0.72705078125 0.0419921875 0.0498046875
0 0.28662109375 0.228515625 0.0810546875 0.0703125
