0 0.39599609375 0.03369140625 0.0869140625 0.0673828125
0 0.5927734375 0.89892578125 0.08203125 0.0556640625
0 0.607421875 0.48388671875 0.09765625 0.1005859375
0 0.0205078125 0.2255859375 0.041015625 0.064453125
0 0.6865234375 0.462890625 0.15625 0.13671875
0 0.02099609375 0.7763671875 0.0419921875 0.080078125
0 0.46044921875 0.42626953125 0.0732421875 0.0908203125
0 0.93603515625 0.37255859375 0.0908203125 0.1005859375
0 0.37890625 0.59619140625 0.107421875 0.1005859375
0 0.5263671875 0.90283203125 0.068359375 0.0576171875
0 0.0302734375 0.1630859375 0.060546875 0.09765625
0 0.55859375 0.9765625 0.087890625 0.046875
0 0.439453125 0.0712890625 0.064453125 0.0703125
0 0.82568359375 0.8857421875 0.1064453125 0.166015625
0 0.3720703125 0.296875 0.080078125 0.078125
0 0.29443359375 0.08056640625 0.0771484375 0.0751953125
0 0.27197265625 0.5595703125 0.0849609375 0.087890625
0 0.47314453125 0.22265625 0.0556640625 0.06640625
0 0.32958984375 0.390625 0.0830078125 0.080078125
0 0.39990234375 0.80908203125 0.0927734375 0.0908203125
0 0.58642578125 0.72021484375 0.0830078125 0.0751953125
0 0.4482421875 0.8974609375 0.08203125 0.076171875
0 0.19140625 0.02783203125 0.087890625 0.0556640625
0 0.6953125 0.1884765625 0.119140625 0.080078125
0 0.03271484375 0.3994140625 0.0654296875 0.095703125
0 0.53125 0.29150390625 0.076171875 0.0830078125
0 0.0224609375 0.91796875 0.044921875 0.076171875
0 0.96728515625 0.73583984375 0.0654296875 0.0810546875
0 0.92529296875 0.1435546875 0.0791015625 0.064453125
0 0.97314453125 0.12109375 0.0537109375 0.056640625
0 0.982421875 0.01318359375 0.03515625 0.0263671875
0 0.37890625 0.23828125 0.0546875 0.05859375
0 0.578125 0.42919921875 0.076171875 0.0732421875
