0 0.8759765625 0.67333984375 0.08984375 0.0673828125
0 0.20068359375 0.30078125 0.0751953125 0.087890625
0 0.1435546875 0.44384765625 0.080078125 0.0927734375
0 0.51806640625 0.03369140625 0.0537109375 0.0673828125
0 0.33544921875 0.72509765625 0.0771484375 0.0732421875
0 0.14208984375 0.39208984375 0.0830078125 0.1005859375
0 0.81494140625 0.205078125 0.0947265625 0.123046875
0 0.98583984375 0.3486328125 0.0283203125 0.0546875
0 0.32763671875 0.1962890625 0.1005859375 0.06640625
0 0.76416015625 0.11669921875 0.0751953125 0.0849609375
0 0.84130859375 0.365234375 0.0732421875 0.107421875
0 0.95556640625 0.36376953125 0.0888671875 0.0693359375
0 0.27001953125 0.033203125 0.0810546875 0.06640625
0 0.24853515625 0.39111328125 0.0908203125 0.0595703125
0 0.68408203125 0.373046875 0.0654296875 0.095703125
0 0.0341796875 0.5400390625 0.06640625 0.0625
0 0.53515625 0.5107421875 0.12109375 0.048828125
0 0.482421875 0.28271484375 0.087890625 0.1005859375
0 0.63818359375 0.7919921875 0.0478515625 0.0625
0 0.3681640625 0.53564453125 0.09375 0.0458984375
0 0.419921875 0.4794921875 0.10546875 0.05078125
0 0.32177734375 0.1552734375 0.0810546875 0.064453125
0 0.82177734375 0.484375 0.0595703125 0.048828125
0 0.2197265625 0.1826171875 0.072265625 0.048828125
0 0.85107421875 0.1318359375 0.0732421875 0.05078125
0 0.9560546875 0.630859375 0.068359375 0.052734375
0 0.47265625 0.0634765625 0.064453125 0.05078125
0 0.43212890625 0.82958984375 0.0654296875 0.0419921875
0 0.11181640625 0.73681640625 0.1181640625 0.0498046875
0 0.49609375 0.5751953125 0.099609375 0.037109375
0 0.4951171875 0.90576171875 0.044921875 0.0791015625
0 0.80224609375 0.38134765625 0.0927734375 0.0576171875
0 0.17236328125 0.03662109375 0.0986328125 0.0732421875
0 0.77490234375 0.390625 0.0849609375 0.0546875
0 0.95556640625 0.4892578125 0.0888671875 0.046875
0 0.03173828125 0.72314453125 0.0634765625 0.0498046875
0 0.54296875 0.984375 0.060546875 0.03125
0 0.6376953125 0.37548828125 0.076171875 0.0595703125
0 0.025390625 0.7548828125 0.05078125 0.0625
0 0.28564453125 0.455078125 0.1005859375 0.0390625
0 0.42431640625 0.4033203125 0.0439453125 0.1171875
0 0.83203125 0.75732421875 0.09765625 0.0751953125
0 0.73876953125 0.1376953125 0.0654296875 0.041015625
0 0.90478515625 0.3642578125 0.0419921875 0.056640625
0 0.89892578125 0.77001953125 0.1435546875 0.0478515625
0 0.10009765625 0.51416015625 0.1298828125 0.0419921875
0 0.71923828125 0.193359375 0.0400390625 0.060546875
0 0.94580078125 0.9326171875 0.1083984375 0.0390625
0 0.298828125 0.64306640625 0.107421875 0.0302734375
0 0.18798828125 0.8115234375 0.1240234375 0.046875
0 0.791015625 0.76318359375 0.06640625 0.0478515625
0 0.34814453125 0.9853515625 0.0869140625 0.029296875
0 0.31005859375 0.935546875 0.0751953125 0.0390625
0 0.2958984375 0.57958984375 0.099609375 0.0322265625
0 0.52978515625 0.6162109375 0.0791015625 0.037109375
0 0.6611328125 0.92529296875 0.056640625 0.0322265625
0 0.2373046875 0.060546875 0.08984375 0.046875
0 0.7734375 0.93017578125 0.0703125 0.0361328125
0 0.31494140625 0.03369140625 0.0576171875 0.0419921875
0 0.28955078125 0.490234375 0.1259765625 0.037109375
0 0.4365234375 0.89501953125 0.080078125 0.0361328125
0 0.0849609375 0.43701171875 0.08203125 0.0341796875
0 0.8427734375 0.8349609375 0.072265625 0.033203125
0 0.9052734375 0.7509765625 0.111328125 0.046875
0 0.7666015625 0.80517578125 0.099609375 0.0751953125
0 0.71240234375 0.775390625 0.0791015625 0.056640625
0 0.91552734375 0.4638671875 0.0673828125 0.052734375
0 0.3095703125 0.4833984375 0.099609375 0.044921875
0 0.26806640625 0.37548828125 0.0927734375 0.0458984375
0 0.326171875 0.05419921875 0.052734375 0.0341796875
0 0.19677734375 0.013671875 0.0458984375 0.02734375
0 0.63671875 0.57275390625 0.046875 0.0380859375
0 0.10400390625 0.8671875 0.0693359375 0.048828125
