0 0.966796875 0.16357421875 0.06640625 0.0849609375
0 0.9853515625 0.43505859375 0.029296875 0.0751953125
0 0.96875 0.5107421875 0.0625 0.07421875
0 0.85107421875 0.443359375 0.1064453125 0.078125
0 0.6357421875 0.49560546875 0.107421875 0.0810546875
0 0.78759765625 0.6396484375 0.0712890625 0.119140625
0 0.98486328125 0.708984375 0.0302734375 0.0625
0 0.88720703125 0.89404296875 0.1044921875 0.0927734375
0 0.80810546875 0.8916015625 0.0654296875 0.103515625
0 0.62451171875 0.84228515625 0.1357421875 0.0751953125
0 0.787109375 0.77294921875 0.115234375 0.0576171875
0 0.5517578125 0.75830078125 0.08984375 0.0478515625
0 0.46875 0.77783203125 0.111328125 0.0830078125
0 0.22412109375 0.771484375 0.1025390625 0.05078125
0 0.23486328125 0.9814453125 0.0986328125 0.037109375
0 0.30859375 0.53125 0.09375 0.109375
0 0.11279296875 0.51806640625 0.1201171875 0.0751953125
0 0.1904296875 0.3134765625 0.06640625 0.09765625
0 0.05224609375 0.376953125 0.1044921875 0.08984375
0 0.029296875 0.25146484375 0.05859375 0.0634765625
0 0.24755859375 0.07470703125 0.1025390625 0.0966796875
0 0.3662109375 0.12353515625 0.068359375 0.0888671875
0 0.41455078125 0.2333984375 0.1083984375 0.078125
0 0.73486328125 0.25048828125 0.0654296875 0.0908203125
0 0.8330078125 0.302734375 0.076171875 0.078125
0 0.8349609375 0.19970703125 0.123046875 0.1142578125
0 0.62744140625 0.1103515625 0.1162109375 0.08203125
0 0.67626953125 0.20263671875 0.0458984375 0.0712890625
0 0.99658203125 0.98828125 0.0068359375 0.0234375
0 0.96044921875 0.93798828125 0.0791015625 0.1240234375
0 0.013671875 0.9296875 0.02734375 0.064453125
0 0.650390625 0.916015625 0.1015625 0.05859375
