0 0.74365234375 0.3701171875 0.0791015625 0.111328125
0 0.81201171875 0.751953125 0.0849609375 0.080078125
0 0.126953125 0.15234375 0.060546875 0.0546875
0 0.6748046875 0.87548828125 0.080078125 0.0771484375
0 0.796875 0.57861328125 0.080078125 0.0673828125
0 0.8291015625 0.06494140625 0.080078125 0.0947265625
0 0.8779296875 0.1796875 0.072265625 0.0703125
0 0.66064453125 0.2646484375 0.0673828125 0.0703125
0 0.70068359375 0.47314453125 0.0927734375 0.0830078125
0 0.1572265625 0.255859375 0.10546875 0.0625
0 0.6884765625 0.75048828125 0.1171875 0.0673828125
0 0.9033203125 0.02099609375 0.08203125 0.0419921875
0 0.22314453125 0.64013671875 0.0869140625 0.0732421875
0 0.1298828125 0.89794921875 0.0859375 0.0947265625
0 0.630859375 0.609375 0.08203125 0.080078125
0 0.5859375 0.10595703125 0.078125 0.0673828125
0 0.630859375 0.92431640625 0.078125 0.0849609375
0 0.5732421875 0.39599609375 0.08203125 0.0830078125
0 0.02587890625 0.1494140625 0.0478515625 0.060546875
0 0.48828125 0.9736328125 0.107421875 0.052734375
0 0.1220703125 0.408203125 0.07421875 0.046875
