0 0.52685546875 0.16748046875 0.1103515625 0.0849609375
0 0.10205078125 0.36181640625 0.1201171875 0.0947265625
0 0.076171875 0.5029296875 0.15234375 0.072265625
0 0.56591796875 0.65087890625 0.1279296875 0.0830078125
0 0.06201171875 0.6083984375 0.1005859375 0.064453125
0 0.703125 0.5859375 0.197265625 0.087890625
0 0.1796875 0.1845703125 0.109375 0.0703125
0 0.09814453125 0.8056640625 0.1611328125 0.09375
0 0.53173828125 0.39501953125 0.1376953125 0.1123046875
0 0.8681640625 0.4521484375 0.16015625 0.072265625
0 0.599609375 0.2255859375 0.10546875 0.072265625
0 0.69189453125 0.376953125 0.1044921875 0.0703125
0 0.52978515625 0.89453125 0.1103515625 0.064453125
0 0.74072265625 0.4443359375 0.1318359375 0.064453125
0 0.57373046875 0.82421875 0.1474609375 0.080078125
0 0.05859375 0.0947265625 0.072265625 0.064453125
0 0.796875 0.30224609375 0.1953125 0.0751953125
0 0.0810546875 0.27880859375 0.0703125 0.0595703125
0 0.67578125 0.1796875 0.142578125 0.080078125
0 0.76318359375 0.95947265625 0.1376953125 0.0751953125
0 0.09814453125 0.14697265625 0.1025390625 0.1142578125
0 0.76953125 0.09521484375 0.24609375 0.0771484375
0 0.48828125 0.32275390625 0.087890625 0.0595703125
0 0.640625 0.9345703125 0.171875 0.080078125
0 0.61083984375 0.73193359375 0.1572265625 0.0849609375
0 0.8720703125 0.15087890625 0.205078125 0.0732421875
0 0.697265625 0.88330078125 0.150390625 0.0771484375
0 0.7333984375 0.73193359375 0.158203125 0.0654296875
0 0.75830078125 0.2255859375 0.1982421875 0.087890625
0 0.0283203125 0.32568359375 0.056640625 0.0576171875
0 0.7705078125 0.35107421875 0.15234375 0.0478515625
0 0.126953125 0.02685546875 0.095703125 0.0498046875
0 0.64990234375 0.75341796875 0.1201171875 0.0771484375
0 0.5966796875 0.03564453125 0.169921875 0.0673828125
0 0.8544921875 0.03076171875 0.14453125 0.0576171875
