0 0.8935546875 0.48779296875 0.048828125 0.1025390625
0 0.78369140625 0.09375 0.0634765625 0.076171875
0 0.08154296875 0.2509765625 0.0810546875 0.076171875
0 0.53076171875 0.5595703125 0.0439453125 0.08203125
0 0.24609375 0.90087890625 0.087890625 0.0771484375
0 0.404296875 0.5556640625 0.0546875 0.0859375
0 0.59912109375 0.47216796875 0.0361328125 0.0947265625
0 0.162109375 0.73681640625 0.072265625 0.0849609375
0 0.4267578125 0.3837890625 0.0546875 0.072265625
0 0.423828125 0.83154296875 0.05078125 0.0927734375
0 0.09521484375 0.74365234375 0.0556640625 0.0693359375
0 0.375 0.4619140625 0.041015625 0.076171875
0 0.6904296875 0.3251953125 0.0546875 0.076171875
0 0.31982421875 0.15771484375 0.0517578125 0.0732421875
0 0.9560546875 0.0537109375 0.025390625 0.0625
0 0.1748046875 0.8212890625 0.078125 0.0703125
0 0.02294921875 0.41796875 0.0458984375 0.05859375
0 0.60498046875 0.26220703125 0.0615234375 0.0615234375
0 0.728515625 0.416015625 0.0546875 0.0625
0 0.82470703125 0.47216796875 0.0556640625 0.0498046875
0 0.712890625 0.0244140625 0.03125 0.048828125
0 0.25732421875 0.2666015625 0.1357421875 0.072265625
0 0.0654296875 0.50537109375 0.08984375 0.0361328125
0 0.75537109375 0.3173828125 0.0478515625 0.078125
0 0.4208984375 0.11962890625 0.04296875 0.0556640625
0 0.9609375 0.97998046875 0.04296875 0.0361328125
0 0.19287109375 0.98095703125 0.0849609375 0.0322265625
0 0.3369140625 0.51416015625 0.02734375 0.0771484375
0 0.83154296875 0.84716796875 0.0693359375 0.0400390625
0 0.009765625 0.35498046875 0.01953125 0.0361328125
0 0.7587890625 0.52392578125 0.041015625 0.0576171875
0 0.5634765625 0.35888671875 0.052734375 0.0341796875
0 0.62890625 0.24267578125 0.072265625 0.0205078125
0 0.27099609375 0.98046875 0.0380859375 0.0390625
0 0.25927734375 0.408203125 0.0810546875 0.044921875
0 0.20703125 0.30419921875 0.068359375 0.0380859375
0 0.81884765625 0.06640625 0.0283203125 0.072265625
0 0.39013671875 0.62109375 0.0380859375 0.037109375
0 0.2021484375 0.43212890625 0.029296875 0.0576171875
0 0.28076171875 0.48486328125 0.0400390625 0.0380859375
0 0.8583984375 0.087890625 0.025390625 0.0625
0 0.4541015625 0.2763671875 0.04296875 0.033203125
0 0.1181640625 0.98876953125 0.052734375 0.0185546875
0 0.96240234375 0.884765625 0.0400390625 0.052734375
0 0.82275390625 0.298828125 0.0283203125 0.076171875
0 0.9013671875 0.48193359375 0.046875 0.0830078125
0 0.5087890625 0.181640625 0.052734375 0.025390625
0 0.95458984375 0.45654296875 0.0302734375 0.0439453125
0 0.8896484375 0.3984375 0.033203125 0.072265625
0 0.009765625 0.6904296875 0.01953125 0.04296875
0 0.9609375 0.71337890625 0.04296875 0.0419921875
0 0.6220703125 0.955078125 0.064453125 0.033203125
0 0.4609375 0.80078125 0.072265625 0.09375
0 0.57666015625 0.111328125 0.0400390625 0.03515625
0 0.2265625 0.58544921875 0.046875 0.0576171875
0 0.19921875 0.666015625 0.04296875 0.05859375
0 0.81640625 0.9150390625 0.048828125 0.033203125
0 0.017578125 0.8896484375 0.03515625 0.01953125
0 0.935546875 0.2412109375 0.029296875 0.05859375
0 0.23974609375 0.34716796875 0.0732421875 0.0498046875
0 0.76953125 0.015625 0.03125 0.03125
0 0.00732421875 0.67626953125 0.0146484375 0.0302734375
0 0.876953125 0.98095703125 0.037109375 0.0380859375
0 0.58349609375 0.76318359375 0.0478515625 0.0732421875
0 0.81396484375 0.75439453125 0.0341796875 0.0439453125
0 0.73681640625 0.16015625 0.0341796875 0.0703125
0 0.93896484375 0.41064453125 0.0361328125 0.0576171875
0 0.5419921875 0.33154296875 0.087890625 0.0400390625
0 0.43994140625 0.36572265625 0.0576171875 0.0439453125
0 0.71337890625 0.603515625 0.0576171875 0.021484375
0 0.58935546875 0.55908203125 0.0576171875 0.0537109375
0 0.79443359375 0.70947265625 0.0458984375 0.0478515625
0 0.8974609375 0.74267578125 0.05078125 0.0498046875
0 0.89794921875 0.79638671875 0.0419921875 0.0537109375
0 0.615234375 0.66162109375 0.056640625 0.0341796875
0 0.4033203125 0.68212890625 0.033203125 0.0517578125
0 0.4228515625 0.76904296875 0.09765625 0.0478515625
0 0.625 0.88720703125 0.0546875 0.0419921875
0 0.9794921875 0.77978515625 0.041015625 0.0537109375
0 0.98681640625 0.841796875 0.0263671875 0.0625
0 0.982421875 0.6669921875 0.03515625 0.064453125
