0 0.5341796875 0.30322265625 0.06640625 0.0771484375
0 0.60888671875 0.57080078125 0.0849609375 0.0654296875
0 0.56787109375 0.14453125 0.0732421875 0.076171875
0 0.86669921875 0.0625 0.0712890625 0.072265625
0 0.61572265625 0.73095703125 0.0908203125 0.0673828125
0 0.17041015625 0.09912109375 0.0654296875 0.0654296875
0 0.408203125 0.28955078125 0.115234375 0.0673828125
0 0.384765625 0.15771484375 0.078125 0.0595703125
0 0.7353515625 0.2880859375 0.12109375 0.0703125
0 0.84716796875 0.3369140625 0.0693359375 0.0859375
0 0.8232421875 0.1591796875 0.0546875 0.1015625
0 0.71142578125 0.1640625 0.0751953125 0.068359375
0 0.24951171875 0.66455078125 0.0908203125 0.0732421875
0 0.7294921875 0.59619140625 0.11328125 0.0654296875
0 0.59130859375 0.43798828125 0.0927734375 0.0908203125
0 0.595703125 0.3212890625 0.0546875 0.068359375
0 0.5087890625 0.93505859375 0.0859375 0.0517578125
0 0.208984375 0.38916015625 0.1015625 0.0771484375
0 0.416015625 0.40625 0.0625 0.04296875
0 0.36669921875 0.02685546875 0.0712890625 0.0537109375
0 0.5068359375 0.220703125 0.048828125 0.06640625
0 0.70068359375 0.7421875 0.0830078125 0.05078125
0 0.8798828125 0.49609375 0.087890625 0.048828125
0 0.96923828125 0.32373046875 0.0615234375 0.0556640625
0 0.51416015625 0.6865234375 0.0712890625 0.06640625
0 0.53369140625 0.0244140625 0.0517578125 0.048828125
0 0.3974609375 0.2041015625 0.060546875 0.041015625
0 0.4111328125 0.671875 0.046875 0.0625
0 0.43701171875 0.73046875 0.1220703125 0.052734375
0 0.72998046875 0.90966796875 0.1103515625 0.0380859375
0 0.60595703125 0.68408203125 0.0537109375 0.0654296875
0 0.95654296875 0.26416015625 0.0556640625 0.0634765625
0 0.3408203125 0.71484375 0.05859375 0.033203125
0 0.931640625 0.2109375 0.04296875 0.078125
0 0.208984375 0.0244140625 0.080078125 0.044921875
0 0.947265625 0.79345703125 0.1015625 0.0537109375
0 0.68408203125 0.98193359375 0.0419921875 0.0361328125
0 0.701171875 0.69140625 0.15625 0.064453125
0 0.8525390625 0.74560546875 0.099609375 0.0751953125
0 0.25 0.74267578125 0.1796875 0.0595703125
0 0.97119140625 0.70703125 0.0576171875 0.060546875
0 0.02197265625 0.4521484375 0.0439453125 0.033203125
0 0.654296875 0.01904296875 0.07421875 0.0380859375
0 0.94580078125 0.654296875 0.0517578125 0.056640625
0 0.5009765625 0.98291015625 0.044921875 0.0341796875
0 0.0537109375 0.69580078125 0.076171875 0.0537109375
0 0.12890625 0.38525390625 0.109375 0.0361328125
0 0.423828125 0.63671875 0.0546875 0.03515625
0 0.21044921875 0.4814453125 0.1123046875 0.04296875
0 0.625 0.50048828125 0.107421875 0.0458984375
0 0.544921875 0.38720703125 0.056640625 0.0361328125
0 0.11669921875 0.6826171875 0.1259765625 0.041015625
0 0.03662109375 0.091796875 0.0732421875 0.025390625
0 0.072265625 0.50341796875 0.0703125 0.0380859375
0 0.06201171875 0.65087890625 0.0947265625 0.0439453125
0 0.0478515625 0.16015625 0.095703125 0.068359375
0 0.71630859375 0.1767578125 0.0654296875 0.064453125
0 0.62548828125 0.02685546875 0.1025390625 0.0537109375
0 0.1337890625 0.4287109375 0.05078125 0.037109375
0 0.125 0.7451171875 0.109375 0.060546875
0 0.10009765625 0.76708984375 0.0537109375 0.0478515625
0 0.04150390625 0.77294921875 0.0830078125 0.0419921875
0 0.896484375 0.72509765625 0.046875 0.0322265625
0 0.7197265625 0.61962890625 0.0625 0.0498046875
0 0.71826171875 0.0107421875 0.0595703125 0.021484375
