0 0.76806640625 0.5419921875 0.0673828125 0.140625
0 0.8857421875 0.38720703125 0.087890625 0.0751953125
0 0.8447265625 0.24853515625 0.064453125 0.0771484375
0 0.97998046875 0.42333984375 0.0400390625 0.1025390625
0 0.81103515625 0.4267578125 0.0673828125 0.16015625
0 0.95703125 0.0732421875 0.0859375 0.068359375
0 0.83837890625 0.5517578125 0.0673828125 0.125
0 0.95849609375 0.208984375 0.0830078125 0.060546875
0 0.94580078125 0.0224609375 0.1083984375 0.044921875
0 0.99853515625 0.03466796875 0.0029296875 0.0595703125
0 0.794921875 0.26953125 0.080078125 0.080078125
0 0.8720703125 0.27978515625 0.060546875 0.0849609375
0 0.94580078125 0.46435546875 0.1083984375 0.0849609375
0 0.94970703125 0.52490234375 0.1005859375 0.0849609375
0 0.9658203125 0.5693359375 0.068359375 0.099609375
0 0.71826171875 0.76220703125 0.0771484375 0.1201171875
0 0.0556640625 0.12353515625 0.078125 0.0673828125
