0 0.2607421875 0.18115234375 0.107421875 0.0947265625
0 0.42431640625 0.03662109375 0.0830078125 0.0634765625
0 0.5126953125 0.0712890625 0.146484375 0.072265625
0 0.3212890625 0.29150390625 0.07421875 0.0654296875
0 0.3515625 0.25439453125 0.060546875 0.0615234375
0 0.232421875 0.26904296875 0.05859375 0.0654296875
0 0.27587890625 0.36083984375 0.0869140625 0.0693359375
0 0.7529296875 0.26513671875 0.0859375 0.0869140625
0 0.828125 0.224609375 0.078125 0.10546875
0 0.642578125 0.31103515625 0.068359375 0.0712890625
0 0.89208984375 0.03173828125 0.0751953125 0.0615234375
0 0.83447265625 0.04833984375 0.0673828125 0.0654296875
0 0.36962890625 0.634765625 0.1025390625 0.095703125
0 0.55712890625 0.609375 0.1044921875 0.072265625
0 0.20751953125 0.74169921875 0.0751953125 0.1181640625
0 0.43896484375 0.6875 0.0810546875 0.072265625
0 0.56982421875 0.68505859375 0.0732421875 0.0927734375
0 0.81884765625 0.60302734375 0.0771484375 0.0712890625
0 0.9736328125 0.36083984375 0.052734375 0.0810546875
0 0.93212890625 0.71826171875 0.0791015625 0.0927734375
0 0.57470703125 0.83056640625 0.0556640625 0.0693359375
0 0.43896484375 0.875 0.1025390625 0.083984375
0 0.3310546875 0.88134765625 0.064453125 0.0693359375
0 0.2666015625 0.77490234375 0.064453125 0.0947265625
0 0.71240234375 0.943359375 0.1142578125 0.06640625
0 0.81396484375 0.9423828125 0.0751953125 0.06640625
0 0.8427734375 0.85888671875 0.0625 0.0771484375
0 0.90771484375 0.876953125 0.0732421875 0.068359375
0 0.02587890625 0.22998046875 0.0517578125 0.0888671875
0 0.4892578125 0.376953125 0.091796875 0.0859375
0 0.658203125 0.2587890625 0.08984375 0.0703125
0 0.0166015625 0.30419921875 0.03125 0.0498046875
0 0.19482421875 0.30029296875 0.0712890625 0.0615234375
0 0.39990234375 0.283203125 0.0498046875 0.052734375
0 0.783203125 0.3642578125 0.03515625 0.0390625
0 0.38525390625 0.7373046875 0.0458984375 0.0390625
0 0.22900390625 0.81982421875 0.0869140625 0.0498046875
0 0.650390625 0.451171875 0.0390625 0.04296875
0 0.66064453125 0.81298828125 0.0400390625 0.0380859375
0 0.9853515625 0.79638671875 0.029296875 0.0439453125
0 0.97412109375 0.921875 0.0439453125 0.046875
0 0.97216796875 0.97216796875 0.0478515625 0.0458984375
