0 0.97705078125 0.13671875 0.0458984375 0.0859375
0 0.29931640625 0.095703125 0.0693359375 0.087890625
0 0.67236328125 0.2294921875 0.1103515625 0.0859375
0 0.337890625 0.45849609375 0.087890625 0.0869140625
0 0.93701171875 0.95263671875 0.0830078125 0.0615234375
0 0.9033203125 0.12890625 0.109375 0.1015625
0 0.123046875 0.37646484375 0.091796875 0.0693359375
0 0.5849609375 0.396484375 0.115234375 0.10546875
0 0.83544921875 0.30615234375 0.0830078125 0.0908203125
0 0.94775390625 0.4580078125 0.0986328125 0.07421875
0 0.2421875 0.1328125 0.125 0.08984375
0 0.19580078125 0.76513671875 0.1318359375 0.0693359375
0 0.0654296875 0.7705078125 0.126953125 0.10546875
0 0.220703125 0.52294921875 0.130859375 0.0576171875
0 0.38720703125 0.19091796875 0.0986328125 0.1220703125
0 0.29638671875 0.29638671875 0.0888671875 0.0654296875
0 0.29638671875 0.95947265625 0.0888671875 0.0771484375
0 0.0498046875 0.4501953125 0.099609375 0.05078125
0 0.95166015625 0.37890625 0.0966796875 0.068359375
0 0.31982421875 0.7412109375 0.0986328125 0.083984375
0 0.93359375 0.84423828125 0.0859375 0.0732421875
0 0.10009765625 0.17041015625 0.1103515625 0.0751953125
0 0.57421875 0.97216796875 0.08203125 0.0458984375
0 0.310546875 0.037109375 0.091796875 0.07421875
0 0.15283203125 0.13134765625 0.0986328125 0.0771484375
0 0.95849609375 0.76611328125 0.0693359375 0.0634765625
0 0.2119140625 0.91650390625 0.083984375 0.0810546875
0 0.6904296875 0.90234375 0.083984375 0.064453125
0 0.2841796875 0.224609375 0.10546875 0.125
0 0.0908203125 0.19775390625 0.091796875 0.1025390625
0 0.451171875 0.16162109375 0.072265625 0.0576171875
0 0.83740234375 0.79052734375 0.1181640625 0.0576171875
0 0.89892578125 0.5595703125 0.0966796875 0.08984375
0 0.55224609375 0.68994140625 0.0751953125 0.0458984375
0 0.462890625 0.2109375 0.107421875 0.119140625
0 0.52685546875 0.76806640625 0.1240234375 0.0830078125
0 0.82763671875 0.65234375 0.0927734375 0.04296875
0 0.92236328125 0.02392578125 0.0478515625 0.0478515625
0 0.1328125 0.4384765625 0.119140625 0.080078125
0 0.4912109375 0.5146484375 0.09375 0.0546875
0 0.50439453125 0.1171875 0.1455078125 0.076171875
0 0.40478515625 0.56689453125 0.1103515625 0.0537109375
0 0.07421875 0.60986328125 0.1484375 0.0458984375
0 0.443359375 0.048828125 0.125 0.080078125
0 0.25341796875 0.87158203125 0.0888671875 0.0966796875
0 0.80517578125 0.4423828125 0.0732421875 0.064453125
0 0.7353515625 0.10107421875 0.05859375 0.0439453125
0 0.77978515625 0.5107421875 0.0771484375 0.060546875
0 0.81640625 0.95263671875 0.126953125 0.0947265625
0 0.88330078125 0.45458984375 0.0908203125 0.0595703125
0 0.556640625 0.75390625 0.06640625 0.0546875
0 0.490234375 0.62109375 0.072265625 0.05078125
0 0.27734375 0.640625 0.1171875 0.052734375
0 0.90234375 0.6328125 0.056640625 0.029296875
0 0.95654296875 0.8271484375 0.0869140625 0.068359375
0 0.8427734375 0.91650390625 0.091796875 0.0380859375
0 0.08740234375 0.75146484375 0.1044921875 0.0693359375
0 0.43408203125 0.9169921875 0.1162109375 0.056640625
0 0.5625 0.302734375 0.091796875 0.0703125
0 0.87890625 0.7236328125 0.044921875 0.123046875
0 0.7802734375 0.576171875 0.0703125 0.052734375
0 0.7890625 0.3662109375 0.099609375 0.041015625
0 0.82568359375 0.5400390625 0.0947265625 0.0625
0 0.67724609375 0.95947265625 0.0595703125 0.0673828125
0 0.0234375 0.69091796875 0.046875 0.0751953125
0 0.63916015625 0.02197265625 0.0615234375 0.0439453125
0 0.22998046875 0.0244140625 0.0458984375 0.048828125
0 0.98046875 0.025390625 0.0390625 0.048828125
0 0.958984375 0.4365234375 0.08203125 0.091796875
0 0.22265625 0.80078125 0.078125 0.048828125
0 0.02294921875 0.03369140625 0.0458984375 0.0517578125
0 0.0859375 0.8623046875 0.080078125 0.080078125
0 0.03173828125 0.86083984375 0.0634765625 0.0458984375
0 0.79638671875 0.3681640625 0.1044921875 0.10546875
0 0.5634765625 0.18310546875 0.107421875 0.1083984375
0 0.02734375 0.57568359375 0.052734375 0.0263671875
0 0.01953125 0.16162109375 0.037109375 0.0517578125
0 0.810546875 0.4287109375 0.126953125 0.044921875
0 0.91796875 0.60107421875 0.044921875 0.0458984375
0 0.517578125 0.89013671875 0.087890625 0.0576171875
0 0.2021484375 0.72509765625 0.091796875 0.0869140625
0 0.0234375 0.8037109375 0.046875 0.046875
0 0.19140625 0.5068359375 0.103515625 0.111328125
0 0.73974609375 0.89990234375 0.0751953125 0.0576171875
