0 0.9267578125 0.13671875 0.072265625 0.10546875
0 0.677734375 0.09130859375 0.09375 0.0869140625
0 0.60107421875 0.0576171875 0.1005859375 0.115234375
0 0.90625 0.44873046875 0.130859375 0.0869140625
0 0.78857421875 0.4501953125 0.0771484375 0.083984375
0 0.68212890625 0.2294921875 0.1630859375 0.080078125
0 0.78955078125 0.2705078125 0.1552734375 0.076171875
0 0.56689453125 0.15771484375 0.1025390625 0.0693359375
0 0.37451171875 0.26953125 0.0947265625 0.068359375
0 0.2294921875 0.44189453125 0.158203125 0.1865234375
0 0.2529296875 0.67724609375 0.109375 0.0810546875
0 0.046875 0.2880859375 0.09375 0.1015625
0 0.17431640625 0.154296875 0.0908203125 0.162109375
0 0.232421875 0.060546875 0.06640625 0.12109375
0 0.83837890625 0.564453125 0.0927734375 0.1328125
0 0.8701171875 0.72705078125 0.087890625 0.0927734375
0 0.9833984375 0.91357421875 0.033203125 0.0966796875
0 0.8818359375 0.8779296875 0.07421875 0.078125
0 0.93994140625 0.9501953125 0.0693359375 0.048828125
0 0.560546875 0.90673828125 0.07421875 0.0830078125
0 0.61376953125 0.8759765625 0.0498046875 0.05078125
0 0.333984375 0.9638671875 0.109375 0.072265625
0 0.1875 0.953125 0.076171875 0.06640625
