0 0.9208984375 0.65771484375 0.05859375 0.0869140625
0 0.4404296875 0.45068359375 0.0703125 0.0869140625
0 0.84033203125 0.69580078125 0.0654296875 0.0908203125
0 0.828125 0.271484375 0.060546875 0.08984375
0 0.93359375 0.10302734375 0.060546875 0.0810546875
0 0.5927734375 0.6708984375 0.052734375 0.08984375
0 0.7265625 0.4990234375 0.046875 0.083984375
0 0.6689453125 0.119140625 0.123046875 0.0546875
0 0.2626953125 0.9609375 0.060546875 0.072265625
0 0.4658203125 0.65576171875 0.068359375 0.0908203125
0 0.283203125 0.14501953125 0.05859375 0.0830078125
0 0.23291015625 0.1435546875 0.0478515625 0.0859375
0 0.2509765625 0.29345703125 0.0625 0.0869140625
0 0.3681640625 0.53564453125 0.068359375 0.1123046875
0 0.15625 0.16796875 0.0703125 0.10546875
0 0.0439453125 0.45166015625 0.087890625 0.0908203125
0 0.5078125 0.876953125 0.076171875 0.080078125
0 0.7900390625 0.27490234375 0.05078125 0.0869140625
0 0.75537109375 0.2021484375 0.0478515625 0.0859375
0 0.96337890625 0.84375 0.0673828125 0.076171875
0 0.03369140625 0.35888671875 0.0673828125 0.1083984375
0 0.73681640625 0.28515625 0.0751953125 0.109375
0 0.28271484375 0.60302734375 0.0673828125 0.0751953125
0 0.19580078125 0.068359375 0.0556640625 0.08984375
0 0.41357421875 0.21728515625 0.0419921875 0.0791015625
0 0.0263671875 0.12109375 0.052734375 0.083984375
0 0.65283203125 0.6865234375 0.0458984375 0.091796875
0 0.43115234375 0.806640625 0.0634765625 0.078125
0 0.46875 0.6083984375 0.06640625 0.083984375
0 0.705078125 0.3798828125 0.044921875 0.083984375
0 0.94140625 0.02685546875 0.02734375 0.0537109375
0 0.4521484375 0.90087890625 0.060546875 0.0693359375
0 0.2138671875 0.29150390625 0.072265625 0.0673828125
0 0.69873046875 0.58642578125 0.0732421875 0.0771484375
0 0.11376953125 0.572265625 0.0732421875 0.064453125
0 0.923828125 0.251953125 0.033203125 0.08984375
0 0.07568359375 0.580078125 0.0615234375 0.078125
0 0.8466796875 0.81201171875 0.046875 0.0576171875
0 0.54150390625 0.21533203125 0.0537109375 0.0751953125
0 0.248046875 0.23876953125 0.060546875 0.0927734375
0 0.36962890625 0.06787109375 0.0458984375 0.0634765625
0 0.912109375 0.59716796875 0.04296875 0.0908203125
0 0.5263671875 0.43603515625 0.04296875 0.0673828125
0 0.55859375 0.689453125 0.05859375 0.076171875
0 0.814453125 0.0341796875 0.033203125 0.068359375
0 0.80712890625 0.197265625 0.0693359375 0.0390625
0 0.57470703125 0.58056640625 0.0498046875 0.0615234375
0 0.25048828125 0.599609375 0.0615234375 0.068359375
0 0.75146484375 0.83837890625 0.0537109375 0.0537109375
0 0.02294921875 0.5576171875 0.0458984375 0.060546875
0 0.25 0.68017578125 0.05078125 0.0732421875
0 0.564453125 0.75146484375 0.033203125 0.0908203125
0 0.05126953125 0.73486328125 0.0478515625 0.0439453125
0 0.423828125 0.7197265625 0.064453125 0.029296875
0 0.98095703125 0.04345703125 0.0380859375 0.0478515625
0 0.19873046875 0.6826171875 0.0810546875 0.056640625
0 0.7236328125 0.982421875 0.04296875 0.03515625
0 0.15869140625 0.6640625 0.0693359375 0.076171875
0 0.42041015625 0.1572265625 0.1044921875 0.1328125
0 0.47705078125 0.025390625 0.0634765625 0.05078125
0 0.017578125 0.17041015625 0.033203125 0.0732421875
0 0.904296875 0.54248046875 0.052734375 0.0478515625
0 0.755859375 0.6728515625 0.05859375 0.076171875
0 0.7978515625 0.62548828125 0.06640625 0.1005859375
0 0.81005859375 0.58837890625 0.0576171875 0.0693359375
0 0.76123046875 0.63720703125 0.0478515625 0.0810546875
0 0.6240234375 0.2138671875 0.0859375 0.12109375
