0 0.7421875 0.61083984375 0.1015625 0.0888671875
0 0.91748046875 0.39404296875 0.0927734375 0.0556640625
0 0.052734375 0.9658203125 0.103515625 0.0625
0 0.50341796875 0.6708984375 0.0908203125 0.08203125
0 0.07373046875 0.453125 0.0947265625 0.083984375
0 0.5537109375 0.18994140625 0.078125 0.0986328125
0 0.681640625 0.09423828125 0.08984375 0.0712890625
0 0.4404296875 0.03662109375 0.068359375 0.0732421875
0 0.044921875 0.75341796875 0.0859375 0.0810546875
0 0.79052734375 0.41552734375 0.1416015625 0.0888671875
0 0.271484375 0.71435546875 0.087890625 0.1123046875
0 0.60205078125 0.34423828125 0.0751953125 0.0732421875
0 0.8935546875 0.3291015625 0.12890625 0.07421875
0 0.41015625 0.37841796875 0.1015625 0.0732421875
0 0.58544921875 0.7783203125 0.1044921875 0.05078125
0 0.494140625 0.0283203125 0.115234375 0.056640625
0 0.8935546875 0.607421875 0.1328125 0.095703125
0 0.3076171875 0.796875 0.169921875 0.068359375
0 0.19287109375 0.3330078125 0.1533203125 0.05859375
0 0.1923828125 0.41455078125 0.12890625 0.0400390625
0 0.759765625 0.7373046875 0.142578125 0.041015625
0 0.98388671875 0.37255859375 0.0322265625 0.0400390625
0 0.3837890625 0.5458984375 0.134765625 0.06640625
0 0.12890625 0.46337890625 0.06640625 0.0556640625
0 0.3681640625 0.02197265625 0.09375 0.0439453125
0 0.9443359375 0.6123046875 0.068359375 0.06640625
0 0.4091796875 0.66015625 0.095703125 0.052734375
0 0.48046875 0.43994140625 0.171875 0.0830078125
0 0.10693359375 0.8857421875 0.1533203125 0.115234375
0 0.0517578125 0.49365234375 0.103515625 0.0283203125
0 0.32763671875 0.18798828125 0.1865234375 0.1416015625
0 0.43994140625 0.71923828125 0.0791015625 0.0361328125
0 0.1884765625 0.78857421875 0.123046875 0.0400390625
0 0.333984375 0.44970703125 0.07421875 0.0380859375
0 0.03955078125 0.3271484375 0.0751953125 0.041015625
0 0.9443359375 0.7939453125 0.111328125 0.0703125
0 0.6005859375 0.27001953125 0.134765625 0.0947265625
0 0.89501953125 0.12939453125 0.0791015625 0.1884765625
0 0.8369140625 0.85546875 0.154296875 0.0546875
0 0.8125 0.7958984375 0.134765625 0.046875
0 0.68603515625 0.83544921875 0.1025390625 0.0380859375
0 0.8291015625 0.70068359375 0.228515625 0.0634765625
0 0.8896484375 0.07373046875 0.076171875 0.0634765625
0 0.2861328125 0.013671875 0.037109375 0.02734375
0 0.22216796875 0.05419921875 0.1787109375 0.0380859375
0 0.2314453125 0.01904296875 0.107421875 0.0380859375
0 0.03857421875 0.146484375 0.0771484375 0.041015625
0 0.89208984375 0.99365234375 0.0576171875 0.0126953125
0 0.7158203125 0.78857421875 0.099609375 0.0498046875
0 0.36962890625 0.9912109375 0.0361328125 0.017578125
0 0.0498046875 0.52783203125 0.09765625 0.0380859375
0 0.82421875 0.76513671875 0.14453125 0.0439453125
0 0.30908203125 0.716796875 0.0556640625 0.05859375
0 0.15673828125 0.109375 0.1201171875 0.06640625
0 0.5703125 0.291015625 0.0859375 0.0703125
0 0.0283203125 0.86865234375 0.056640625 0.0732421875
0 0.224609375 0.837890625 0.123046875 0.068359375
0 0.3349609375 0.830078125 0.142578125 0.056640625
