0 0.6796875 0.89599609375 0.08984375 0.0771484375
0 0.17431640625 0.45068359375 0.0654296875 0.0576171875
0 0.5380859375 0.70849609375 0.107421875 0.0771484375
0 0.498046875 0.28955078125 0.09765625 0.0849609375
0 0.15576171875 0.93017578125 0.0966796875 0.0634765625
0 0.12548828125 0.75537109375 0.0693359375 0.0830078125
0 0.06103515625 0.11376953125 0.1220703125 0.1162109375
0 0.6533203125 0.25439453125 0.09765625 0.0849609375
0 0.720703125 0.625 0.1328125 0.0703125
0 0.0234375 0.3095703125 0.046875 0.095703125
0 0.10302734375 0.66162109375 0.0673828125 0.0849609375
0 0.80810546875 0.45263671875 0.1220703125 0.0634765625
0 0.28515625 0.9775390625 0.10546875 0.044921875
0 0.9365234375 0.89794921875 0.09375 0.0595703125
0 0.8720703125 0.32958984375 0.140625 0.0947265625
0 0.6796875 0.41064453125 0.080078125 0.0615234375
0 0.125 0.34423828125 0.125 0.1298828125
0 0.86767578125 0.92431640625 0.0478515625 0.0478515625
0 0.85791015625 0.763671875 0.1220703125 0.046875
0 0.140625 0.32177734375 0.123046875 0.0751953125
0 0.2255859375 0.1396484375 0.091796875 0.0859375
0 0.626953125 0.771484375 0.12890625 0.05859375
