0 0.29931640625 0.16259765625 0.1044921875 0.0576171875
0 0.0478515625 0.46533203125 0.095703125 0.0498046875
0 0.52197265625 0.12890625 0.0849609375 0.044921875
0 0.9404296875 0.2451171875 0.11328125 0.0546875
0 0.28271484375 0.48828125 0.1162109375 0.0625
0 0.4013671875 0.2529296875 0.10546875 0.04296875
0 0.69287109375 0.21923828125 0.1044921875 0.0322265625
0 0.66796875 0.4765625 0.10546875 0.048828125
0 0.9560546875 0.1875 0.0859375 0.064453125
0 0.17333984375 0.263671875 0.0966796875 0.041015625
0 0.5771484375 0.2236328125 0.072265625 0.03515625
0 0.478515625 0.2294921875 0.083984375 0.041015625
0 0.59033203125 0.18212890625 0.0849609375 0.0400390625
0 0.85498046875 0.458984375 0.0888671875 0.046875
0 0.59619140625 0.26611328125 0.1103515625 0.0419921875
0 0.12255859375 0.46142578125 0.1083984375 0.0439453125
0 0.75146484375 0.3623046875 0.0908203125 0.02734375
0 0.40576171875 0.34326171875 0.1337890625 0.0478515625
0 0.78271484375 0.2919921875 0.1025390625 0.044921875
0 0.96435546875 0.65283203125 0.0712890625 0.0322265625
0 0.7978515625 0.45361328125 0.05859375 0.0361328125
0 0.45703125 0.59375 0.109375 0.03515625
0 0.5556640625 0.8046875 0.087890625 0.052734375
0 0.8505859375 0.5654296875 0.080078125 0.033203125
0 0.81591796875 0.24462890625 0.0791015625 0.0400390625
0 0.267578125 0.92236328125 0.126953125 0.0517578125
0 0.04541015625 0.64794921875 0.0888671875 0.0302734375
0 0.34326171875 0.8720703125 0.1064453125 0.056640625
0 0.20068359375 0.18603515625 0.0751953125 0.0361328125
0 0.9560546875 0.658203125 0.087890625 0.0546875
0 0.140625 0.8916015625 0.080078125 0.0546875
0 0.85791015625 0.16748046875 0.1142578125 0.0498046875
0 0.51123046875 0.1669921875 0.0908203125 0.0390625
0 0.84228515625 0.5302734375 0.1005859375 0.0390625
0 0.623046875 0.43798828125 0.103515625 0.0341796875
0 0.78662109375 0.6044921875 0.0732421875 0.033203125
0 0.94775390625 0.50048828125 0.0908203125 0.0478515625
0 0.681640625 0.65771484375 0.1171875 0.0341796875
0 0.63232421875 0.81884765625 0.0869140625 0.0400390625
0 0.8994140625 0.20947265625 0.06640625 0.0361328125
0 0.05908203125 0.30419921875 0.1083984375 0.0576171875
0 0.966796875 0.36083984375 0.064453125 0.0517578125
0 0.8505859375 0.77734375 0.099609375 0.046875
0 0.25 0.61962890625 0.109375 0.0361328125
0 0.74072265625 0.9013671875 0.1083984375 0.056640625
0 0.92578125 0.75732421875 0.08984375 0.0361328125
0 0.6796875 0.6943359375 0.068359375 0.029296875
0 0.873046875 0.90087890625 0.080078125 0.0458984375
0 0.42626953125 0.14892578125 0.0693359375 0.0419921875
0 0.19580078125 0.892578125 0.0986328125 0.046875
0 0.25146484375 0.5205078125 0.0947265625 0.041015625
0 0.3828125 0.4970703125 0.125 0.04296875
0 0.8818359375 0.29345703125 0.08203125 0.0419921875
0 0.1181640625 0.9580078125 0.1171875 0.0390625
0 0.03857421875 0.61474609375 0.0771484375 0.0361328125
0 0.3369140625 0.2861328125 0.052734375 0.021484375
0 0.30322265625 0.8046875 0.0986328125 0.04296875
0 0.466796875 0.5458984375 0.115234375 0.044921875
0 0.52978515625 0.6982421875 0.0849609375 0.0390625
0 0.50927734375 0.51611328125 0.0888671875 0.0380859375
0 0.1689453125 0.9462890625 0.1015625 0.037109375
0 0.12255859375 0.75537109375 0.1142578125 0.0400390625
0 0.666015625 0.8857421875 0.095703125 0.037109375
0 0.255859375 0.60693359375 0.095703125 0.0361328125
0 0.15869140625 0.5927734375 0.1083984375 0.044921875
0 0.25732421875 0.33349609375 0.1083984375 0.0400390625
0 0.677734375 0.47119140625 0.080078125 0.0361328125
0 0.88720703125 0.27294921875 0.0966796875 0.0341796875
0 0.08544921875 0.20361328125 0.1376953125 0.0380859375
0 0.056640625 0.58935546875 0.11328125 0.0478515625
0 0.71435546875 0.63037109375 0.1064453125 0.0341796875
0 0.380859375 0.4697265625 0.103515625 0.037109375
0 0.32861328125 0.44189453125 0.0712890625 0.0302734375
