0 0.0146484375 0.23046875 0.029296875 0.083984375
0 0.0341796875 0.306640625 0.068359375 0.07421875
0 0.201171875 0.4111328125 0.087890625 0.095703125
0 0.18017578125 0.29345703125 0.0595703125 0.0615234375
0 0.13720703125 0.1865234375 0.0556640625 0.05859375
0 0.1044921875 0.107421875 0.0625 0.068359375
0 0.21728515625 0.11376953125 0.0654296875 0.0693359375
0 0.341796875 0.173828125 0.072265625 0.076171875
0 0.337890625 0.296875 0.083984375 0.0703125
0 0.58154296875 0.365234375 0.1123046875 0.08203125
0 0.2255859375 0.6474609375 0.080078125 0.091796875
0 0.09814453125 0.73291015625 0.0810546875 0.1083984375
0 0.16015625 0.76611328125 0.0625 0.0693359375
0 0.24755859375 0.72314453125 0.0966796875 0.0654296875
0 0.4248046875 0.91748046875 0.1484375 0.1044921875
0 0.57177734375 0.9560546875 0.0810546875 0.087890625
0 0.5908203125 0.8310546875 0.09375 0.083984375
0 0.45703125 0.75341796875 0.0546875 0.0849609375
0 0.53857421875 0.72509765625 0.0654296875 0.0869140625
0 0.38720703125 0.61767578125 0.0810546875 0.1123046875
0 0.55419921875 0.53955078125 0.0947265625 0.0634765625
0 0.54150390625 0.60302734375 0.0830078125 0.0615234375
0 0.79052734375 0.74658203125 0.0869140625 0.0732421875
0 0.71923828125 0.67724609375 0.0654296875 0.0693359375
0 0.93017578125 0.6611328125 0.0595703125 0.048828125
0 0.939453125 0.7939453125 0.08984375 0.0546875
0 0.876953125 0.9814453125 0.080078125 0.037109375
0 0.69677734375 0.29296875 0.0966796875 0.099609375
0 0.8046875 0.35107421875 0.060546875 0.0654296875
0 0.85791015625 0.29345703125 0.0732421875 0.0830078125
0 0.9404296875 0.32421875 0.1015625 0.060546875
0 0.7509765625 0.1572265625 0.0859375 0.083984375
0 0.8388671875 0.17333984375 0.08203125 0.0791015625
0 0.57373046875 0.08642578125 0.0771484375 0.0732421875
0 0.47021484375 0.169921875 0.0732421875 0.05859375
0 0.49169921875 0.01953125 0.0888671875 0.0390625
0 0.67822265625 0.51611328125 0.0654296875 0.0712890625
0 0.9228515625 0.95263671875 0.0625 0.0595703125
0 0.6357421875 0.21337890625 0.052734375 0.0478515625
0 0.62109375 0.0634765625 0.0703125 0.048828125
0 0.189453125 0.3642578125 0.046875 0.052734375
0 0.37841796875 0.65283203125 0.0654296875 0.0439453125
0 0.400390625 0.455078125 0.025390625 0.03515625
