0 0.04638671875 0.1875 0.0927734375 0.068359375
0 0.1171875 0.10595703125 0.060546875 0.0654296875
0 0.15478515625 0.18798828125 0.0537109375 0.0498046875
0 0.1123046875 0.1845703125 0.0546875 0.076171875
0 0.09423828125 0.24267578125 0.0498046875 0.0595703125
0 0.0439453125 0.25 0.068359375 0.05859375
0 0.04541015625 0.3720703125 0.0908203125 0.076171875
0 0.15625 0.3212890625 0.14453125 0.078125
0 0.11865234375 0.404296875 0.0576171875 0.0625
0 0.0390625 0.63330078125 0.078125 0.0849609375
0 0.35400390625 0.39208984375 0.1298828125 0.1181640625
0 0.3564453125 0.47021484375 0.123046875 0.0830078125
0 0.4951171875 0.4169921875 0.05859375 0.064453125
0 0.42138671875 0.26611328125 0.1044921875 0.0654296875
0 0.54248046875 0.291015625 0.0830078125 0.0625
0 0.47216796875 0.15283203125 0.1357421875 0.0693359375
0 0.63671875 0.0498046875 0.091796875 0.07421875
0 0.67431640625 0.19873046875 0.1708984375 0.0771484375
0 0.7646484375 0.2578125 0.060546875 0.07421875
0 0.8203125 0.2353515625 0.044921875 0.048828125
0 0.83935546875 0.2890625 0.0654296875 0.064453125
0 0.89892578125 0.3125 0.0693359375 0.138671875
0 0.966796875 0.12548828125 0.06640625 0.1474609375
0 0.92236328125 0.08349609375 0.0576171875 0.1591796875
0 0.83837890625 0.1357421875 0.0751953125 0.080078125
0 0.84033203125 0.9619140625 0.0654296875 0.076171875
0 0.75927734375 0.95947265625 0.1494140625 0.0810546875
0 0.3779296875 0.9248046875 0.0546875 0.107421875
0 0.4580078125 0.91015625 0.076171875 0.0859375
0 0.626953125 0.92626953125 0.140625 0.0927734375
0 0.51123046875 0.88427734375 0.0986328125 0.1240234375
0 0.5771484375 0.85302734375 0.0625 0.1181640625
0 0.49951171875 0.8154296875 0.0517578125 0.076171875
0 0.57373046875 0.77783203125 0.0673828125 0.0595703125
0 0.70654296875 0.78369140625 0.0654296875 0.0595703125
0 0.02587890625 0.857421875 0.0517578125 0.083984375
0 0.072265625 0.8291015625 0.052734375 0.072265625
0 0.15234375 0.74560546875 0.09375 0.0615234375
0 0.18994140625 0.6826171875 0.0771484375 0.087890625
0 0.27880859375 0.71044921875 0.0869140625 0.0712890625
0 0.38037109375 0.73486328125 0.0712890625 0.1259765625
0 0.93212890625 0.79150390625 0.1357421875 0.0810546875
0 0.56201171875 0.5634765625 0.0888671875 0.076171875
0 0.9169921875 0.39990234375 0.080078125 0.0556640625
0 0.39697265625 0.15576171875 0.0576171875 0.0615234375
0 0.02294921875 0.80712890625 0.0458984375 0.0712890625
0 0.98779296875 0.85986328125 0.0244140625 0.0556640625
0 0.98291015625 0.71484375 0.0341796875 0.0625
