0 0.64306640625 0.12451171875 0.1025390625 0.0947265625
0 0.76220703125 0.52099609375 0.1396484375 0.0771484375
0 0.734375 0.0224609375 0.115234375 0.044921875
0 0.51953125 0.6396484375 0.07421875 0.064453125
0 0.79443359375 0.43798828125 0.1455078125 0.0771484375
0 0.5556640625 0.76806640625 0.123046875 0.1025390625
0 0.84228515625 0.373046875 0.0751953125 0.052734375
0 0.5732421875 0.50341796875 0.091796875 0.0771484375
0 0.62353515625 0.66064453125 0.1025390625 0.1123046875
0 0.10107421875 0.71728515625 0.0908203125 0.0947265625
0 0.93701171875 0.86083984375 0.1142578125 0.0869140625
0 0.05078125 0.5546875 0.087890625 0.080078125
0 0.45458984375 0.0283203125 0.1005859375 0.056640625
0 0.4931640625 0.48681640625 0.09765625 0.0751953125
0 0.48046875 0.31298828125 0.1328125 0.0771484375
0 0.5634765625 0.234375 0.087890625 0.099609375
0 0.73828125 0.19287109375 0.15234375 0.0673828125
0 0.6845703125 0.7919921875 0.119140625 0.0703125
0 0.66943359375 0.939453125 0.0849609375 0.07421875
0 0.451171875 0.08447265625 0.107421875 0.0693359375
0 0.603515625 0.9287109375 0.119140625 0.107421875
0 0.697265625 0.6669921875 0.080078125 0.0703125
0 0.9755859375 0.3818359375 0.048828125 0.0546875
0 0.02587890625 0.7763671875 0.0517578125 0.1328125
0 0.4697265625 0.83544921875 0.0625 0.0830078125
0 0.6376953125 0.9619140625 0.068359375 0.04296875
