0 0.85546875 0.4609375 0.10546875 0.1171875
0 0.7001953125 0.119140625 0.09765625 0.09765625
0 0.70947265625 0.42333984375 0.1396484375 0.0771484375
0 0.056640625 0.265625 0.11328125 0.08203125
0 0.71728515625 0.2958984375 0.2001953125 0.087890625
0 0.6416015625 0.509765625 0.080078125 0.099609375
0 0.70703125 0.6083984375 0.154296875 0.072265625
0 0.76611328125 0.79296875 0.0927734375 0.142578125
0 0.3466796875 0.63330078125 0.072265625 0.1376953125
0 0.85107421875 0.8212890625 0.0673828125 0.134765625
0 0.54345703125 0.85205078125 0.0654296875 0.0732421875
0 0.65576171875 0.8056640625 0.0966796875 0.09765625
0 0.95849609375 0.7734375 0.0830078125 0.123046875
0 0.947265625 0.59716796875 0.10546875 0.0947265625
0 0.95361328125 0.3056640625 0.0927734375 0.107421875
