0 0.0439453125 0.09375 0.087890625 0.099609375
0 0.49072265625 0.04150390625 0.1630859375 0.0693359375
0 0.38525390625 0.03173828125 0.0751953125 0.0634765625
0 0.41650390625 0.11376953125 0.0927734375 0.0869140625
0 0.28125 0.06884765625 0.08984375 0.1376953125
0 0.39599609375 0.2373046875 0.1650390625 0.08984375
0 0.517578125 0.18212890625 0.08203125 0.0732421875
0 0.69287109375 0.23193359375 0.0791015625 0.0966796875
0 0.6728515625 0.37158203125 0.119140625 0.0830078125
0 0.56298828125 0.4560546875 0.0771484375 0.12109375
0 0.4111328125 0.4150390625 0.138671875 0.095703125
0 0.36474609375 0.48974609375 0.0693359375 0.0927734375
0 0.228515625 0.32861328125 0.072265625 0.1455078125
0 0.06689453125 0.31689453125 0.1298828125 0.0810546875
0 0.087890625 0.23388671875 0.126953125 0.1005859375
0 0.01513671875 0.42822265625 0.0302734375 0.0927734375
0 0.1455078125 0.51611328125 0.126953125 0.1025390625
0 0.01806640625 0.50146484375 0.0361328125 0.0771484375
0 0.259765625 0.44677734375 0.1015625 0.0908203125
0 0.24072265625 0.68701171875 0.1748046875 0.0986328125
0 0.2216796875 0.88232421875 0.16796875 0.1728515625
0 0.3056640625 0.96337890625 0.09765625 0.0732421875
0 0.55126953125 0.6630859375 0.0810546875 0.115234375
0 0.76025390625 0.63525390625 0.0791015625 0.1396484375
0 0.66748046875 0.5107421875 0.0595703125 0.095703125
0 0.01123046875 0.833984375 0.0224609375 0.119140625
0 0.94677734375 0.916015625 0.1064453125 0.109375
0 0.95654296875 0.7158203125 0.0869140625 0.12109375
0 0.98046875 0.6015625 0.0390625 0.107421875
0 0.95849609375 0.150390625 0.0830078125 0.1171875
0 0.830078125 0.16943359375 0.076171875 0.1025390625
0 0.9384765625 0.28955078125 0.123046875 0.0849609375
0 0.853515625 0.31494140625 0.115234375 0.0888671875
0 0.15869140625 0.40087890625 0.0673828125 0.0791015625
0 0.20361328125 0.2041015625 0.1005859375 0.08984375
