0 0.328125 0.1318359375 0.08984375 0.0546875
0 0.23486328125 0.16650390625 0.1259765625 0.0654296875
0 0.51171875 0.23876953125 0.09375 0.0615234375
0 0.6123046875 0.171875 0.09375 0.091796875
0 0.71728515625 0.10498046875 0.0751953125 0.0791015625
0 0.7763671875 0.19384765625 0.083984375 0.0498046875
0 0.82763671875 0.240234375 0.0732421875 0.0625
0 0.06005859375 0.15576171875 0.1201171875 0.0595703125
0 0.181640625 0.01708984375 0.08984375 0.0341796875
0 0.28515625 0.03515625 0.05078125 0.0703125
0 0.48046875 0.03466796875 0.228515625 0.0693359375
0 0.47412109375 0.09326171875 0.1005859375 0.0810546875
0 0.81787109375 0.1201171875 0.0751953125 0.064453125
0 0.80517578125 0.04345703125 0.0556640625 0.0791015625
0 0.96875 0.0419921875 0.056640625 0.052734375
0 0.97900390625 0.31787109375 0.0419921875 0.0673828125
0 0.5830078125 0.3193359375 0.107421875 0.052734375
0 0.75732421875 0.34765625 0.0595703125 0.09765625
0 0.26611328125 0.36279296875 0.0673828125 0.0869140625
0 0.423828125 0.37890625 0.115234375 0.060546875
0 0.3740234375 0.33935546875 0.078125 0.0478515625
0 0.1982421875 0.400390625 0.109375 0.064453125
0 0.02880859375 0.3837890625 0.0576171875 0.060546875
0 0.26806640625 0.58740234375 0.1611328125 0.0849609375
0 0.23974609375 0.693359375 0.1474609375 0.068359375
0 0.44091796875 0.630859375 0.1259765625 0.064453125
0 0.6923828125 0.56005859375 0.08984375 0.0556640625
0 0.6552734375 0.451171875 0.072265625 0.115234375
0 0.7568359375 0.48388671875 0.0546875 0.0966796875
0 0.837890625 0.5263671875 0.103515625 0.080078125
0 0.923828125 0.62548828125 0.109375 0.0869140625
0 0.73486328125 0.7587890625 0.0673828125 0.0546875
0 0.3310546875 0.8837890625 0.1328125 0.0625
0 0.970703125 0.82861328125 0.05859375 0.0693359375
0 0.28955078125 0.43603515625 0.0634765625 0.0458984375
0 0.923828125 0.3681640625 0.078125 0.064453125
