0 0.013671875 0.01806640625 0.02734375 0.0361328125
0 0.09375 0.0712890625 0.044921875 0.08203125
0 0.16748046875 0.0458984375 0.0498046875 0.08984375
0 0.216796875 0.02880859375 0.076171875 0.0576171875
0 0.18359375 0.4931640625 0.13671875 0.072265625
0 0.1318359375 0.3916015625 0.078125 0.05859375
0 0.15576171875 0.43505859375 0.0791015625 0.0595703125
0 0.27099609375 0.32470703125 0.0791015625 0.0478515625
0 0.3203125 0.2548828125 0.0859375 0.044921875
0 0.353515625 0.423828125 0.087890625 0.1015625
0 0.58349609375 0.388671875 0.0615234375 0.123046875
0 0.26708984375 0.59033203125 0.0654296875 0.0751953125
0 0.13525390625 0.134765625 0.0966796875 0.06640625
0 0.3330078125 0.0166015625 0.087890625 0.033203125
0 0.35205078125 0.0888671875 0.0693359375 0.109375
0 0.13525390625 0.748046875 0.0673828125 0.10546875
0 0.3125 0.693359375 0.0625 0.052734375
0 0.39453125 0.7080078125 0.080078125 0.076171875
0 0.35986328125 0.7685546875 0.0791015625 0.0546875
0 0.0615234375 0.8671875 0.109375 0.13671875
0 0.4443359375 0.1494140625 0.107421875 0.060546875
0 0.45263671875 0.0556640625 0.0556640625 0.064453125
0 0.52685546875 0.0185546875 0.1044921875 0.037109375
0 0.53125 0.06787109375 0.09375 0.0693359375
0 0.70849609375 0.12744140625 0.0830078125 0.1083984375
0 0.79931640625 0.22900390625 0.0693359375 0.0615234375
0 0.76123046875 0.33544921875 0.0966796875 0.0732421875
0 0.810546875 0.5244140625 0.095703125 0.076171875
0 0.67578125 0.51416015625 0.095703125 0.1162109375
0 0.6025390625 0.5908203125 0.14453125 0.09765625
0 0.6083984375 0.7802734375 0.08203125 0.130859375
0 0.82177734375 0.8505859375 0.1220703125 0.05078125
0 0.71484375 0.87548828125 0.080078125 0.0537109375
0 0.67626953125 0.92578125 0.0849609375 0.0546875
0 0.7822265625 0.9423828125 0.05078125 0.076171875
0 0.962890625 0.91357421875 0.07421875 0.0673828125
0 0.85498046875 0.9794921875 0.1044921875 0.041015625
0 0.7568359375 0.01513671875 0.0546875 0.0302734375
0 0.79443359375 0.07275390625 0.0556640625 0.0849609375
0 0.83984375 0.07763671875 0.05078125 0.0791015625
0 0.833984375 0.00830078125 0.06640625 0.0166015625
0 0.93994140625 0.0078125 0.0830078125 0.015625
0 0.982421875 0.26806640625 0.03515625 0.0576171875
0 0.98779296875 0.12109375 0.0244140625 0.095703125
0 0.98828125 0.02685546875 0.0234375 0.0537109375
0 0.95166015625 0.1328125 0.0595703125 0.09765625
0 0.89892578125 0.236328125 0.0693359375 0.041015625
0 0.9013671875 0.3095703125 0.091796875 0.125
0 0.75830078125 0.748046875 0.0693359375 0.060546875
0 0.9609375 0.564453125 0.04296875 0.041015625
0 0.59326171875 0.2509765625 0.1064453125 0.083984375
0 0.51123046875 0.2353515625 0.1103515625 0.119140625
