0 0.05712890625 0.33349609375 0.0947265625 0.0927734375
0 0.115234375 0.4755859375 0.177734375 0.107421875
0 0.93212890625 0.734375 0.1298828125 0.064453125
0 0.091796875 0.88671875 0.18359375 0.083984375
0 0.09130859375 0.95068359375 0.1044921875 0.0771484375
0 0.02734375 0.1982421875 0.0546875 0.1171875
0 0.02490234375 0.1083984375 0.0498046875 0.123046875
0 0.0185546875 0.04345703125 0.037109375 0.0830078125
0 0.07666015625 0.037109375 0.0849609375 0.0703125
0 0.1787109375 0.03955078125 0.107421875 0.0751953125
0 0.11962890625 0.98193359375 0.1005859375 0.0361328125
0 0.96240234375 0.86962890625 0.0751953125 0.0556640625
0 0.95068359375 0.67578125 0.0927734375 0.056640625
0 0.94189453125 0.55908203125 0.0927734375 0.0771484375
