0 0.35107421875 0.02392578125 0.0791015625 0.0478515625
0 0.0693359375 0.404296875 0.06640625 0.0703125
0 0.14208984375 0.40087890625 0.1162109375 0.0869140625
0 0.04345703125 0.61083984375 0.0830078125 0.1435546875
0 0.04052734375 0.8447265625 0.0810546875 0.1484375
0 0.0478515625 0.95654296875 0.0625 0.0712890625
0 0.23095703125 0.97119140625 0.1494140625 0.0517578125
0 0.30419921875 0.86083984375 0.1123046875 0.0615234375
0 0.375 0.94970703125 0.080078125 0.1005859375
0 0.42626953125 0.77685546875 0.1298828125 0.0947265625
0 0.62158203125 0.76220703125 0.1005859375 0.0849609375
0 0.578125 0.712890625 0.068359375 0.08203125
0 0.41748046875 0.64111328125 0.0771484375 0.0751953125
0 0.5439453125 0.62353515625 0.08203125 0.1669921875
0 0.6240234375 0.63330078125 0.080078125 0.1650390625
0 0.29296875 0.54736328125 0.07421875 0.2119140625
0 0.3740234375 0.58203125 0.076171875 0.060546875
0 0.40185546875 0.52783203125 0.1005859375 0.0732421875
0 0.369140625 0.4638671875 0.0546875 0.05859375
0 0.3466796875 0.38134765625 0.0703125 0.0849609375
0 0.287109375 0.43017578125 0.099609375 0.0654296875
0 0.578125 0.376953125 0.06640625 0.05859375
0 0.4287109375 0.18212890625 0.060546875 0.0830078125
0 0.5087890625 0.14794921875 0.056640625 0.0791015625
0 0.5615234375 0.1611328125 0.08203125 0.11328125
0 0.6708984375 0.16357421875 0.115234375 0.0771484375
0 0.76953125 0.07861328125 0.07421875 0.0537109375
0 0.96142578125 0.15087890625 0.0771484375 0.1103515625
0 0.91748046875 0.90576171875 0.1591796875 0.0712890625
0 0.97900390625 0.85498046875 0.0419921875 0.0732421875
0 0.83935546875 0.4931640625 0.1064453125 0.0703125
0 0.92919921875 0.5419921875 0.1416015625 0.0859375
0 0.9755859375 0.45458984375 0.048828125 0.0908203125
0 0.87255859375 0.39697265625 0.0693359375 0.1025390625
0 0.93115234375 0.375 0.0654296875 0.072265625
0 0.79931640625 0.3515625 0.0751953125 0.09375
0 0.96337890625 0.7587890625 0.0732421875 0.0859375
0 0.828125 0.625 0.060546875 0.07421875
0 0.38232421875 0.97412109375 0.1181640625 0.0517578125
0 0.0205078125 0.02099609375 0.041015625 0.0380859375
0 0.193359375 0.07958984375 0.115234375 0.0712890625
0 0.77587890625 0.01708984375 0.0615234375 0.0341796875
0 0.32763671875 0.51171875 0.1845703125 0.115234375
0 0.6337890625 0.560546875 0.068359375 0.0546875
0 0.52685546875 0.53173828125 0.0693359375 0.0615234375
0 0.62158203125 0.27490234375 0.0439453125 0.0478515625
0 0.9208984375 0.0146484375 0.03125 0.029296875
