0 0.25634765625 0.6591796875 0.1552734375 0.10546875
0 0.1513671875 0.5380859375 0.138671875 0.126953125
0 0.02587890625 0.50537109375 0.0517578125 0.1806640625
0 0.07568359375 0.25439453125 0.0771484375 0.1123046875
0 0.19482421875 0.15625 0.1787109375 0.09765625
0 0.03466796875 0.77880859375 0.0693359375 0.0771484375
0 0.0166015625 0.8740234375 0.033203125 0.076171875
0 0.16796875 0.9814453125 0.09765625 0.037109375
0 0.341796875 0.98046875 0.109375 0.0390625
0 0.318359375 0.7509765625 0.18359375 0.072265625
0 0.3828125 0.81494140625 0.21484375 0.1005859375
0 0.544921875 0.8056640625 0.130859375 0.09765625
0 0.52587890625 0.7041015625 0.1064453125 0.083984375
0 0.78076171875 0.8076171875 0.2978515625 0.244140625
0 0.71875 0.84033203125 0.12109375 0.1064453125
0 0.69384765625 0.65771484375 0.1044921875 0.0693359375
0 0.83056640625 0.609375 0.1064453125 0.09765625
0 0.5908203125 0.44873046875 0.1640625 0.1103515625
0 0.4677734375 0.30615234375 0.1484375 0.0830078125
0 0.41748046875 0.1591796875 0.1435546875 0.10546875
0 0.18408203125 0.04541015625 0.1474609375 0.0908203125
0 0.58984375 0.05810546875 0.1484375 0.0986328125
0 0.62890625 0.1572265625 0.154296875 0.10546875
0 0.83837890625 0.22509765625 0.2841796875 0.1201171875
0 0.91455078125 0.06884765625 0.1455078125 0.1201171875
0 0.94482421875 0.48388671875 0.1103515625 0.1005859375
0 0.94189453125 0.67724609375 0.0908203125 0.1591796875
0 0.96044921875 0.810546875 0.0791015625 0.095703125
0 0.966796875 0.91552734375 0.06640625 0.0966796875
0 0.94677734375 0.966796875 0.1064453125 0.06640625
