0 0.3515625 0.08447265625 0.072265625 0.1005859375
0 0.56005859375 0.08740234375 0.0634765625 0.1162109375
0 0.73095703125 0.41552734375 0.0576171875 0.1142578125
0 0.25634765625 0.69677734375 0.0791015625 0.0986328125
0 0.5625 0.771484375 0.06640625 0.06640625
0 0.04296875 0.8388671875 0.07421875 0.080078125
0 0.60595703125 0.962890625 0.0849609375 0.07421875
0 0.89208984375 0.80810546875 0.0458984375 0.1064453125
0 0.22607421875 0.40966796875 0.0751953125 0.0810546875
0 0.00927734375 0.24560546875 0.0185546875 0.1005859375
0 0.75048828125 0.85546875 0.0771484375 0.087890625
0 0.05224609375 0.390625 0.0380859375 0.09375
0 0.591796875 0.392578125 0.072265625 0.087890625
0 0.685546875 0.732421875 0.0546875 0.095703125
0 0.197265625 0.77734375 0.05859375 0.0703125
0 0.36474609375 0.53125 0.0380859375 0.095703125
0 0.50537109375 0.31689453125 0.0712890625 0.0537109375
0 0.6103515625 0.47216796875 0.0546875 0.0791015625
0 0.4501953125 0.46240234375 0.044921875 0.0771484375
0 0.89404296875 0.17919921875 0.0419921875 0.0869140625
0 0.521484375 0.9560546875 0.11328125 0.087890625
0 0.7587890625 0.73388671875 0.037109375 0.0849609375
0 0.3203125 0.39013671875 0.09765625 0.0966796875
0 0.1962890625 0.0751953125 0.037109375 0.07421875
0 0.08642578125 0.38671875 0.0361328125 0.099609375
0 0.9521484375 0.72607421875 0.048828125 0.1103515625
0 0.62744140625 0.61962890625 0.0419921875 0.0966796875
0 0.06640625 0.0283203125 0.046875 0.056640625
0 0.3740234375 0.208984375 0.0546875 0.1328125
0 0.61328125 0.28466796875 0.04296875 0.0810546875
0 0.92919921875 0.44091796875 0.1005859375 0.0673828125
0 0.49609375 0.11474609375 0.041015625 0.1220703125
0 0.38818359375 0.45068359375 0.0478515625 0.0966796875
0 0.712890625 0.150390625 0.044921875 0.080078125
0 0.482421875 0.8330078125 0.0546875 0.064453125
0 0.478515625 0.03515625 0.03515625 0.0703125
0 0.982421875 0.08203125 0.03515625 0.07421875
0 0.70166015625 0.88623046875 0.0361328125 0.0693359375
0 0.5771484375 0.0419921875 0.046875 0.083984375
0 0.11865234375 0.259765625 0.1455078125 0.166015625
0 0.9736328125 0.59814453125 0.048828125 0.0673828125
0 0.86328125 0.041015625 0.041015625 0.08203125
0 0.86083984375 0.10546875 0.0380859375 0.09375
0 0.93701171875 0.52001953125 0.0419921875 0.0830078125
0 0.17333984375 0.89208984375 0.0712890625 0.0615234375
0 0.744140625 0.2451171875 0.033203125 0.08203125
0 0.54736328125 0.380859375 0.0419921875 0.060546875
0 0.18603515625 0.58740234375 0.0537109375 0.0595703125
0 0.1640625 0.53662109375 0.060546875 0.0615234375
0 0.9794921875 0.66259765625 0.037109375 0.0966796875
0 0.45654296875 0.9169921875 0.0810546875 0.052734375
0 0.54736328125 0.978515625 0.0302734375 0.04296875
0 0.43505859375 0.8349609375 0.0439453125 0.0546875
0 0.84375 0.34033203125 0.080078125 0.1591796875
0 0.564453125 0.59423828125 0.048828125 0.0537109375
0 0.06982421875 0.6298828125 0.0673828125 0.181640625
0 0.0830078125 0.673828125 0.078125 0.1015625
0 0.83984375 0.9296875 0.048828125 0.08984375
0 0.99072265625 0.7548828125 0.0185546875 0.11328125
