0 0.36328125 0.1103515625 0.07421875 0.1015625
0 0.23681640625 0.15087890625 0.0751953125 0.0791015625
0 0.48486328125 0.42529296875 0.0712890625 0.0791015625
0 0.48828125 0.9677734375 0.08203125 0.05859375
0 0.3056640625 0.4677734375 0.076171875 0.064453125
0 0.3544921875 0.55712890625 0.11328125 0.0556640625
0 0.64208984375 0.41748046875 0.0478515625 0.0947265625
0 0.2978515625 0.7802734375 0.087890625 0.048828125
0 0.3837890625 0.951171875 0.080078125 0.08203125
0 0.49072265625 0.052734375 0.0654296875 0.080078125
0 0.37841796875 0.2314453125 0.0693359375 0.05078125
0 0.015625 0.2197265625 0.03125 0.044921875
0 0.01904296875 0.2998046875 0.0380859375 0.037109375
0 0.60400390625 0.74072265625 0.0673828125 0.0556640625
0 0.77294921875 0.42626953125 0.0673828125 0.0673828125
0 0.7138671875 0.12060546875 0.06640625 0.0615234375
0 0.60888671875 0.443359375 0.0849609375 0.072265625
0 0.11669921875 0.41943359375 0.0751953125 0.0673828125
0 0.6474609375 0.04248046875 0.0859375 0.0361328125
0 0.58349609375 0.38330078125 0.0751953125 0.0830078125
0 0.88623046875 0.599609375 0.0322265625 0.064453125
0 0.2158203125 0.173828125 0.06640625 0.05859375
0 0.03173828125 0.2685546875 0.0634765625 0.046875
0 0.59814453125 0.63232421875 0.0791015625 0.0419921875
0 0.8427734375 0.5029296875 0.0703125 0.056640625
0 0.11767578125 0.794921875 0.0947265625 0.0390625
0 0.6083984375 0.5234375 0.0546875 0.064453125
0 0.44384765625 0.498046875 0.0576171875 0.05078125
0 0.11474609375 0.52587890625 0.0791015625 0.0654296875
0 0.4375 0.279296875 0.076171875 0.04296875
0 0.29150390625 0.83447265625 0.0751953125 0.0400390625
0 0.63232421875 0.888671875 0.0673828125 0.033203125
0 0.115234375 0.28759765625 0.06640625 0.0380859375
0 0.1435546875 0.01904296875 0.044921875 0.0361328125
0 0.9716796875 0.8349609375 0.056640625 0.02734375
0 0.7353515625 0.68603515625 0.064453125 0.0341796875
0 0.13671875 0.166015625 0.064453125 0.064453125
0 0.56787109375 0.56005859375 0.0732421875 0.0302734375
0 0.22021484375 0.93701171875 0.0947265625 0.0400390625
0 0.42333984375 0.63623046875 0.0615234375 0.0283203125
0 0.63427734375 0.16845703125 0.0693359375 0.0361328125
0 0.73974609375 0.46435546875 0.0654296875 0.0439453125
0 0.5087890625 0.56884765625 0.08203125 0.0341796875
0 0.052734375 0.64599609375 0.080078125 0.0341796875
0 0.53369140625 0.6748046875 0.0791015625 0.03125
0 0.34912109375 0.36279296875 0.0732421875 0.0419921875
0 0.72802734375 0.716796875 0.0771484375 0.03515625
0 0.60693359375 0.27490234375 0.0732421875 0.0341796875
0 0.80224609375 0.6318359375 0.0556640625 0.025390625
0 0.064453125 0.90673828125 0.046875 0.0380859375
0 0.1181640625 0.390625 0.06640625 0.025390625
0 0.77490234375 0.30419921875 0.0380859375 0.0576171875
0 0.42626953125 0.763671875 0.0458984375 0.05078125
0 0.19580078125 0.677734375 0.0810546875 0.04296875
0 0.953125 0.330078125 0.029296875 0.056640625
0 0.25146484375 0.35498046875 0.0634765625 0.0283203125
0 0.61181640625 0.9052734375 0.0869140625 0.033203125
0 0.6083984375 0.08349609375 0.048828125 0.0537109375
0 0.41357421875 0.04443359375 0.0712890625 0.0517578125
0 0.22802734375 0.1689453125 0.0673828125 0.072265625
0 0.74560546875 0.6357421875 0.0517578125 0.03125
0 0.5771484375 0.79541015625 0.0546875 0.0263671875
0 0.35205078125 0.015625 0.0673828125 0.03125
0 0.04052734375 0.61865234375 0.0673828125 0.0244140625
0 0.33544921875 0.94580078125 0.0595703125 0.0400390625
