0 0.02392578125 0.02734375 0.0478515625 0.0546875
0 0.06591796875 0.033203125 0.0576171875 0.06640625
0 0.1884765625 0.11376953125 0.046875 0.0556640625
0 0.2568359375 0.2080078125 0.064453125 0.05859375
0 0.30224609375 0.029296875 0.0732421875 0.05859375
0 0.3828125 0.12939453125 0.072265625 0.0478515625
0 0.4189453125 0.03515625 0.0859375 0.046875
0 0.4775390625 0.1455078125 0.06640625 0.07421875
0 0.5634765625 0.14794921875 0.0546875 0.0693359375
0 0.607421875 0.205078125 0.060546875 0.068359375
0 0.6962890625 0.12890625 0.095703125 0.091796875
0 0.78515625 0.17041015625 0.041015625 0.0478515625
0 0.66943359375 0.029296875 0.0908203125 0.05859375
0 0.5224609375 0.03125 0.083984375 0.0625
0 0.96044921875 0.13818359375 0.0556640625 0.0654296875
0 0.94873046875 0.255859375 0.0576171875 0.0625
0 0.03076171875 0.48388671875 0.0615234375 0.0732421875
0 0.1455078125 0.50244140625 0.064453125 0.0791015625
0 0.1767578125 0.55615234375 0.052734375 0.0693359375
0 0.2353515625 0.5126953125 0.0546875 0.068359375
0 0.30712890625 0.515625 0.0537109375 0.068359375
0 0.4462890625 0.49267578125 0.078125 0.0712890625
0 0.1162109375 0.9013671875 0.044921875 0.064453125
0 0.1650390625 0.92236328125 0.0546875 0.0439453125
0 0.13525390625 0.974609375 0.0576171875 0.05078125
0 0.18701171875 0.974609375 0.0537109375 0.05078125
0 0.07421875 0.96630859375 0.048828125 0.0673828125
0 0.357421875 0.7275390625 0.078125 0.076171875
0 0.44091796875 0.642578125 0.0517578125 0.076171875
0 0.44580078125 0.720703125 0.0654296875 0.0703125
0 0.57275390625 0.66552734375 0.0673828125 0.0634765625
0 0.53662109375 0.61474609375 0.0732421875 0.0537109375
0 0.61572265625 0.5634765625 0.0654296875 0.0546875
0 0.74560546875 0.52978515625 0.0478515625 0.0986328125
0 0.787109375 0.59326171875 0.04296875 0.0693359375
0 0.97119140625 0.67236328125 0.0576171875 0.0615234375
0 0.89990234375 0.64892578125 0.0771484375 0.0732421875
0 0.70654296875 0.62353515625 0.0517578125 0.0517578125
0 0.6484375 0.6396484375 0.04296875 0.048828125
0 0.68017578125 0.6826171875 0.0751953125 0.04296875
0 0.7822265625 0.68603515625 0.078125 0.0673828125
0 0.82275390625 0.66259765625 0.0556640625 0.0556640625
0 0.72412109375 0.7978515625 0.0751953125 0.0546875
0 0.607421875 0.72802734375 0.056640625 0.0693359375
0 0.78515625 0.77197265625 0.0546875 0.0693359375
0 0.85888671875 0.78125 0.0634765625 0.080078125
0 0.83740234375 0.87841796875 0.0634765625 0.0654296875
0 0.7529296875 0.921875 0.115234375 0.0546875
0 0.4638671875 0.97265625 0.0625 0.0546875
0 0.89990234375 0.98095703125 0.0537109375 0.0380859375
0 0.38134765625 0.822265625 0.0478515625 0.046875
0 0.2578125 0.61083984375 0.046875 0.0751953125
0 0.32861328125 0.59130859375 0.0439453125 0.0498046875
0 0.40283203125 0.60498046875 0.0478515625 0.0576171875
0 0.68359375 0.2412109375 0.041015625 0.046875
0 0.01904296875 0.130859375 0.0380859375 0.060546875
0 0.359375 0.89794921875 0.046875 0.0810546875
0 0.83251953125 0.9609375 0.0498046875 0.044921875
