0 0.02197265625 0.5478515625 0.0439453125 0.095703125
0 0.0869140625 0.630859375 0.08203125 0.076171875
0 0.0478515625 0.66015625 0.078125 0.068359375
0 0.10009765625 0.48876953125 0.0869140625 0.1220703125
0 0.20849609375 0.642578125 0.0751953125 0.046875
0 0.361328125 0.6552734375 0.0625 0.0546875
0 0.0234375 0.26318359375 0.046875 0.0693359375
0 0.26416015625 0.3408203125 0.1845703125 0.080078125
0 0.14892578125 0.21240234375 0.0791015625 0.0927734375
0 0.31591796875 0.27783203125 0.0888671875 0.1064453125
0 0.01708984375 0.08544921875 0.0341796875 0.1708984375
0 0.24658203125 0.0810546875 0.1669921875 0.140625
0 0.32470703125 0.1162109375 0.0361328125 0.03125
0 0.37744140625 0.02685546875 0.1298828125 0.0537109375
0 0.80908203125 0.154296875 0.1630859375 0.076171875
0 0.5126953125 0.20263671875 0.1015625 0.1083984375
0 0.47802734375 0.20947265625 0.0576171875 0.0947265625
0 0.42724609375 0.37548828125 0.0771484375 0.0986328125
0 0.70654296875 0.3564453125 0.0537109375 0.099609375
0 0.82421875 0.3681640625 0.072265625 0.083984375
0 0.75341796875 0.48876953125 0.1552734375 0.1513671875
0 0.96875 0.44091796875 0.0625 0.0947265625
0 0.88623046875 0.556640625 0.1904296875 0.111328125
0 0.4150390625 0.69677734375 0.125 0.0966796875
0 0.4658203125 0.78076171875 0.068359375 0.1201171875
0 0.380859375 0.82177734375 0.068359375 0.1357421875
0 0.54052734375 0.85595703125 0.0751953125 0.1318359375
0 0.46240234375 0.89208984375 0.0498046875 0.1181640625
0 0.546875 0.95556640625 0.078125 0.0810546875
0 0.6298828125 0.7373046875 0.08203125 0.130859375
0 0.67626953125 0.87451171875 0.0537109375 0.1494140625
0 0.74853515625 0.6708984375 0.0732421875 0.0859375
0 0.791015625 0.7177734375 0.07421875 0.0703125
0 0.89404296875 0.7294921875 0.0869140625 0.115234375
0 0.9658203125 0.79248046875 0.068359375 0.1728515625
0 0.73828125 0.98046875 0.083984375 0.0390625
0 0.01416015625 0.86376953125 0.0283203125 0.1318359375
0 0.0166015625 0.517578125 0.033203125 0.05078125
