0 0.69580078125 0.0107421875 0.1103515625 0.021484375
0 0.537109375 0.02685546875 0.130859375 0.0537109375
0 0.96142578125 0.01025390625 0.0771484375 0.0205078125
0 0.96728515625 0.03125 0.0576171875 0.0625
0 0.88623046875 0.06591796875 0.1396484375 0.0634765625
0 0.60693359375 0.111328125 0.1181640625 0.0703125
0 0.2177734375 0.16748046875 0.150390625 0.0556640625
0 0.25927734375 0.0859375 0.1494140625 0.123046875
0 0.37548828125 0.02685546875 0.0966796875 0.0537109375
0 0.2626953125 0.02490234375 0.0625 0.0498046875
0 0.08544921875 0.01318359375 0.1337890625 0.0263671875
0 0.0625 0.0615234375 0.125 0.0546875
0 0.92138671875 0.25 0.0869140625 0.068359375
0 0.95361328125 0.150390625 0.0615234375 0.076171875
0 0.88037109375 0.3466796875 0.0556640625 0.05859375
0 0.86962890625 0.44873046875 0.0654296875 0.0732421875
0 0.609375 0.5009765625 0.119140625 0.064453125
0 0.55615234375 0.5302734375 0.0556640625 0.091796875
0 0.38720703125 0.58203125 0.1611328125 0.10546875
0 0.28369140625 0.54345703125 0.0712890625 0.0791015625
0 0.23876953125 0.552734375 0.0537109375 0.068359375
0 0.1875 0.45263671875 0.087890625 0.0634765625
0 0.10595703125 0.47021484375 0.0693359375 0.0517578125
0 0.0966796875 0.568359375 0.09375 0.0546875
0 0.16455078125 0.58935546875 0.0732421875 0.0458984375
0 0.21923828125 0.62451171875 0.0888671875 0.0478515625
0 0.11328125 0.640625 0.09375 0.076171875
0 0.10498046875 0.6884765625 0.1162109375 0.05078125
0 0.07470703125 0.81103515625 0.0673828125 0.1845703125
0 0.20947265625 0.75341796875 0.1123046875 0.0556640625
0 0.1748046875 0.767578125 0.13671875 0.16015625
0 0.306640625 0.6572265625 0.06640625 0.07421875
0 0.3359375 0.703125 0.0625 0.064453125
0 0.3896484375 0.7890625 0.05859375 0.12109375
0 0.52880859375 0.65576171875 0.0830078125 0.0595703125
0 0.4931640625 0.5771484375 0.0703125 0.10546875
0 0.50048828125 0.87109375 0.0595703125 0.083984375
0 0.7177734375 0.65576171875 0.072265625 0.1005859375
0 0.77783203125 0.642578125 0.0791015625 0.064453125
0 0.724609375 0.740234375 0.064453125 0.08203125
0 0.923828125 0.70849609375 0.15234375 0.0927734375
0 0.9326171875 0.587890625 0.072265625 0.087890625
0 0.986328125 0.5009765625 0.02734375 0.064453125
0 0.8876953125 0.826171875 0.076171875 0.111328125
0 0.705078125 0.9033203125 0.142578125 0.0703125
0 0.6904296875 0.9541015625 0.12890625 0.076171875
0 0.97607421875 0.91162109375 0.0478515625 0.0810546875
0 0.10595703125 0.9765625 0.0595703125 0.046875
0 0.2158203125 0.02294921875 0.115234375 0.0458984375
0 0.2177734375 0.66455078125 0.068359375 0.0849609375
0 0.35302734375 0.73388671875 0.1357421875 0.0927734375
0 0.103515625 0.88671875 0.203125 0.12109375
