0 0.29443359375 0.4482421875 0.0830078125 0.076171875
0 0.2109375 0.548828125 0.068359375 0.09375
0 0.75634765625 0.0908203125 0.0439453125 0.103515625
0 0.65771484375 0.783203125 0.0439453125 0.1171875
0 0.9208984375 0.11328125 0.08203125 0.0703125
0 0.05859375 0.18310546875 0.076171875 0.0908203125
0 0.421875 0.16015625 0.080078125 0.0703125
0 0.107421875 0.7099609375 0.107421875 0.14453125
0 0.94287109375 0.64208984375 0.0869140625 0.0751953125
0 0.27783203125 0.16796875 0.1025390625 0.078125
0 0.52685546875 0.2041015625 0.0791015625 0.0625
0 0.89208984375 0.71142578125 0.0439453125 0.0986328125
0 0.3349609375 0.12451171875 0.056640625 0.1650390625
0 0.505859375 0.37109375 0.05078125 0.158203125
0 0.2734375 0.884765625 0.08203125 0.072265625
0 0.83935546875 0.2568359375 0.0634765625 0.078125
0 0.32421875 0.56103515625 0.11328125 0.0849609375
0 0.3876953125 0.50732421875 0.03515625 0.0908203125
0 0.78466796875 0.43017578125 0.0634765625 0.1064453125
0 0.7861328125 0.8251953125 0.13671875 0.05859375
0 0.58642578125 0.28759765625 0.0361328125 0.0634765625
0 0.53564453125 0.85595703125 0.0712890625 0.0498046875
0 0.7939453125 0.76416015625 0.072265625 0.1142578125
0 0.82568359375 0.5068359375 0.0224609375 0.10546875
0 0.52197265625 0.03955078125 0.0615234375 0.0498046875
0 0.859375 0.447265625 0.0234375 0.087890625
0 0.65478515625 0.23486328125 0.0576171875 0.0576171875
0 0.05517578125 0.50048828125 0.1064453125 0.0400390625
0 0.724609375 0.51708984375 0.15625 0.1201171875
0 0.9599609375 0.79541015625 0.080078125 0.0791015625
0 0.58935546875 0.244140625 0.0576171875 0.068359375
0 0.65380859375 0.3583984375 0.0361328125 0.115234375
0 0.51708984375 0.15234375 0.0244140625 0.078125
0 0.90283203125 0.951171875 0.0341796875 0.060546875
0 0.83544921875 0.15283203125 0.0634765625 0.0341796875
0 0.94482421875 0.75390625 0.0751953125 0.04296875
0 0.28125 0.95556640625 0.0546875 0.0830078125
0 0.41552734375 0.95068359375 0.0849609375 0.0380859375
0 0.107421875 0.58984375 0.103515625 0.046875
0 0.5126953125 0.580078125 0.056640625 0.048828125
0 0.2421875 0.02490234375 0.037109375 0.0498046875
0 0.81884765625 0.7001953125 0.0341796875 0.056640625
0 0.81787109375 0.34521484375 0.0361328125 0.0615234375
0 0.04736328125 0.1220703125 0.0322265625 0.09375
0 0.45458984375 0.697265625 0.0517578125 0.029296875
0 0.91748046875 0.23974609375 0.1162109375 0.0556640625
0 0.59130859375 0.93310546875 0.1416015625 0.0400390625
0 0.26318359375 0.2353515625 0.1044921875 0.037109375
0 0.36865234375 0.02392578125 0.0400390625 0.0478515625
0 0.71240234375 0.0478515625 0.0791015625 0.095703125
0 0.857421875 0.82177734375 0.0625 0.0517578125
0 0.87353515625 0.90771484375 0.0498046875 0.0322265625
0 0.3359375 0.853515625 0.056640625 0.044921875
0 0.65869140625 0.67578125 0.0673828125 0.04296875
0 0.4306640625 0.34033203125 0.107421875 0.1474609375
0 0.64794921875 0.10400390625 0.0302734375 0.0576171875
0 0.23681640625 0.203125 0.0478515625 0.037109375
0 0.22802734375 0.916015625 0.0498046875 0.044921875
0 0.80126953125 0.05908203125 0.0810546875 0.1181640625
0 0.3896484375 0.8984375 0.060546875 0.044921875
0 0.3544921875 0.9736328125 0.123046875 0.052734375
0 0.92529296875 0.962890625 0.0283203125 0.037109375
0 0.98876953125 0.76318359375 0.0224609375 0.0693359375
0 0.7177734375 0.5595703125 0.0625 0.025390625
