0 0.34423828125 0.53076171875 0.1298828125 0.0869140625
0 0.39453125 0.20263671875 0.123046875 0.1103515625
0 0.40087890625 0.6708984375 0.0966796875 0.08203125
0 0.32958984375 0.42333984375 0.0830078125 0.0556640625
0 0.2958984375 0.6044921875 0.091796875 0.07421875
0 0.20556640625 0.0849609375 0.0810546875 0.1171875
0 0.326171875 0.97900390625 0.107421875 0.0419921875
0 0.47509765625 0.06640625 0.0888671875 0.076171875
0 0.953125 0.75732421875 0.080078125 0.0556640625
0 0.24609375 0.47802734375 0.07421875 0.0615234375
0 0.810546875 0.6142578125 0.078125 0.064453125
0 0.06201171875 0.6298828125 0.0693359375 0.060546875
0 0.29638671875 0.0263671875 0.0576171875 0.052734375
0 0.33251953125 0.03076171875 0.0693359375 0.0576171875
0 0.9736328125 0.23583984375 0.052734375 0.0673828125
0 0.970703125 0.30615234375 0.052734375 0.0576171875
0 0.5849609375 0.3662109375 0.087890625 0.072265625
0 0.03759765625 0.91650390625 0.0673828125 0.0947265625
0 0.18212890625 0.4033203125 0.0556640625 0.08203125
