0 0.8662109375 0.271484375 0.048828125 0.056640625
0 0.95361328125 0.2412109375 0.0478515625 0.05859375
0 0.900390625 0.23779296875 0.037109375 0.0400390625
0 0.77978515625 0.216796875 0.0478515625 0.0625
0 0.8134765625 0.0419921875 0.06640625 0.083984375
0 0.6611328125 0.04833984375 0.05859375 0.0634765625
0 0.61474609375 0.04345703125 0.0556640625 0.0869140625
0 0.6748046875 0.1064453125 0.06640625 0.0625
0 0.6787109375 0.14892578125 0.06640625 0.0654296875
0 0.71728515625 0.2080078125 0.0400390625 0.064453125
0 0.7236328125 0.30908203125 0.052734375 0.0498046875
0 0.61865234375 0.22998046875 0.0556640625 0.0361328125
0 0.5869140625 0.2802734375 0.087890625 0.044921875
0 0.38623046875 0.21630859375 0.0673828125 0.0712890625
0 0.2880859375 0.06787109375 0.08203125 0.0830078125
0 0.46484375 0.12548828125 0.08203125 0.0849609375
0 0.5029296875 0.07080078125 0.0859375 0.0771484375
0 0.12548828125 0.0341796875 0.0830078125 0.068359375
0 0.1630859375 0.0322265625 0.037109375 0.064453125
0 0.04296875 0.021484375 0.080078125 0.04296875
0 0.0625 0.08740234375 0.091796875 0.0791015625
0 0.1767578125 0.12158203125 0.056640625 0.0634765625
0 0.576171875 0.5400390625 0.08984375 0.08203125
0 0.69677734375 0.56494140625 0.0576171875 0.0712890625
0 0.8330078125 0.96484375 0.107421875 0.0703125
0 0.66259765625 0.86962890625 0.0830078125 0.1416015625
0 0.78515625 0.86279296875 0.046875 0.0498046875
0 0.73193359375 0.82373046875 0.0556640625 0.0556640625
0 0.7421875 0.74951171875 0.060546875 0.0537109375
0 0.8046875 0.6796875 0.0703125 0.068359375
0 0.9775390625 0.66357421875 0.044921875 0.0654296875
0 0.95166015625 0.7080078125 0.0595703125 0.052734375
0 0.9453125 0.75244140625 0.05859375 0.0556640625
0 0.87451171875 0.72900390625 0.0576171875 0.0576171875
0 0.90869140625 0.6474609375 0.0517578125 0.056640625
0 0.6015625 0.61962890625 0.05859375 0.0654296875
0 0.5078125 0.669921875 0.091796875 0.080078125
0 0.47607421875 0.55908203125 0.0693359375 0.0947265625
0 0.36328125 0.62890625 0.109375 0.0625
0 0.3251953125 0.75 0.06640625 0.09765625
0 0.2939453125 0.587890625 0.046875 0.076171875
0 0.25732421875 0.56298828125 0.0537109375 0.0615234375
0 0.1787109375 0.5390625 0.109375 0.083984375
0 0.1826171875 0.583984375 0.06640625 0.06640625
0 0.05859375 0.59814453125 0.10546875 0.0634765625
0 0.11572265625 0.55126953125 0.0654296875 0.0791015625
0 0.0322265625 0.53564453125 0.064453125 0.0458984375
0 0.04541015625 0.455078125 0.0908203125 0.09765625
0 0.09814453125 0.896484375 0.0634765625 0.06640625
0 0.18701171875 0.94140625 0.0986328125 0.052734375
0 0.08154296875 0.955078125 0.0419921875 0.044921875
0 0.03125 0.96875 0.060546875 0.0625
0 0.158203125 0.2998046875 0.0625 0.041015625
0 0.3994140625 0.791015625 0.041015625 0.03515625
0 0.64892578125 0.98193359375 0.0712890625 0.0361328125
0 0.9443359375 0.78955078125 0.04296875 0.0263671875
0 0.15478515625 0.93505859375 0.0556640625 0.0400390625
0 0.53173828125 0.20361328125 0.0615234375 0.0498046875
0 0.5859375 0.185546875 0.048828125 0.056640625
0 0.64013671875 0.19091796875 0.0498046875 0.0517578125
0 0.6953125 0.2685546875 0.056640625 0.056640625
0 0.83154296875 0.736328125 0.0517578125 0.046875
0 0.49560546875 0.63427734375 0.0419921875 0.0419921875
