0 0.537109375 0.802734375 0.10546875 0.0625
0 0.28369140625 0.4072265625 0.1337890625 0.05078125
0 0.79248046875 0.6279296875 0.1240234375 0.0625
0 0.8603515625 0.1328125 0.107421875 0.048828125
0 0.7373046875 0.5576171875 0.083984375 0.056640625
0 0.91748046875 0.32080078125 0.0673828125 0.0498046875
0 0.529296875 0.6904296875 0.142578125 0.05859375
0 0.728515625 0.20947265625 0.095703125 0.0458984375
0 0.59521484375 0.3017578125 0.0830078125 0.099609375
0 0.19970703125 0.5654296875 0.1064453125 0.0390625
0 0.37939453125 0.74462890625 0.1201171875 0.0595703125
0 0.654296875 0.71923828125 0.064453125 0.1064453125
0 0.11865234375 0.18896484375 0.1181640625 0.0908203125
0 0.72900390625 0.40576171875 0.1201171875 0.0400390625
0 0.3955078125 0.53076171875 0.13671875 0.1025390625
0 0.58544921875 0.23046875 0.0595703125 0.076171875
0 0.70751953125 0.3203125 0.0791015625 0.08203125
0 0.7109375 0.8935546875 0.03125 0.119140625
0 0.9697265625 0.23828125 0.060546875 0.056640625
0 0.2734375 0.22900390625 0.111328125 0.0908203125
0 0.1533203125 0.06591796875 0.107421875 0.0361328125
0 0.6259765625 0.1162109375 0.138671875 0.0546875
0 0.06640625 0.513671875 0.1015625 0.041015625
0 0.07568359375 0.88525390625 0.1513671875 0.0654296875
0 0.697265625 0.2724609375 0.076171875 0.041015625
0 0.13623046875 0.14599609375 0.1162109375 0.0693359375
0 0.53759765625 0.73779296875 0.0654296875 0.0439453125
0 0.5048828125 0.1962890625 0.080078125 0.0390625
0 0.32666015625 0.21630859375 0.0947265625 0.0810546875
0 0.06005859375 0.20703125 0.1083984375 0.041015625
0 0.380859375 0.1982421875 0.103515625 0.111328125
0 0.314453125 0.9111328125 0.1171875 0.029296875
0 0.40576171875 0.015625 0.0791015625 0.03125
0 0.931640625 0.92529296875 0.13671875 0.1298828125
0 0.1650390625 0.0185546875 0.07421875 0.037109375
0 0.2958984375 0.06982421875 0.0703125 0.0322265625
0 0.58740234375 0.86083984375 0.1806640625 0.0908203125
0 0.716796875 0.0927734375 0.08203125 0.044921875
0 0.66748046875 0.6220703125 0.1142578125 0.048828125
0 0.9267578125 0.572265625 0.0625 0.08203125
0 0.84521484375 0.93115234375 0.1220703125 0.0380859375
0 0.37109375 0.3310546875 0.05859375 0.0390625
0 0.0380859375 0.04541015625 0.07421875 0.0380859375
0 0.0634765625 0.30224609375 0.107421875 0.0244140625
0 0.50341796875 0.97216796875 0.1513671875 0.0302734375
0 0.1552734375 0.72900390625 0.15234375 0.0595703125
0 0.94677734375 0.45263671875 0.0595703125 0.0517578125
0 0.22412109375 0.94873046875 0.0576171875 0.0458984375
0 0.38134765625 0.36474609375 0.0595703125 0.0419921875
0 0.3740234375 0.1611328125 0.0859375 0.0625
0 0.4189453125 0.42041015625 0.189453125 0.1259765625
0 0.96826171875 0.0517578125 0.0634765625 0.013671875
0 0.32666015625 0.31396484375 0.1513671875 0.0400390625
0 0.6904296875 0.15869140625 0.09375 0.0576171875
0 0.48974609375 0.5283203125 0.0302734375 0.0546875
0 0.12841796875 0.169921875 0.1201171875 0.087890625
0 0.09326171875 0.64306640625 0.1474609375 0.0576171875
0 0.5537109375 0.4853515625 0.08984375 0.158203125
0 0.291015625 0.94921875 0.09765625 0.017578125
0 0.5322265625 0.52734375 0.041015625 0.09375
0 0.58642578125 0.5654296875 0.0576171875 0.046875
0 0.8876953125 0.77880859375 0.091796875 0.0380859375
0 0.0322265625 0.95751953125 0.064453125 0.0439453125
0 0.72900390625 0.11328125 0.0576171875 0.037109375
0 0.826171875 0.9794921875 0.103515625 0.041015625
