0 0.14794921875 0.04931640625 0.0673828125 0.0986328125
0 0.0634765625 0.1640625 0.0546875 0.0546875
0 0.38525390625 0.07958984375 0.1298828125 0.0791015625
0 0.49951171875 0.0888671875 0.0908203125 0.0859375
0 0.6611328125 0.0556640625 0.1484375 0.091796875
0 0.7978515625 0.0966796875 0.068359375 0.05859375
0 0.89892578125 0.04052734375 0.0693359375 0.0517578125
0 0.025390625 0.5009765625 0.05078125 0.09765625
0 0.0869140625 0.5556640625 0.068359375 0.05859375
0 0.171875 0.5927734375 0.091796875 0.115234375
0 0.30029296875 0.49560546875 0.0830078125 0.0654296875
0 0.32861328125 0.57421875 0.0771484375 0.125
0 0.10107421875 0.70458984375 0.1005859375 0.0673828125
0 0.20849609375 0.720703125 0.1201171875 0.158203125
0 0.2421875 0.658203125 0.080078125 0.07421875
0 0.31396484375 0.68505859375 0.0517578125 0.0576171875
0 0.314453125 0.74169921875 0.109375 0.0576171875
0 0.1875 0.86376953125 0.052734375 0.0576171875
0 0.056640625 0.90234375 0.109375 0.05078125
0 0.51806640625 0.88232421875 0.1220703125 0.0771484375
0 0.55224609375 0.75634765625 0.0595703125 0.0556640625
0 0.775390625 0.779296875 0.07421875 0.13671875
0 0.89404296875 0.7353515625 0.0615234375 0.064453125
0 0.96826171875 0.572265625 0.0634765625 0.080078125
0 0.89501953125 0.57421875 0.0791015625 0.0859375
0 0.76806640625 0.552734375 0.0537109375 0.05078125
0 0.5693359375 0.57080078125 0.056640625 0.0654296875
0 0.5888671875 0.5361328125 0.0625 0.08203125
0 0.640625 0.5615234375 0.06640625 0.107421875
0 0.74951171875 0.49755859375 0.0673828125 0.0869140625
0 0.94091796875 0.3388671875 0.1181640625 0.103515625
0 0.04150390625 0.04541015625 0.0634765625 0.0693359375
0 0.70166015625 0.5185546875 0.0615234375 0.064453125
0 0.421875 0.02392578125 0.11328125 0.0478515625
0 0.81201171875 0.01611328125 0.0556640625 0.0322265625
0 0.35888671875 0.02587890625 0.0595703125 0.0517578125
0 0.177734375 0.0185546875 0.03125 0.037109375
0 0.29052734375 0.6064453125 0.0849609375 0.05859375
0 0.15380859375 0.63916015625 0.0341796875 0.0283203125
0 0.748046875 0.9736328125 0.037109375 0.041015625
0 0.009765625 0.5771484375 0.01953125 0.0234375
0 0.86328125 0.3486328125 0.078125 0.12890625
0 0.78173828125 0.439453125 0.1474609375 0.119140625
0 0.64453125 0.47705078125 0.12109375 0.1044921875
