0 0.7998046875 0.7509765625 0.080078125 0.1171875
0 0.5556640625 0.64697265625 0.09765625 0.0751953125
0 0.45703125 0.4541015625 0.095703125 0.080078125
0 0.52587890625 0.41357421875 0.0771484375 0.0771484375
0 0.9736328125 0.29345703125 0.052734375 0.0869140625
0 0.623046875 0.5673828125 0.1171875 0.080078125
0 0.23291015625 0.70458984375 0.1474609375 0.0947265625
0 0.58056640625 0.86181640625 0.0673828125 0.1103515625
0 0.70947265625 0.1357421875 0.1005859375 0.1328125
0 0.568359375 0.29833984375 0.072265625 0.1474609375
0 0.38330078125 0.17578125 0.1181640625 0.068359375
0 0.626953125 0.37060546875 0.125 0.1279296875
0 0.7919921875 0.5810546875 0.080078125 0.09765625
0 0.8232421875 0.4345703125 0.072265625 0.07421875
0 0.484375 0.31298828125 0.064453125 0.0673828125
0 0.85107421875 0.220703125 0.0576171875 0.072265625
0 0.9736328125 0.11669921875 0.052734375 0.0751953125
0 0.80078125 0.1533203125 0.072265625 0.087890625
0 0.916015625 0.34375 0.087890625 0.0625
0 0.95166015625 0.404296875 0.0849609375 0.109375
0 0.8134765625 0.51708984375 0.107421875 0.0654296875
0 0.75439453125 0.65185546875 0.0751953125 0.1044921875
0 0.73046875 0.02490234375 0.072265625 0.0498046875
0 0.2998046875 0.92578125 0.0546875 0.13671875
0 0.75048828125 0.37353515625 0.0673828125 0.0576171875
0 0.9521484375 0.0556640625 0.08984375 0.046875
0 0.77734375 0.1953125 0.0703125 0.0625
0 0.658203125 0.248046875 0.0625 0.0625
0 0.38330078125 0.9130859375 0.1083984375 0.126953125
0 0.38623046875 0.94873046875 0.1025390625 0.1025390625
0 0.6396484375 0.9384765625 0.060546875 0.123046875
0 0.61376953125 0.51220703125 0.0498046875 0.0830078125
