0 0.654296875 0.04736328125 0.150390625 0.0947265625
0 0.931640625 0.859375 0.134765625 0.076171875
0 0.80615234375 0.9169921875 0.1474609375 0.109375
0 0.95166015625 0.8076171875 0.0966796875 0.140625
0 0.64453125 0.73828125 0.08984375 0.087890625
0 0.83056640625 0.17578125 0.0927734375 0.08203125
0 0.8369140625 0.6494140625 0.205078125 0.10546875
0 0.86572265625 0.44091796875 0.1123046875 0.0830078125
0 0.94189453125 0.9248046875 0.0947265625 0.080078125
0 0.853515625 0.70849609375 0.09765625 0.1025390625
