0 0.0283203125 0.4560546875 0.056640625 0.103515625
0 0.06103515625 0.31494140625 0.0732421875 0.1044921875
0 0.21630859375 0.32080078125 0.1123046875 0.0458984375
0 0.181640625 0.26611328125 0.07421875 0.0439453125
0 0.16748046875 0.232421875 0.0732421875 0.037109375
0 0.09912109375 0.09033203125 0.0966796875 0.1181640625
0 0.0732421875 0.01806640625 0.06640625 0.0361328125
0 0.2958984375 0.0390625 0.0546875 0.03515625
0 0.3896484375 0.05810546875 0.06640625 0.0634765625
0 0.46630859375 0.06787109375 0.0654296875 0.0478515625
0 0.4541015625 0.13037109375 0.119140625 0.0439453125
0 0.40576171875 0.181640625 0.1201171875 0.052734375
0 0.4716796875 0.17822265625 0.091796875 0.0634765625
0 0.8056640625 0.1298828125 0.07421875 0.05859375
0 0.8056640625 0.03564453125 0.056640625 0.0712890625
0 0.9208984375 0.072265625 0.107421875 0.087890625
0 0.77783203125 0.2646484375 0.0654296875 0.060546875
0 0.85546875 0.28955078125 0.0546875 0.0556640625
0 0.97998046875 0.22998046875 0.0400390625 0.1298828125
0 0.369140625 0.27197265625 0.091796875 0.0400390625
0 0.42919921875 0.2353515625 0.0654296875 0.041015625
0 0.53955078125 0.3115234375 0.0869140625 0.07421875
0 0.62890625 0.3369140625 0.107421875 0.068359375
0 0.38427734375 0.31005859375 0.0615234375 0.0517578125
0 0.31787109375 0.314453125 0.0771484375 0.041015625
0 0.23095703125 0.43115234375 0.0615234375 0.0830078125
0 0.37109375 0.42919921875 0.05859375 0.0732421875
0 0.46484375 0.51611328125 0.119140625 0.0634765625
0 0.52392578125 0.4814453125 0.0615234375 0.052734375
0 0.70068359375 0.57421875 0.1083984375 0.060546875
0 0.68798828125 0.51806640625 0.0634765625 0.0517578125
0 0.814453125 0.4501953125 0.0625 0.10546875
0 0.91845703125 0.41748046875 0.1376953125 0.0654296875
0 0.98046875 0.40673828125 0.0390625 0.1103515625
0 0.9619140625 0.53076171875 0.076171875 0.0654296875
0 0.97412109375 0.6376953125 0.0517578125 0.048828125
0 0.892578125 0.7265625 0.087890625 0.05078125
0 0.9580078125 0.7392578125 0.083984375 0.044921875
0 0.6337890625 0.775390625 0.1015625 0.0625
0 0.197265625 0.7333984375 0.05859375 0.05078125
0 0.27880859375 0.63720703125 0.0849609375 0.0654296875
0 0.30810546875 0.6201171875 0.1044921875 0.06640625
0 0.275390625 0.56787109375 0.083984375 0.0615234375
0 0.0419921875 0.720703125 0.083984375 0.060546875
0 0.31298828125 0.74267578125 0.1494140625 0.0537109375
0 0.857421875 0.77734375 0.060546875 0.05078125
0 0.91259765625 0.80078125 0.0654296875 0.060546875
0 0.96337890625 0.89306640625 0.0732421875 0.0888671875
0 0.8359375 0.8818359375 0.11328125 0.0625
0 0.8974609375 0.935546875 0.111328125 0.052734375
0 0.82177734375 0.94873046875 0.0771484375 0.0732421875
0 0.6083984375 0.88427734375 0.080078125 0.0751953125
0 0.6015625 0.92333984375 0.064453125 0.0673828125
0 0.69091796875 0.96435546875 0.1416015625 0.0693359375
0 0.62353515625 0.9736328125 0.1748046875 0.05078125
0 0.1953125 0.8798828125 0.109375 0.05078125
0 0.18408203125 0.90673828125 0.0419921875 0.0458984375
0 0.19921875 0.96484375 0.046875 0.044921875
0 0.3935546875 0.890625 0.064453125 0.05078125
0 0.49072265625 0.73095703125 0.0771484375 0.0615234375
