0 0.03466796875 0.9541015625 0.0673828125 0.0859375
0 0.05419921875 0.744140625 0.0791015625 0.1015625
0 0.10546875 0.666015625 0.078125 0.05859375
0 0.0498046875 0.537109375 0.0859375 0.078125
0 0.056640625 0.3564453125 0.0625 0.1328125
0 0.12939453125 0.3701171875 0.0732421875 0.0859375
0 0.337890625 0.2060546875 0.07421875 0.09375
0 0.6796875 0.04833984375 0.0625 0.0771484375
0 0.587890625 0.10498046875 0.09765625 0.1943359375
0 0.63818359375 0.16650390625 0.0478515625 0.0595703125
0 0.8173828125 0.1337890625 0.0703125 0.078125
0 0.63720703125 0.2421875 0.0888671875 0.08203125
0 0.72412109375 0.3056640625 0.0576171875 0.09765625
0 0.69873046875 0.4921875 0.1005859375 0.083984375
0 0.8017578125 0.57763671875 0.08203125 0.0732421875
0 0.7158203125 0.5859375 0.10546875 0.06640625
0 0.71728515625 0.6533203125 0.0947265625 0.07421875
0 0.56201171875 0.6943359375 0.0771484375 0.078125
0 0.4052734375 0.6787109375 0.068359375 0.0859375
0 0.3408203125 0.736328125 0.076171875 0.09375
0 0.4638671875 0.81298828125 0.126953125 0.1220703125
0 0.69580078125 0.88427734375 0.0888671875 0.2314453125
0 0.89208984375 0.76025390625 0.0810546875 0.0771484375
0 0.76708984375 0.0869140625 0.1025390625 0.099609375
0 0.0126953125 0.560546875 0.025390625 0.060546875
0 0.978515625 0.7197265625 0.041015625 0.1171875
