0 0.96337890625 0.0947265625 0.0732421875 0.140625
0 0.9853515625 0.8603515625 0.029296875 0.05859375
0 0.93310546875 0.89306640625 0.1337890625 0.1064453125
0 0.828125 0.88330078125 0.06640625 0.0576171875
0 0.73486328125 0.97119140625 0.0732421875 0.0576171875
0 0.341796875 0.90234375 0.125 0.078125
0 0.390625 0.83251953125 0.16796875 0.0986328125
0 0.21826171875 0.73095703125 0.1767578125 0.0986328125
0 0.44775390625 0.65771484375 0.1689453125 0.0693359375
0 0.47607421875 0.595703125 0.1416015625 0.107421875
0 0.62841796875 0.7294921875 0.1142578125 0.1171875
0 0.58154296875 0.72314453125 0.0556640625 0.0908203125
0 0.64599609375 0.59814453125 0.0888671875 0.1396484375
0 0.6826171875 0.62353515625 0.087890625 0.0966796875
0 0.8515625 0.7392578125 0.099609375 0.083984375
0 0.94677734375 0.755859375 0.1044921875 0.0546875
0 0.95654296875 0.7119140625 0.0869140625 0.072265625
0 0.95166015625 0.587890625 0.0732421875 0.15234375
0 0.88037109375 0.6318359375 0.0615234375 0.138671875
0 0.8798828125 0.537109375 0.0546875 0.076171875
0 0.9873046875 0.419921875 0.025390625 0.07421875
0 0.85693359375 0.32763671875 0.0810546875 0.0791015625
0 0.20263671875 0.90087890625 0.0947265625 0.1259765625
0 0.16943359375 0.97412109375 0.0771484375 0.0517578125
0 0.03125 0.95751953125 0.0625 0.0849609375
0 0.033203125 0.751953125 0.06640625 0.150390625
0 0.0634765625 0.61083984375 0.126953125 0.1142578125
0 0.17919921875 0.4404296875 0.0908203125 0.072265625
0 0.0546875 0.3037109375 0.064453125 0.1484375
0 0.0283203125 0.48291015625 0.056640625 0.0908203125
0 0.19775390625 0.3486328125 0.1630859375 0.078125
0 0.3955078125 0.3291015625 0.068359375 0.0546875
0 0.5185546875 0.42138671875 0.072265625 0.0693359375
0 0.4697265625 0.2783203125 0.1171875 0.0625
0 0.6904296875 0.2353515625 0.134765625 0.091796875
0 0.83203125 0.1943359375 0.087890625 0.142578125
0 0.70458984375 0.0712890625 0.1025390625 0.142578125
0 0.8583984375 0.06689453125 0.099609375 0.1337890625
0 0.9150390625 0.0634765625 0.083984375 0.126953125
0 0.16748046875 0.021484375 0.1181640625 0.04296875
0 0.03369140625 0.0185546875 0.0634765625 0.037109375
0 0.1064453125 0.1591796875 0.1171875 0.06640625
0 0.16943359375 0.134765625 0.1044921875 0.103515625
0 0.265625 0.21630859375 0.123046875 0.0673828125
0 0.4912109375 0.21435546875 0.23046875 0.0595703125
0 0.10302734375 0.236328125 0.0556640625 0.087890625
0 0.7412109375 0.53125 0.05078125 0.0546875
0 0.8310546875 0.5234375 0.09375 0.125
0 0.421875 0.42724609375 0.05859375 0.0517578125
0 0.33154296875 0.4931640625 0.0634765625 0.060546875
