0 0.11962890625 0.54296875 0.2392578125 0.068359375
0 0.3037109375 0.15869140625 0.076171875 0.1220703125
0 0.76904296875 0.66015625 0.1611328125 0.15625
0 0.2685546875 0.3212890625 0.078125 0.130859375
0 0.52783203125 0.70361328125 0.2392578125 0.0771484375
0 0.39794921875 0.42431640625 0.0712890625 0.2392578125
0 0.33642578125 0.8076171875 0.0751953125 0.111328125
0 0.53662109375 0.1123046875 0.1533203125 0.09375
0 0.6669921875 0.05810546875 0.09375 0.1064453125
0 0.69970703125 0.7158203125 0.1044921875 0.15625
0 0.08154296875 0.94482421875 0.0830078125 0.0693359375
0 0.97021484375 0.53515625 0.0595703125 0.0859375
0 0.78369140625 0.47900390625 0.1337890625 0.0771484375
0 0.82958984375 0.7568359375 0.1240234375 0.3203125
0 0.3896484375 0.8369140625 0.1015625 0.181640625
0 0.419921875 0.2041015625 0.103515625 0.11328125
0 0.55517578125 0.27685546875 0.1044921875 0.1083984375
0 0.8271484375 0.38525390625 0.083984375 0.1181640625
0 0.77490234375 0.3369140625 0.2197265625 0.12109375
0 0.93310546875 0.2216796875 0.1337890625 0.177734375
