0 0.078125 0.29052734375 0.060546875 0.1064453125
0 0.34228515625 0.0390625 0.0634765625 0.078125
0 0.33447265625 0.41455078125 0.0654296875 0.0810546875
0 0.45751953125 0.1259765625 0.0634765625 0.083984375
0 0.2275390625 0.490234375 0.064453125 0.103515625
0 0.18017578125 0.51025390625 0.0576171875 0.0751953125
0 0.31201171875 0.578125 0.0498046875 0.095703125
0 0.05615234375 0.029296875 0.0595703125 0.05859375
0 0.55126953125 0.2275390625 0.0439453125 0.08203125
0 0.61376953125 0.5537109375 0.0908203125 0.091796875
0 0.1845703125 0.88818359375 0.044921875 0.0888671875
0 0.5458984375 0.9189453125 0.0546875 0.111328125
0 0.33154296875 0.95166015625 0.0341796875 0.0927734375
0 0.15771484375 0.97265625 0.0302734375 0.0546875
0 0.7001953125 0.62060546875 0.0390625 0.0732421875
0 0.53857421875 0.57421875 0.0302734375 0.0859375
0 0.59765625 0.21337890625 0.02734375 0.0888671875
0 0.6923828125 0.7939453125 0.0390625 0.072265625
0 0.67822265625 0.1796875 0.0537109375 0.1015625
0 0.814453125 0.96923828125 0.072265625 0.0615234375
0 0.146484375 0.0576171875 0.09765625 0.1015625
0 0.12353515625 0.26416015625 0.0693359375 0.1005859375
0 0.9091796875 0.8740234375 0.064453125 0.150390625
0 0.05615234375 0.68701171875 0.1123046875 0.0556640625
0 0.64990234375 0.794921875 0.0615234375 0.076171875
0 0.85595703125 0.70703125 0.0576171875 0.076171875
0 0.91943359375 0.4228515625 0.0419921875 0.060546875
0 0.7890625 0.29833984375 0.037109375 0.0830078125
0 0.37939453125 0.20458984375 0.0634765625 0.1494140625
0 0.18505859375 0.216796875 0.1064453125 0.103515625
0 0.03076171875 0.15283203125 0.0615234375 0.0673828125
0 0.4013671875 0.38623046875 0.041015625 0.0693359375
0 0.4873046875 0.927734375 0.064453125 0.07421875
0 0.62353515625 0.244140625 0.0322265625 0.076171875
0 0.52099609375 0.68310546875 0.0537109375 0.0654296875
0 0.83203125 0.26416015625 0.0625 0.0810546875
0 0.43408203125 0.37451171875 0.0361328125 0.1064453125
0 0.72021484375 0.38525390625 0.0556640625 0.0927734375
0 0.84228515625 0.90283203125 0.0458984375 0.1259765625
0 0.17626953125 0.70166015625 0.0595703125 0.0908203125
0 0.06787109375 0.4453125 0.1064453125 0.1640625
0 0.6201171875 0.97802734375 0.0703125 0.0439453125
0 0.93310546875 0.3427734375 0.0458984375 0.0859375
0 0.5615234375 0.15673828125 0.056640625 0.0634765625
0 0.72705078125 0.13818359375 0.0634765625 0.0537109375
0 0.3310546875 0.71435546875 0.048828125 0.0478515625
0 0.93896484375 0.73681640625 0.0517578125 0.0322265625
0 0.86474609375 0.318359375 0.0615234375 0.0625
0 0.60595703125 0.09130859375 0.0400390625 0.0693359375
0 0.45751953125 0.57373046875 0.0576171875 0.0791015625
0 0.18359375 0.748046875 0.05078125 0.068359375
0 0.609375 0.02685546875 0.02734375 0.0537109375
0 0.07275390625 0.765625 0.0419921875 0.060546875
0 0.0458984375 0.724609375 0.091796875 0.048828125
0 0.85791015625 0.408203125 0.0400390625 0.048828125
0 0.234375 0.96826171875 0.083984375 0.0361328125
0 0.671875 0.71533203125 0.056640625 0.0908203125
0 0.9404296875 0.0869140625 0.05859375 0.060546875
0 0.53173828125 0.791015625 0.0458984375 0.07421875
0 0.7607421875 0.79931640625 0.044921875 0.0537109375
0 0.61572265625 0.4716796875 0.0439453125 0.052734375
0 0.9775390625 0.9287109375 0.044921875 0.064453125
0 0.7333984375 0.41357421875 0.04296875 0.0615234375
0 0.37548828125 0.63232421875 0.0947265625 0.0986328125
0 0.107421875 0.9814453125 0.060546875 0.037109375
0 0.66455078125 0.9619140625 0.0615234375 0.048828125
0 0.20947265625 0.98388671875 0.0517578125 0.0322265625
0 0.96630859375 0.64501953125 0.0419921875 0.0439453125
0 0.63623046875 0.62451171875 0.0517578125 0.0517578125
0 0.78662109375 0.7421875 0.0400390625 0.0390625
0 0.6181640625 0.0263671875 0.029296875 0.052734375
0 0.6083984375 0.81298828125 0.0390625 0.0419921875
0 0.17529296875 0.251953125 0.0556640625 0.068359375
0 0.89501953125 0.9833984375 0.0537109375 0.033203125
0 0.11962890625 0.41015625 0.0341796875 0.05078125
0 0.3935546875 0.05078125 0.041015625 0.078125
0 0.7861328125 0.01220703125 0.037109375 0.0244140625
0 0.8369140625 0.00537109375 0.0234375 0.0107421875
0 0.99072265625 0.61181640625 0.0185546875 0.0771484375
0 0.93896484375 0.81396484375 0.0751953125 0.0615234375
0 0.95458984375 0.79248046875 0.0478515625 0.0439453125
