0 0.0234375 0.48583984375 0.046875 0.0576171875
0 0.03955078125 0.54541015625 0.0791015625 0.0693359375
0 0.08251953125 0.39697265625 0.1005859375 0.0595703125
0 0.08935546875 0.33154296875 0.0712890625 0.0849609375
0 0.15576171875 0.4443359375 0.0693359375 0.09765625
0 0.1494140625 0.62939453125 0.05859375 0.1416015625
0 0.03125 0.75341796875 0.0625 0.1064453125
0 0.27783203125 0.87646484375 0.0810546875 0.0791015625
0 0.23876953125 0.8408203125 0.0693359375 0.072265625
0 0.20458984375 0.76220703125 0.0751953125 0.0869140625
0 0.140625 0.7353515625 0.06640625 0.060546875
0 0.3310546875 0.68603515625 0.1015625 0.0634765625
0 0.5087890625 0.84814453125 0.0625 0.0888671875
0 0.4072265625 0.8564453125 0.072265625 0.076171875
0 0.95947265625 0.97705078125 0.0517578125 0.0458984375
0 0.701171875 0.8955078125 0.083984375 0.16796875
0 0.9013671875 0.93408203125 0.0625 0.0693359375
0 0.88671875 0.64453125 0.0703125 0.046875
0 0.8076171875 0.70458984375 0.064453125 0.0888671875
0 0.767578125 0.6259765625 0.091796875 0.10546875
0 0.7041015625 0.60205078125 0.07421875 0.0791015625
0 0.9384765625 0.53662109375 0.087890625 0.1142578125
0 0.96337890625 0.40380859375 0.0732421875 0.1513671875
0 0.634765625 0.40234375 0.060546875 0.08203125
0 0.86083984375 0.47802734375 0.0634765625 0.0673828125
0 0.47412109375 0.45849609375 0.0830078125 0.0576171875
0 0.318359375 0.55419921875 0.09765625 0.0908203125
0 0.23876953125 0.46142578125 0.0693359375 0.1162109375
0 0.4267578125 0.66064453125 0.09765625 0.0810546875
0 0.9111328125 0.26904296875 0.056640625 0.1513671875
0 0.80419921875 0.3779296875 0.0537109375 0.078125
0 0.31201171875 0.42333984375 0.0556640625 0.0595703125
0 0.8056640625 0.46923828125 0.0546875 0.1005859375
0 0.2431640625 0.673828125 0.056640625 0.052734375
0 0.7509765625 0.41015625 0.064453125 0.080078125
0 0.9716796875 0.85009765625 0.056640625 0.0712890625
0 0.02294921875 0.83935546875 0.0458984375 0.0732421875
0 0.26953125 0.74267578125 0.08984375 0.0751953125
0 0.63671875 0.46875 0.07421875 0.060546875
0 0.7568359375 0.4951171875 0.080078125 0.07421875
0 0.74560546875 0.908203125 0.0439453125 0.04296875
0 0.63427734375 0.9228515625 0.0673828125 0.06640625
0 0.392578125 0.7314453125 0.107421875 0.060546875
0 0.1845703125 0.7158203125 0.056640625 0.05078125
0 0.169921875 0.390625 0.041015625 0.03515625
0 0.0634765625 0.48486328125 0.048828125 0.0439453125
0 0.51513671875 0.58984375 0.0439453125 0.037109375
0 0.34619140625 0.357421875 0.0419921875 0.04296875
0 0.2822265625 0.4013671875 0.03515625 0.03125
0 0.3330078125 0.46875 0.048828125 0.056640625
0 0.97119140625 0.740234375 0.0576171875 0.052734375
0 0.7587890625 0.5634765625 0.060546875 0.052734375
0 0.822265625 0.63818359375 0.044921875 0.0498046875
0 0.86767578125 0.623046875 0.0537109375 0.04296875
