0 0.353515625 0.48193359375 0.13671875 0.0751953125
0 0.7021484375 0.92333984375 0.14453125 0.1123046875
0 0.4794921875 0.0146484375 0.115234375 0.029296875
0 0.3974609375 0.3232421875 0.125 0.072265625
0 0.328125 0.57421875 0.08984375 0.078125
0 0.3505859375 0.8583984375 0.09765625 0.078125
0 0.50830078125 0.38720703125 0.1279296875 0.0654296875
0 0.39697265625 0.5478515625 0.1005859375 0.0625
0 0.4287109375 0.21044921875 0.150390625 0.0771484375
0 0.71923828125 0.8017578125 0.1396484375 0.0703125
0 0.46728515625 0.6396484375 0.1396484375 0.080078125
0 0.08203125 0.62353515625 0.080078125 0.0771484375
0 0.22412109375 0.3056640625 0.1201171875 0.072265625
0 0.75830078125 0.17578125 0.1318359375 0.056640625
0 0.49853515625 0.5595703125 0.1123046875 0.060546875
0 0.59423828125 0.62353515625 0.1201171875 0.0673828125
0 0.1396484375 0.083984375 0.095703125 0.048828125
0 0.74072265625 0.72802734375 0.1279296875 0.1025390625
0 0.751953125 0.390625 0.125 0.072265625
0 0.08203125 0.36572265625 0.08984375 0.0576171875
0 0.07568359375 0.52587890625 0.0927734375 0.0830078125
0 0.22998046875 0.36083984375 0.0849609375 0.0771484375
0 0.61962890625 0.7119140625 0.1044921875 0.0703125
0 0.6845703125 0.55419921875 0.115234375 0.0673828125
0 0.0458984375 0.755859375 0.091796875 0.072265625
0 0.4794921875 0.314453125 0.07421875 0.044921875
0 0.82470703125 0.02490234375 0.1455078125 0.0498046875
0 0.349609375 0.15625 0.1796875 0.0625
0 0.79052734375 0.63037109375 0.1474609375 0.1025390625
0 0.5810546875 0.29443359375 0.1328125 0.0849609375
0 0.5234375 0.23193359375 0.107421875 0.0693359375
0 0.82666015625 0.56689453125 0.2099609375 0.1044921875
0 0.81201171875 0.0869140625 0.1396484375 0.044921875
0 0.01611328125 0.61962890625 0.0322265625 0.0751953125
0 0.89697265625 0.05322265625 0.1904296875 0.0732421875
0 0.69189453125 0.13916015625 0.1103515625 0.0751953125
0 0.77587890625 0.13330078125 0.1318359375 0.0419921875
0 0.8359375 0.2509765625 0.126953125 0.052734375
0 0.93212890625 0.2529296875 0.1103515625 0.09765625
0 0.72705078125 0.294921875 0.0849609375 0.044921875
0 0.9130859375 0.37109375 0.1328125 0.072265625
0 0.66357421875 0.4609375 0.1025390625 0.052734375
0 0.52099609375 0.4296875 0.1376953125 0.060546875
0 0.77587890625 0.4892578125 0.1279296875 0.044921875
0 0.576171875 0.55078125 0.0625 0.056640625
0 0.943359375 0.50830078125 0.11328125 0.0771484375
0 0.27197265625 0.95751953125 0.1298828125 0.0849609375
0 0.51708984375 0.7763671875 0.0732421875 0.046875
