0 0.3544921875 0.36669921875 0.134765625 0.0849609375
0 0.7509765625 0.60205078125 0.09765625 0.0791015625
0 0.546875 0.5166015625 0.0703125 0.080078125
0 0.93212890625 0.39990234375 0.1298828125 0.0751953125
0 0.021484375 0.48681640625 0.04296875 0.0849609375
0 0.265625 0.626953125 0.09765625 0.16015625
0 0.87451171875 0.609375 0.0693359375 0.08984375
0 0.26318359375 0.75439453125 0.0830078125 0.1005859375
0 0.33447265625 0.224609375 0.0654296875 0.095703125
0 0.96875 0.48583984375 0.0625 0.0830078125
0 0.88134765625 0.04736328125 0.0947265625 0.0673828125
0 0.26171875 0.20458984375 0.0546875 0.0595703125
0 0.08056640625 0.158203125 0.0771484375 0.078125
0 0.57177734375 0.68798828125 0.0849609375 0.0927734375
0 0.98486328125 0.61474609375 0.0302734375 0.1396484375
0 0.38818359375 0.158203125 0.0927734375 0.072265625
0 0.5712890625 0.74658203125 0.078125 0.0830078125
0 0.1123046875 0.099609375 0.0546875 0.07421875
0 0.01953125 0.29443359375 0.03515625 0.1494140625
0 0.01953125 0.625 0.0390625 0.078125
0 0.06103515625 0.81103515625 0.0673828125 0.0771484375
0 0.36474609375 0.9521484375 0.0849609375 0.095703125
0 0.44921875 0.94482421875 0.080078125 0.1103515625
0 0.4931640625 0.916015625 0.1171875 0.08203125
0 0.67822265625 0.9521484375 0.0771484375 0.095703125
