0 0.03857421875 0.3583984375 0.0771484375 0.119140625
0 0.080078125 0.85546875 0.09375 0.0625
0 0.1103515625 0.8115234375 0.078125 0.0703125
0 0.234375 0.6826171875 0.0703125 0.1015625
0 0.197265625 0.55908203125 0.05859375 0.0537109375
0 0.15576171875 0.54296875 0.0439453125 0.052734375
0 0.3955078125 0.37744140625 0.09375 0.0751953125
0 0.42724609375 0.314453125 0.0595703125 0.05859375
0 0.6171875 0.33056640625 0.0546875 0.0830078125
0 0.6416015625 0.38916015625 0.06640625 0.0810546875
0 0.74462890625 0.34033203125 0.0810546875 0.0634765625
0 0.849609375 0.3505859375 0.080078125 0.064453125
0 0.4326171875 0.50048828125 0.048828125 0.0732421875
0 0.31396484375 0.49755859375 0.0439453125 0.0556640625
0 0.51904296875 0.4033203125 0.0458984375 0.060546875
0 0.55078125 0.4853515625 0.04296875 0.05078125
0 0.59033203125 0.50244140625 0.0498046875 0.0576171875
0 0.4853515625 0.48876953125 0.05078125 0.0654296875
0 0.53466796875 0.53173828125 0.0693359375 0.0439453125
0 0.63525390625 0.5791015625 0.0654296875 0.04296875
0 0.755859375 0.54248046875 0.095703125 0.0615234375
0 0.7509765625 0.482421875 0.056640625 0.05078125
0 0.69287109375 0.4833984375 0.0595703125 0.08203125
0 0.7900390625 0.4287109375 0.09765625 0.048828125
0 0.91357421875 0.44580078125 0.0556640625 0.0478515625
0 0.90966796875 0.501953125 0.0634765625 0.048828125
0 0.947265625 0.5244140625 0.0625 0.06640625
0 0.96875 0.46923828125 0.0625 0.0498046875
0 0.884765625 0.58984375 0.052734375 0.0546875
0 0.95849609375 0.6123046875 0.0732421875 0.052734375
0 0.2958984375 0.8408203125 0.037109375 0.0390625
0 0.28125 0.94091796875 0.044921875 0.0517578125
0 0.4091796875 0.94970703125 0.044921875 0.0419921875
0 0.39599609375 0.978515625 0.0517578125 0.037109375
0 0.4951171875 0.9765625 0.0625 0.0390625
0 0.51611328125 0.919921875 0.0634765625 0.05859375
0 0.5869140625 0.927734375 0.05859375 0.041015625
0 0.62890625 0.98388671875 0.0546875 0.0322265625
0 0.68896484375 0.9833984375 0.0576171875 0.033203125
0 0.59912109375 0.76904296875 0.0732421875 0.0517578125
0 0.6875 0.75439453125 0.0703125 0.0517578125
0 0.68212890625 0.78955078125 0.0595703125 0.0537109375
0 0.76171875 0.77783203125 0.0546875 0.0556640625
0 0.734375 0.8544921875 0.048828125 0.05859375
0 0.78564453125 0.84814453125 0.0556640625 0.0556640625
0 0.96484375 0.72412109375 0.0703125 0.0615234375
0 0.81298828125 0.90478515625 0.0673828125 0.0419921875
0 0.84619140625 0.97265625 0.0634765625 0.0546875
0 0.87841796875 0.95849609375 0.0517578125 0.0673828125
0 0.798828125 0.97998046875 0.04296875 0.0400390625
0 0.19384765625 0.01123046875 0.0517578125 0.0224609375
0 0.5419921875 0.02392578125 0.060546875 0.0478515625
0 0.61376953125 0.0166015625 0.0693359375 0.033203125
0 0.3515625 0.02392578125 0.056640625 0.0478515625
0 0.40087890625 0.029296875 0.0673828125 0.05859375
0 0.44970703125 0.0322265625 0.0400390625 0.064453125
0 0.6533203125 0.03466796875 0.072265625 0.0615234375
0 0.8056640625 0.078125 0.064453125 0.0546875
0 0.81494140625 0.021484375 0.0751953125 0.04296875
0 0.28271484375 0.0478515625 0.0478515625 0.046875
0 0.48291015625 0.142578125 0.0380859375 0.033203125
0 0.81396484375 0.1416015625 0.0595703125 0.04296875
0 0.7275390625 0.037109375 0.044921875 0.0390625
0 0.4453125 0.896484375 0.07421875 0.044921875
0 0.4267578125 0.8671875 0.060546875 0.0546875
0 0.04150390625 0.8876953125 0.0537109375 0.05859375
0 0.08984375 0.9833984375 0.0546875 0.033203125
0 0.3662109375 0.9462890625 0.05859375 0.04296875
