0 0.791015625 0.7783203125 0.087890625 0.078125
0 0.85498046875 0.6826171875 0.1005859375 0.072265625
0 0.8818359375 0.05078125 0.10546875 0.09765625
0 0.9384765625 0.814453125 0.1171875 0.064453125
0 0.70947265625 0.8779296875 0.1201171875 0.072265625
0 0.921875 0.3798828125 0.109375 0.080078125
0 0.95849609375 0.48291015625 0.0830078125 0.0634765625
0 0.044921875 0.6669921875 0.08984375 0.0546875
0 0.744140625 0.9658203125 0.06640625 0.068359375
0 0.783203125 0.17578125 0.123046875 0.072265625
0 0.68310546875 0.814453125 0.0869140625 0.060546875
0 0.77685546875 0.06298828125 0.1005859375 0.1025390625
0 0.75830078125 0.126953125 0.0830078125 0.109375
0 0.86865234375 0.40576171875 0.1123046875 0.0673828125
0 0.9345703125 0.75830078125 0.130859375 0.0517578125
0 0.96337890625 0.1396484375 0.0732421875 0.109375
