0 0.7783203125 0.1064453125 0.064453125 0.11328125
0 0.16943359375 0.29833984375 0.0673828125 0.0693359375
0 0.78955078125 0.51806640625 0.0712890625 0.0634765625
0 0.70556640625 0.76171875 0.0712890625 0.060546875
0 0.10302734375 0.365234375 0.1181640625 0.0625
0 0.93017578125 0.15576171875 0.0458984375 0.0849609375
0 0.349609375 0.15869140625 0.115234375 0.0810546875
0 0.02587890625 0.09228515625 0.0517578125 0.1474609375
0 0.13232421875 0.138671875 0.0791015625 0.078125
0 0.2783203125 0.45361328125 0.056640625 0.0732421875
0 0.58251953125 0.771484375 0.1201171875 0.109375
0 0.77294921875 0.39794921875 0.0615234375 0.0693359375
0 0.130859375 0.70556640625 0.08203125 0.0419921875
0 0.931640625 0.4443359375 0.044921875 0.08984375
0 0.25341796875 0.81591796875 0.0712890625 0.0947265625
0 0.04833984375 0.19482421875 0.0732421875 0.0654296875
0 0.90380859375 0.4501953125 0.0361328125 0.08203125
0 0.859375 0.08935546875 0.123046875 0.1181640625
0 0.10546875 0.544921875 0.048828125 0.0859375
0 0.3134765625 0.53955078125 0.0859375 0.0341796875
0 0.251953125 0.09814453125 0.0390625 0.0634765625
0 0.95458984375 0.40625 0.0302734375 0.08203125
0 0.54345703125 0.96142578125 0.0400390625 0.0732421875
0 0.13427734375 0.3955078125 0.0908203125 0.080078125
0 0.513671875 0.54248046875 0.041015625 0.0615234375
0 0.16259765625 0.47412109375 0.1318359375 0.0771484375
0 0.79150390625 0.74169921875 0.0712890625 0.0595703125
0 0.5888671875 0.830078125 0.03515625 0.107421875
0 0.8564453125 0.93408203125 0.076171875 0.0380859375
0 0.77392578125 0.90478515625 0.0537109375 0.0322265625
0 0.03125 0.23388671875 0.05859375 0.0537109375
0 0.8046875 0.98291015625 0.087890625 0.0302734375
0 0.4453125 0.4794921875 0.068359375 0.072265625
0 0.72265625 0.53271484375 0.033203125 0.0712890625
0 0.3857421875 0.10546875 0.0703125 0.033203125
0 0.40478515625 0.87158203125 0.0908203125 0.0380859375
0 0.78076171875 0.3173828125 0.0419921875 0.08203125
0 0.17626953125 0.8671875 0.0595703125 0.033203125
0 0.42919921875 0.6318359375 0.0654296875 0.033203125
0 0.3125 0.83984375 0.09765625 0.087890625
0 0.87548828125 0.20654296875 0.0458984375 0.0654296875
0 0.251953125 0.98583984375 0.046875 0.0283203125
0 0.1142578125 0.59619140625 0.0859375 0.0205078125
0 0.82373046875 0.44091796875 0.0400390625 0.0556640625
0 0.84912109375 0.75634765625 0.0478515625 0.0302734375
0 0.43359375 0.44140625 0.048828125 0.0390625
0 0.46826171875 0.02685546875 0.0517578125 0.0419921875
0 0.47412109375 0.83544921875 0.0693359375 0.0205078125
0 0.85009765625 0.24609375 0.0478515625 0.03125
0 0.0322265625 0.8369140625 0.064453125 0.09375
0 0.84326171875 0.607421875 0.0537109375 0.0234375
0 0.08349609375 0.63037109375 0.0712890625 0.0458984375
0 0.20556640625 0.92822265625 0.0576171875 0.0224609375
0 0.02490234375 0.89013671875 0.0458984375 0.0380859375
0 0.6015625 0.5625 0.0390625 0.04296875
0 0.05322265625 0.06787109375 0.0888671875 0.1318359375
0 0.84716796875 0.41064453125 0.0458984375 0.0634765625
