0 0.58984375 0.2666015625 0.06640625 0.1015625
0 0.06103515625 0.1953125 0.0634765625 0.08984375
0 0.69677734375 0.2685546875 0.0517578125 0.083984375
0 0.10888671875 0.67919921875 0.0732421875 0.0830078125
0 0.85205078125 0.05712890625 0.0673828125 0.0771484375
0 0.94677734375 0.345703125 0.0478515625 0.095703125
0 0.12890625 0.0703125 0.080078125 0.09375
0 0.568359375 0.6376953125 0.048828125 0.080078125
0 0.16748046875 0.6953125 0.0654296875 0.080078125
0 0.1162109375 0.78173828125 0.06640625 0.0537109375
0 0.80908203125 0.2333984375 0.0458984375 0.083984375
0 0.23876953125 0.55810546875 0.1005859375 0.0869140625
0 0.35546875 0.310546875 0.05078125 0.076171875
0 0.82470703125 0.38427734375 0.0556640625 0.0751953125
0 0.04931640625 0.0927734375 0.0654296875 0.072265625
0 0.3212890625 0.705078125 0.09375 0.0546875
0 0.10400390625 0.52294921875 0.0693359375 0.1123046875
0 0.55810546875 0.388671875 0.0595703125 0.07421875
0 0.97705078125 0.09619140625 0.0458984375 0.1025390625
0 0.48291015625 0.65087890625 0.0556640625 0.0673828125
0 0.560546875 0.7646484375 0.109375 0.0703125
0 0.4140625 0.06640625 0.052734375 0.064453125
0 0.20068359375 0.12744140625 0.0693359375 0.0615234375
0 0.6025390625 0.69775390625 0.046875 0.0830078125
0 0.07177734375 0.40673828125 0.0732421875 0.0478515625
0 0.85205078125 0.44384765625 0.0498046875 0.0458984375
0 0.16357421875 0.8505859375 0.0986328125 0.087890625
0 0.1728515625 0.419921875 0.068359375 0.0390625
0 0.1669921875 0.05126953125 0.076171875 0.0654296875
0 0.6611328125 0.7099609375 0.048828125 0.068359375
0 0.62744140625 0.76513671875 0.0576171875 0.0654296875
0 0.50048828125 0.86767578125 0.0458984375 0.0615234375
0 0.02490234375 0.33203125 0.0439453125 0.05859375
0 0.51611328125 0.4140625 0.0673828125 0.0390625
0 0.64990234375 0.45849609375 0.0986328125 0.0458984375
0 0.630859375 0.6669921875 0.044921875 0.072265625
0 0.796875 0.70263671875 0.0390625 0.0654296875
0 0.71875 0.79052734375 0.046875 0.0830078125
0 0.90087890625 0.3583984375 0.0380859375 0.09375
0 0.8671875 0.7998046875 0.044921875 0.078125
0 0.0751953125 0.052734375 0.0546875 0.072265625
0 0.529296875 0.08447265625 0.078125 0.0517578125
0 0.7685546875 0.82861328125 0.048828125 0.0341796875
0 0.744140625 0.43798828125 0.025390625 0.0712890625
0 0.830078125 0.82958984375 0.044921875 0.0419921875
0 0.583984375 0.029296875 0.03125 0.05859375
0 0.87841796875 0.46337890625 0.0693359375 0.0439453125
0 0.357421875 0.72314453125 0.09375 0.0556640625
0 0.935546875 0.1083984375 0.052734375 0.048828125
0 0.36083984375 0.4248046875 0.0556640625 0.0546875
0 0.189453125 0.02197265625 0.0546875 0.0439453125
0 0.6279296875 0.41064453125 0.0625 0.0556640625
0 0.89111328125 0.83935546875 0.0888671875 0.0537109375
0 0.701171875 0.7109375 0.037109375 0.064453125
0 0.7578125 0.7802734375 0.0625 0.041015625
0 0.44482421875 0.7109375 0.0439453125 0.0546875
0 0.2060546875 0.77490234375 0.083984375 0.0498046875
0 0.51904296875 0.80712890625 0.0771484375 0.0556640625
0 0.70556640625 0.0654296875 0.0419921875 0.0390625
0 0.07275390625 0.0146484375 0.0380859375 0.029296875
0 0.505859375 0.1533203125 0.046875 0.04296875
0 0.66748046875 0.08740234375 0.0478515625 0.0537109375
0 0.77978515625 0.32177734375 0.0458984375 0.0654296875
0 0.625 0.0849609375 0.06640625 0.083984375
0 0.98193359375 0.03125 0.0361328125 0.0625
0 0.02783203125 0.02978515625 0.0556640625 0.0595703125
0 0.80810546875 0.88037109375 0.0634765625 0.0146484375
0 0.80224609375 0.3017578125 0.0517578125 0.0703125
0 0.2421875 0.80908203125 0.05078125 0.0244140625
0 0.10693359375 0.48291015625 0.0693359375 0.0458984375
0 0.8076171875 0.515625 0.037109375 0.03125
0 0.2587890625 0.4443359375 0.037109375 0.0390625
0 0.62890625 0.08984375 0.029296875 0.11328125
0 0.30908203125 0.15869140625 0.0634765625 0.0791015625
0 0.048828125 0.92626953125 0.09375 0.0693359375
0 0.05908203125 0.833984375 0.0322265625 0.037109375
0 0.09423828125 0.85595703125 0.0869140625 0.0419921875
0 0.39990234375 0.98046875 0.1103515625 0.0390625
0 0.419921875 0.9599609375 0.056640625 0.080078125
0 0.46826171875 0.9638671875 0.0478515625 0.06640625
0 0.59033203125 0.88330078125 0.0400390625 0.0478515625
0 0.39208984375 0.86279296875 0.0986328125 0.0634765625
0 0.79931640625 0.98974609375 0.0908203125 0.0205078125
0 0.73193359375 0.9248046875 0.0517578125 0.083984375
0 0.86328125 0.955078125 0.044921875 0.068359375
0 0.01953125 0.48779296875 0.0390625 0.0400390625
