0 0.380859375 0.06005859375 0.0703125 0.0849609375
0 0.5029296875 0.06494140625 0.08203125 0.0712890625
0 0.12939453125 0.14599609375 0.1240234375 0.0986328125
0 0.09765625 0.181640625 0.05078125 0.05078125
0 0.19775390625 0.19873046875 0.0732421875 0.0458984375
0 0.16064453125 0.28564453125 0.0654296875 0.0478515625
0 0.10302734375 0.314453125 0.0693359375 0.052734375
0 0.0419921875 0.33740234375 0.083984375 0.0556640625
0 0.4140625 0.24658203125 0.056640625 0.0478515625
0 0.4716796875 0.22900390625 0.0703125 0.0595703125
0 0.498046875 0.2978515625 0.076171875 0.076171875
0 0.5791015625 0.25 0.06640625 0.12109375
0 0.58984375 0.3271484375 0.048828125 0.052734375
0 0.64599609375 0.2841796875 0.1025390625 0.060546875
0 0.69091796875 0.23828125 0.0537109375 0.060546875
0 0.80615234375 0.267578125 0.0634765625 0.0546875
0 0.87353515625 0.2041015625 0.0673828125 0.056640625
0 0.92041015625 0.20263671875 0.0771484375 0.0615234375
0 0.96875 0.24072265625 0.0625 0.1318359375
0 0.98681640625 0.154296875 0.0263671875 0.0546875
0 0.798828125 0.095703125 0.05859375 0.0546875
0 0.841796875 0.06787109375 0.05078125 0.0517578125
0 0.7431640625 0.154296875 0.06640625 0.060546875
0 0.52685546875 0.12890625 0.0712890625 0.046875
0 0.466796875 0.13916015625 0.05078125 0.0478515625
0 0.8828125 0.38623046875 0.109375 0.0712890625
0 0.759765625 0.39892578125 0.150390625 0.0537109375
0 0.97216796875 0.359375 0.0556640625 0.048828125
0 0.9775390625 0.44287109375 0.044921875 0.0712890625
0 0.1826171875 0.47509765625 0.0546875 0.0771484375
0 0.0322265625 0.57080078125 0.064453125 0.0458984375
0 0.12158203125 0.5927734375 0.1416015625 0.09765625
0 0.23388671875 0.5615234375 0.0810546875 0.048828125
0 0.3828125 0.5341796875 0.08984375 0.060546875
0 0.47900390625 0.56005859375 0.0634765625 0.0537109375
0 0.5068359375 0.5048828125 0.060546875 0.078125
0 0.5908203125 0.52294921875 0.06640625 0.0673828125
0 0.43603515625 0.4267578125 0.1064453125 0.056640625
0 0.6103515625 0.39990234375 0.060546875 0.0537109375
0 0.439453125 0.3515625 0.0859375 0.052734375
0 0.30908203125 0.353515625 0.0810546875 0.060546875
0 0.41259765625 0.6044921875 0.0791015625 0.076171875
0 0.5556640625 0.60546875 0.083984375 0.095703125
0 0.78076171875 0.59765625 0.1240234375 0.064453125
0 0.88916015625 0.57568359375 0.0400390625 0.0361328125
0 0.99365234375 0.58447265625 0.0126953125 0.0556640625
0 0.50048828125 0.77490234375 0.0869140625 0.1572265625
0 0.5244140625 0.75634765625 0.05859375 0.0830078125
0 0.65283203125 0.7685546875 0.0439453125 0.091796875
0 0.70751953125 0.74560546875 0.0576171875 0.1279296875
0 0.82470703125 0.78271484375 0.0439453125 0.0556640625
0 0.78369140625 0.76123046875 0.0439453125 0.0693359375
0 0.7353515625 0.81494140625 0.068359375 0.0693359375
0 0.73046875 0.9140625 0.05859375 0.0859375
0 0.8271484375 0.91064453125 0.06640625 0.0986328125
0 0.2802734375 0.70166015625 0.06640625 0.1279296875
0 0.35009765625 0.8212890625 0.0732421875 0.072265625
0 0.21435546875 0.919921875 0.0576171875 0.134765625
0 0.36181640625 0.95068359375 0.0771484375 0.0986328125
0 0.2685546875 0.947265625 0.076171875 0.05078125
0 0.296875 0.974609375 0.048828125 0.05078125
0 0.05517578125 0.91259765625 0.0732421875 0.0439453125
0 0.09326171875 0.96337890625 0.1318359375 0.0732421875
0 0.52880859375 0.9755859375 0.0927734375 0.048828125
0 0.66064453125 0.98681640625 0.0869140625 0.0263671875
0 0.96484375 0.76708984375 0.056640625 0.0478515625
0 0.81884765625 0.4443359375 0.0947265625 0.0546875
0 0.8017578125 0.69091796875 0.072265625 0.0458984375
0 0.40283203125 0.734375 0.0537109375 0.046875
0 0.4638671875 0.6904296875 0.0546875 0.0625
0 0.4111328125 0.83349609375 0.046875 0.0498046875
0 0.11083984375 0.43994140625 0.0556640625 0.0673828125
0 0.02587890625 0.9814453125 0.0517578125 0.037109375
0 0.2607421875 0.04541015625 0.0390625 0.0791015625
0 0.26416015625 0.357421875 0.0419921875 0.044921875
0 0.5126953125 0.4169921875 0.048828125 0.04296875
0 0.3681640625 0.49609375 0.0703125 0.04296875
0 0.2626953125 0.59130859375 0.060546875 0.0458984375
0 0.10595703125 0.65234375 0.0341796875 0.033203125
0 0.310546875 0.73388671875 0.060546875 0.0888671875
0 0.4912109375 0.9052734375 0.046875 0.083984375
0 0.07666015625 0.1083984375 0.0751953125 0.046875
0 0.07666015625 0.3095703125 0.0478515625 0.060546875
0 0.9501953125 0.10791015625 0.02734375 0.0302734375
0 0.9384765625 0.24951171875 0.07421875 0.0400390625
0 0.8486328125 0.30126953125 0.060546875 0.0458984375
0 0.9677734375 0.5009765625 0.048828125 0.044921875
0 0.162109375 0.505859375 0.0546875 0.0546875
0 0.50634765625 0.19140625 0.0517578125 0.048828125
0 0.92529296875 0.0205078125 0.0595703125 0.041015625
0 0.02392578125 0.82373046875 0.0478515625 0.0458984375
0 0.783203125 0.49072265625 0.06640625 0.0380859375
0 0.70068359375 0.32177734375 0.0517578125 0.0771484375
