0 0.06103515625 0.408203125 0.0947265625 0.115234375
0 0.31201171875 0.3603515625 0.0888671875 0.107421875
0 0.30419921875 0.45849609375 0.0634765625 0.0751953125
0 0.2333984375 0.51416015625 0.072265625 0.1025390625
0 0.17138671875 0.6015625 0.0751953125 0.05078125
0 0.4169921875 0.7353515625 0.076171875 0.068359375
0 0.05322265625 0.919921875 0.0615234375 0.103515625
0 0.109375 0.86181640625 0.0703125 0.0615234375
0 0.2998046875 0.87939453125 0.11328125 0.0908203125
0 0.47998046875 0.89501953125 0.1083984375 0.0751953125
0 0.546875 0.8193359375 0.076171875 0.072265625
0 0.40185546875 0.94775390625 0.0771484375 0.0556640625
0 0.32666015625 0.7880859375 0.0673828125 0.052734375
0 0.07421875 0.7080078125 0.11328125 0.103515625
0 0.82666015625 0.978515625 0.0537109375 0.04296875
0 0.72900390625 0.884765625 0.0732421875 0.1015625
0 0.55859375 0.69482421875 0.0625 0.0634765625
0 0.65380859375 0.697265625 0.0576171875 0.056640625
0 0.57177734375 0.625 0.0771484375 0.0703125
0 0.783203125 0.66796875 0.064453125 0.06640625
0 0.6611328125 0.55224609375 0.068359375 0.0693359375
0 0.4267578125 0.4208984375 0.09765625 0.109375
0 0.48193359375 0.39208984375 0.0986328125 0.1123046875
0 0.51123046875 0.51171875 0.0537109375 0.056640625
0 0.619140625 0.47998046875 0.07421875 0.0634765625
0 0.7744140625 0.52978515625 0.056640625 0.1162109375
0 0.853515625 0.47802734375 0.0625 0.0869140625
0 0.8408203125 0.328125 0.125 0.107421875
0 0.900390625 0.720703125 0.060546875 0.06640625
0 0.92626953125 0.61181640625 0.1455078125 0.0732421875
0 0.97265625 0.68115234375 0.0546875 0.0576171875
0 0.978515625 0.75146484375 0.04296875 0.0595703125
0 0.029296875 0.5869140625 0.05859375 0.060546875
0 0.4072265625 0.470703125 0.056640625 0.0546875
0 0.52490234375 0.60400390625 0.0556640625 0.0693359375
0 0.76416015625 0.853515625 0.0751953125 0.07421875
0 0.73828125 0.505859375 0.064453125 0.0703125
0 0.20947265625 0.43798828125 0.0849609375 0.0869140625
0 0.1826171875 0.38623046875 0.095703125 0.0634765625
0 0.87451171875 0.49755859375 0.0498046875 0.0478515625
0 0.4599609375 0.4892578125 0.064453125 0.05859375
0 0.70947265625 0.4765625 0.0478515625 0.048828125
0 0.68896484375 0.44384765625 0.0673828125 0.0654296875
0 0.6640625 0.44921875 0.044921875 0.0625
0 0.8076171875 0.337890625 0.052734375 0.09765625
0 0.984375 0.52734375 0.029296875 0.087890625
0 0.9228515625 0.564453125 0.068359375 0.05078125
0 0.98876953125 0.8857421875 0.0224609375 0.044921875
0 0.966796875 0.98046875 0.064453125 0.0390625
0 0.30029296875 0.75439453125 0.0986328125 0.0927734375
0 0.12109375 0.59619140625 0.09765625 0.0400390625
0 0.6630859375 0.98974609375 0.046875 0.0205078125
0 0.0908203125 0.5126953125 0.068359375 0.033203125
0 0.0771484375 0.48046875 0.072265625 0.0390625
0 0.03662109375 0.4736328125 0.0439453125 0.0625
0 0.484375 0.56396484375 0.078125 0.0830078125
0 0.72412109375 0.6962890625 0.0791015625 0.076171875
