0 0.08544921875 0.19091796875 0.0849609375 0.0947265625
0 0.296875 0.03955078125 0.0703125 0.0791015625
0 0.2216796875 0.3798828125 0.0859375 0.091796875
0 0.03662109375 0.51708984375 0.0615234375 0.0712890625
0 0.2353515625 0.5537109375 0.060546875 0.068359375
0 0.44580078125 0.57275390625 0.1181640625 0.1142578125
0 0.509765625 0.4755859375 0.064453125 0.064453125
0 0.47509765625 0.37548828125 0.1298828125 0.1611328125
0 0.29150390625 0.755859375 0.1611328125 0.119140625
0 0.15771484375 0.90771484375 0.1552734375 0.0947265625
0 0.26171875 0.86572265625 0.078125 0.0693359375
0 0.458984375 0.9345703125 0.08203125 0.09765625
0 0.67236328125 0.951171875 0.0966796875 0.072265625
0 0.73974609375 0.8974609375 0.0712890625 0.072265625
0 0.64892578125 0.61376953125 0.0869140625 0.0673828125
0 0.6650390625 0.54052734375 0.1015625 0.0751953125
0 0.86865234375 0.53173828125 0.0654296875 0.0654296875
0 0.7216796875 0.359375 0.05859375 0.072265625
0 0.94580078125 0.5009765625 0.1083984375 0.197265625
0 0.94775390625 0.2529296875 0.0751953125 0.17578125
0 0.82421875 0.21435546875 0.076171875 0.0712890625
0 0.77001953125 0.1025390625 0.1142578125 0.078125
0 0.6787109375 0.0390625 0.095703125 0.060546875
0 0.9609375 0.06396484375 0.078125 0.0517578125
0 0.05810546875 0.85302734375 0.0732421875 0.0771484375
0 0.21044921875 0.021484375 0.0634765625 0.04296875
0 0.85009765625 0.4208984375 0.0791015625 0.06640625
0 0.94970703125 0.03369140625 0.0673828125 0.0576171875
0 0.37109375 0.015625 0.091796875 0.03125
0 0.55810546875 0.009765625 0.0400390625 0.01953125
0 0.3828125 0.0771484375 0.046875 0.04296875
0 0.69140625 0.0107421875 0.05078125 0.01953125
0 0.02197265625 0.5927734375 0.0439453125 0.06640625
0 0.13427734375 0.7880859375 0.0537109375 0.05859375
