0 0.20361328125 0.91552734375 0.0947265625 0.0869140625
0 0.0576171875 0.732421875 0.115234375 0.0703125
0 0.28125 0.80224609375 0.0703125 0.0869140625
0 0.08544921875 0.654296875 0.0830078125 0.056640625
0 0.0146484375 0.5224609375 0.029296875 0.056640625
0 0.0361328125 0.5693359375 0.072265625 0.0546875
0 0.17919921875 0.50341796875 0.0712890625 0.1025390625
0 0.39208984375 0.5224609375 0.1279296875 0.060546875
0 0.51220703125 0.49365234375 0.0517578125 0.1220703125
0 0.55859375 0.5166015625 0.056640625 0.068359375
0 0.474609375 0.47314453125 0.056640625 0.0712890625
0 0.490234375 0.59033203125 0.134765625 0.0673828125
0 0.439453125 0.71630859375 0.052734375 0.1298828125
0 0.486328125 0.681640625 0.06640625 0.056640625
0 0.50244140625 0.7392578125 0.0751953125 0.0625
0 0.63037109375 0.68896484375 0.0830078125 0.1025390625
0 0.66455078125 0.7802734375 0.0634765625 0.0703125
0 0.64111328125 0.83837890625 0.0654296875 0.0556640625
0 0.68505859375 0.89599609375 0.0888671875 0.0693359375
0 0.63916015625 0.48779296875 0.0947265625 0.0830078125
0 0.75732421875 0.505859375 0.0927734375 0.064453125
0 0.22119140625 0.306640625 0.0966796875 0.0703125
0 0.20263671875 0.1044921875 0.0673828125 0.08203125
0 0.41162109375 0.25 0.1240234375 0.171875
0 0.5771484375 0.18896484375 0.0625 0.0888671875
0 0.5673828125 0.0439453125 0.111328125 0.087890625
0 0.65673828125 0.11572265625 0.0732421875 0.1005859375
0 0.68505859375 0.03955078125 0.0595703125 0.0595703125
0 0.86962890625 0.201171875 0.0849609375 0.1171875
0 0.8896484375 0.26708984375 0.1875 0.1083984375
0 0.94287109375 0.03564453125 0.0537109375 0.0712890625
0 0.4091796875 0.6591796875 0.07421875 0.091796875
0 0.44287109375 0.0322265625 0.0400390625 0.064453125
