0 0.4423828125 0.08203125 0.087890625 0.142578125
0 0.271484375 0.27490234375 0.091796875 0.1298828125
0 0.13818359375 0.68701171875 0.1220703125 0.1904296875
0 0.41455078125 0.6279296875 0.1708984375 0.072265625
0 0.224609375 0.1708984375 0.140625 0.08203125
0 0.82080078125 0.36962890625 0.1123046875 0.2197265625
0 0.94091796875 0.11572265625 0.1181640625 0.0966796875
0 0.39794921875 0.39013671875 0.1513671875 0.2685546875
0 0.7529296875 0.8056640625 0.232421875 0.216796875
0 0.86962890625 0.08203125 0.1201171875 0.08984375
0 0.3828125 0.810546875 0.419921875 0.259765625
0 0.57568359375 0.7333984375 0.1923828125 0.1875
0 0.12744140625 0.1162109375 0.1650390625 0.232421875
0 0.33447265625 0.96533203125 0.1591796875 0.0693359375
0 0.12451171875 0.21337890625 0.1943359375 0.2275390625
0 0.84326171875 0.65185546875 0.3017578125 0.4794921875
0 0.43701171875 0.7783203125 0.3291015625 0.162109375
0 0.03125 0.2021484375 0.0625 0.0703125
0 0.41455078125 0.412109375 0.1708984375 0.10546875
0 0.08984375 0.2919921875 0.08984375 0.185546875
0 0.9599609375 0.59814453125 0.080078125 0.0869140625
0 0.91845703125 0.97705078125 0.1630859375 0.0400390625
