0 0.07177734375 0.14599609375 0.0830078125 0.0791015625
0 0.0283203125 0.20751953125 0.056640625 0.0654296875
0 0.0888671875 0.294921875 0.103515625 0.087890625
0 0.236328125 0.19677734375 0.0625 0.0673828125
0 0.33154296875 0.2412109375 0.0693359375 0.072265625
0 0.01513671875 0.5078125 0.0302734375 0.09375
0 0.06201171875 0.59130859375 0.0888671875 0.1162109375
0 0.1982421875 0.57763671875 0.072265625 0.1318359375
0 0.1943359375 0.44140625 0.126953125 0.123046875
0 0.3154296875 0.39990234375 0.142578125 0.1474609375
0 0.169921875 0.88916015625 0.0859375 0.0908203125
0 0.22900390625 0.72998046875 0.1279296875 0.1142578125
0 0.28564453125 0.95458984375 0.0908203125 0.0830078125
0 0.380859375 0.62353515625 0.10546875 0.1376953125
0 0.455078125 0.56103515625 0.052734375 0.0732421875
0 0.4794921875 0.6484375 0.08203125 0.109375
0 0.45947265625 0.50439453125 0.0615234375 0.0927734375
0 0.4169921875 0.41455078125 0.08984375 0.0908203125
0 0.4091796875 0.2021484375 0.091796875 0.072265625
0 0.375 0.1103515625 0.076171875 0.06640625
0 0.39111328125 0.03369140625 0.0888671875 0.0673828125
0 0.537109375 0.15087890625 0.07421875 0.0693359375
0 0.65234375 0.1669921875 0.072265625 0.107421875
0 0.7431640625 0.08447265625 0.095703125 0.0830078125
0 0.5810546875 0.02490234375 0.0703125 0.0498046875
0 0.96533203125 0.1787109375 0.0537109375 0.0859375
0 0.81884765625 0.234375 0.0693359375 0.078125
0 0.7421875 0.24560546875 0.078125 0.1337890625
0 0.72607421875 0.3984375 0.1103515625 0.08984375
0 0.849609375 0.4091796875 0.09375 0.123046875
0 0.98388671875 0.4267578125 0.0322265625 0.091796875
0 0.9794921875 0.50927734375 0.041015625 0.1083984375
0 0.95458984375 0.62109375 0.0908203125 0.1171875
0 0.7900390625 0.5947265625 0.06640625 0.1015625
0 0.82275390625 0.59423828125 0.0927734375 0.1220703125
0 0.720703125 0.7890625 0.08203125 0.078125
