0 0.7978515625 0.84814453125 0.11328125 0.0556640625
0 0.0517578125 0.63232421875 0.1015625 0.0634765625
0 0.0849609375 0.91357421875 0.08984375 0.0927734375
0 0.65966796875 0.26025390625 0.0771484375 0.0888671875
0 0.4189453125 0.30224609375 0.0625 0.0869140625
0 0.80322265625 0.81005859375 0.1240234375 0.0537109375
0 0.95263671875 0.4853515625 0.0908203125 0.150390625
0 0.54541015625 0.158203125 0.1005859375 0.0703125
0 0.9287109375 0.96435546875 0.08203125 0.0712890625
0 0.0947265625 0.3857421875 0.189453125 0.181640625
0 0.423828125 0.14453125 0.109375 0.1171875
0 0.23583984375 0.625 0.0693359375 0.10546875
0 0.11767578125 0.5849609375 0.1884765625 0.107421875
0 0.04443359375 0.60107421875 0.0888671875 0.0693359375
0 0.48095703125 0.65283203125 0.1259765625 0.1162109375
0 0.083984375 0.30029296875 0.07421875 0.0966796875
0 0.32080078125 0.45654296875 0.1806640625 0.1240234375
0 0.482421875 0.0849609375 0.130859375 0.1171875
0 0.4775390625 0.01708984375 0.099609375 0.0341796875
0 0.853515625 0.52880859375 0.09375 0.1298828125
0 0.15673828125 0.86279296875 0.0673828125 0.1123046875
0 0.1845703125 0.87744140625 0.06640625 0.0869140625
0 0.7060546875 0.81884765625 0.1796875 0.0791015625
0 0.94775390625 0.4853515625 0.1025390625 0.216796875
0 0.8427734375 0.3193359375 0.123046875 0.205078125
0 0.13427734375 0.55712890625 0.1552734375 0.1376953125
0 0.01220703125 0.72412109375 0.0244140625 0.0556640625
0 0.32275390625 0.13623046875 0.0888671875 0.1064453125
0 0.63671875 0.20654296875 0.07421875 0.0751953125
