0 0.4482421875 0.783203125 0.158203125 0.123046875
0 0.013671875 0.28564453125 0.02734375 0.0830078125
0 0.61962890625 0.36962890625 0.1044921875 0.0654296875
0 0.02099609375 0.83056640625 0.0419921875 0.0927734375
0 0.36474609375 0.20458984375 0.1650390625 0.0595703125
0 0.82666015625 0.96728515625 0.0849609375 0.0654296875
0 0.6455078125 0.4921875 0.142578125 0.16015625
0 0.11328125 0.6396484375 0.052734375 0.08984375
0 0.03369140625 0.58203125 0.0673828125 0.078125
0 0.4296875 0.98095703125 0.150390625 0.0380859375
0 0.4345703125 0.92822265625 0.119140625 0.0517578125
0 0.90234375 0.71435546875 0.1953125 0.0751953125
0 0.41552734375 0.64453125 0.1220703125 0.109375
0 0.373046875 0.88671875 0.0625 0.080078125
0 0.75341796875 0.376953125 0.0869140625 0.07421875
0 0.17822265625 0.7119140625 0.0771484375 0.044921875
0 0.21923828125 0.9736328125 0.1650390625 0.052734375
0 0.92333984375 0.5810546875 0.1533203125 0.15234375
0 0.23291015625 0.3681640625 0.1474609375 0.142578125
0 0.8544921875 0.0634765625 0.234375 0.123046875
0 0.91455078125 0.400390625 0.1005859375 0.0625
0 0.349609375 0.71826171875 0.240234375 0.0830078125
0 0.22314453125 0.04296875 0.0966796875 0.0859375
0 0.7783203125 0.28076171875 0.107421875 0.1533203125
0 0.85302734375 0.17431640625 0.1474609375 0.1455078125
0 0.255859375 0.87451171875 0.23828125 0.0908203125
0 0.8955078125 0.4541015625 0.162109375 0.044921875
0 0.81494140625 0.533203125 0.1201171875 0.26171875
0 0.2431640625 0.7861328125 0.078125 0.072265625
0 0.33447265625 0.04248046875 0.1162109375 0.0830078125
0 0.943359375 0.84423828125 0.11328125 0.1103515625
0 0.1767578125 0.80810546875 0.115234375 0.0478515625
0 0.0615234375 0.96923828125 0.087890625 0.0615234375
0 0.5107421875 0.01123046875 0.22265625 0.0224609375
0 0.13720703125 0.89208984375 0.0595703125 0.2158203125
0 0.728515625 0.58203125 0.09765625 0.130859375
0 0.1533203125 0.87451171875 0.123046875 0.0654296875
0 0.158203125 0.02197265625 0.078125 0.0400390625
0 0.27587890625 0.34423828125 0.0830078125 0.0849609375
0 0.29248046875 0.041015625 0.0576171875 0.08203125
0 0.890625 0.06201171875 0.052734375 0.1201171875
0 0.98095703125 0.12841796875 0.0380859375 0.0478515625
0 0.78466796875 0.3896484375 0.0693359375 0.0703125
0 0.82666015625 0.40185546875 0.0498046875 0.0595703125
0 0.318359375 0.84326171875 0.072265625 0.1083984375
0 0.216796875 0.853515625 0.0546875 0.0625
