0 0.767578125 0.09619140625 0.056640625 0.0771484375
0 0.775390625 0.259765625 0.060546875 0.076171875
0 0.8349609375 0.453125 0.06640625 0.1171875
0 0.6806640625 0.29931640625 0.0625 0.1083984375
0 0.5537109375 0.216796875 0.072265625 0.103515625
0 0.62255859375 0.10595703125 0.0654296875 0.0869140625
0 0.69775390625 0.109375 0.0654296875 0.109375
0 0.2255859375 0.2275390625 0.087890625 0.083984375
0 0.16943359375 0.2568359375 0.0673828125 0.048828125
0 0.07763671875 0.32421875 0.0771484375 0.078125
0 0.0791015625 0.38720703125 0.087890625 0.0693359375
0 0.04296875 0.1865234375 0.0859375 0.05859375
0 0.02880859375 0.12841796875 0.0576171875 0.0615234375
0 0.53369140625 0.39892578125 0.0986328125 0.0673828125
0 0.45947265625 0.4365234375 0.0595703125 0.076171875
0 0.4228515625 0.5390625 0.080078125 0.064453125
0 0.609375 0.55712890625 0.07421875 0.0947265625
0 0.7490234375 0.646484375 0.09765625 0.068359375
0 0.896484375 0.80810546875 0.072265625 0.0673828125
0 0.80078125 0.78125 0.068359375 0.07421875
0 0.6435546875 0.77783203125 0.078125 0.0615234375
0 0.4677734375 0.72705078125 0.0625 0.0771484375
0 0.40283203125 0.7783203125 0.0537109375 0.068359375
0 0.28759765625 0.68408203125 0.0712890625 0.0771484375
0 0.30322265625 0.58349609375 0.0615234375 0.0712890625
0 0.36962890625 0.65869140625 0.0615234375 0.0615234375
0 0.138671875 0.6044921875 0.087890625 0.076171875
0 0.138671875 0.6953125 0.0859375 0.0703125
0 0.29150390625 0.90576171875 0.0673828125 0.0654296875
0 0.22021484375 0.931640625 0.0419921875 0.0625
0 0.03466796875 0.66455078125 0.0615234375 0.0908203125
0 0.0517578125 0.56005859375 0.0703125 0.0849609375
0 0.02978515625 0.78369140625 0.0576171875 0.0498046875
0 0.330078125 0.283203125 0.05078125 0.052734375
0 0.45947265625 0.33251953125 0.0244140625 0.0400390625
0 0.39599609375 0.40087890625 0.0439453125 0.0263671875
0 0.794921875 0.13525390625 0.037109375 0.0615234375
0 0.78173828125 0.13720703125 0.0244140625 0.0615234375
0 0.3349609375 0.78857421875 0.044921875 0.0673828125
