0 0.67333984375 0.49951171875 0.0830078125 0.0751953125
0 0.158203125 0.5498046875 0.11328125 0.0703125
0 0.93212890625 0.6357421875 0.1142578125 0.08203125
0 0.8759765625 0.47314453125 0.15234375 0.1123046875
0 0.05224609375 0.974609375 0.1044921875 0.05078125
0 0.84716796875 0.32470703125 0.1005859375 0.0751953125
0 0.62841796875 0.3994140625 0.1123046875 0.099609375
0 0.64453125 0.5859375 0.099609375 0.078125
0 0.0322265625 0.60302734375 0.064453125 0.0927734375
0 0.845703125 0.9169921875 0.087890625 0.0703125
0 0.01611328125 0.53955078125 0.0322265625 0.0908203125
0 0.8046875 0.96728515625 0.0703125 0.0654296875
0 0.77734375 0.4794921875 0.115234375 0.07421875
0 0.82080078125 0.287109375 0.0869140625 0.115234375
0 0.658203125 0.193359375 0.072265625 0.078125
0 0.60107421875 0.10595703125 0.0673828125 0.0869140625
0 0.0458984375 0.17333984375 0.052734375 0.0751953125
0 0.72705078125 0.03466796875 0.0849609375 0.0654296875
0 0.7919921875 0.14990234375 0.07421875 0.1201171875
