0 0.1025390625 0.3046875 0.09765625 0.10546875
0 0.0556640625 0.4833984375 0.111328125 0.08984375
0 0.07373046875 0.56298828125 0.1064453125 0.0693359375
0 0.279296875 0.57177734375 0.12109375 0.0869140625
0 0.48876953125 0.68994140625 0.1708984375 0.1494140625
0 0.30712890625 0.74267578125 0.1005859375 0.0751953125
0 0.25439453125 0.66845703125 0.0869140625 0.0654296875
0 0.10009765625 0.65966796875 0.0830078125 0.0751953125
0 0.1708984375 0.80908203125 0.138671875 0.0771484375
0 0.078125 0.94189453125 0.083984375 0.1162109375
0 0.162109375 0.978515625 0.0625 0.04296875
0 0.521484375 0.83544921875 0.09765625 0.0830078125
0 0.8408203125 0.70703125 0.12890625 0.072265625
0 0.8515625 0.60693359375 0.103515625 0.0966796875
0 0.69970703125 0.51611328125 0.0771484375 0.1748046875
0 0.837890625 0.3720703125 0.103515625 0.1328125
0 0.9765625 0.458984375 0.046875 0.099609375
0 0.958984375 0.556640625 0.068359375 0.109375
0 0.5693359375 0.2109375 0.125 0.103515625
0 0.923828125 0.15234375 0.1171875 0.109375
0 0.6103515625 0.06982421875 0.109375 0.0908203125
0 0.865234375 0.07470703125 0.154296875 0.1376953125
0 0.93408203125 0.7890625 0.1044921875 0.1015625
0 0.837890625 0.931640625 0.087890625 0.1015625
0 0.07421875 0.1787109375 0.1484375 0.130859375
0 0.16748046875 0.421875 0.1318359375 0.1015625
