0 0.7724609375 0.51171875 0.076171875 0.095703125
0 0.666015625 0.86572265625 0.0859375 0.0732421875
0 0.43701171875 0.85107421875 0.0927734375 0.0693359375
0 0.6318359375 0.677734375 0.072265625 0.076171875
0 0.0673828125 0.029296875 0.09375 0.048828125
0 0.650390625 0.35498046875 0.07421875 0.0673828125
0 0.9931640625 0.359375 0.013671875 0.080078125
0 0.96533203125 0.60888671875 0.0693359375 0.0537109375
0 0.19970703125 0.482421875 0.0927734375 0.064453125
0 0.83740234375 0.26318359375 0.1005859375 0.0615234375
0 0.94189453125 0.8671875 0.0849609375 0.1015625
0 0.216796875 0.6435546875 0.072265625 0.08984375
0 0.8310546875 0.69140625 0.060546875 0.0859375
0 0.57861328125 0.85009765625 0.0810546875 0.0771484375
0 0.404296875 0.52783203125 0.052734375 0.0908203125
0 0.3154296875 0.59716796875 0.080078125 0.0732421875
0 0.7236328125 0.9384765625 0.05078125 0.06640625
0 0.1806640625 0.24951171875 0.115234375 0.0849609375
0 0.15673828125 0.40869140625 0.0927734375 0.0615234375
0 0.18115234375 0.1650390625 0.1318359375 0.07421875
0 0.185546875 0.10791015625 0.091796875 0.0576171875
0 0.13623046875 0.5673828125 0.1240234375 0.04296875
0 0.50341796875 0.234375 0.0927734375 0.103515625
0 0.9296875 0.3056640625 0.091796875 0.068359375
0 0.69482421875 0.244140625 0.1103515625 0.13671875
0 0.95654296875 0.02783203125 0.0869140625 0.0439453125
0 0.44873046875 0.9736328125 0.0966796875 0.041015625
0 0.58203125 0.20947265625 0.1171875 0.0576171875
0 0.5615234375 0.53564453125 0.064453125 0.0615234375
0 0.24853515625 0.5791015625 0.0947265625 0.09765625
0 0.03173828125 0.5283203125 0.0634765625 0.060546875
0 0.98828125 0.2275390625 0.0234375 0.056640625
0 0.9619140625 0.5654296875 0.06640625 0.078125
0 0.51025390625 0.06201171875 0.0966796875 0.1044921875
0 0.5986328125 0.05517578125 0.068359375 0.0654296875
0 0.12890625 0.48876953125 0.095703125 0.0673828125
0 0.0439453125 0.25537109375 0.083984375 0.0751953125
0 0.4638671875 0.62841796875 0.134765625 0.0595703125
0 0.35009765625 0.54541015625 0.0927734375 0.0791015625
0 0.78759765625 0.6162109375 0.0849609375 0.08203125
0 0.51953125 0.31494140625 0.0859375 0.0654296875
0 0.759765625 0.552734375 0.083984375 0.05859375
0 0.06201171875 0.66162109375 0.1142578125 0.0439453125
0 0.8046875 0.72119140625 0.0859375 0.0361328125
0 0.91357421875 0.263671875 0.0791015625 0.056640625
0 0.99169921875 0.5419921875 0.0166015625 0.05859375
0 0.46484375 0.56982421875 0.0859375 0.0517578125
0 0.40478515625 0.2412109375 0.0712890625 0.05078125
0 0.35546875 0.91845703125 0.111328125 0.0263671875
0 0.83935546875 0.625 0.0849609375 0.103515625
0 0.6494140625 0.26953125 0.03125 0.08984375
0 0.07421875 0.6142578125 0.1484375 0.087890625
0 0.0390625 0.794921875 0.078125 0.03125
0 0.66455078125 0.984375 0.0439453125 0.03125
0 0.796875 0.38525390625 0.07421875 0.0361328125
0 0.4267578125 0.17578125 0.091796875 0.046875
0 0.04296875 0.12451171875 0.083984375 0.0439453125
0 0.26611328125 0.9443359375 0.1494140625 0.10546875
0 0.16748046875 0.92724609375 0.1005859375 0.0400390625
0 0.02392578125 0.15625 0.0478515625 0.0625
0 0.02978515625 0.67236328125 0.0576171875 0.0498046875
0 0.38720703125 0.86474609375 0.1396484375 0.0693359375
0 0.23291015625 0.8388671875 0.0986328125 0.052734375
0 0.27978515625 0.48486328125 0.0732421875 0.0478515625
0 0.13427734375 0.9853515625 0.0751953125 0.025390625
0 0.95166015625 0.4541015625 0.0615234375 0.021484375
0 0.8515625 0.98486328125 0.048828125 0.0263671875
0 0.2373046875 0.78515625 0.076171875 0.033203125
0 0.4736328125 0.53125 0.078125 0.04296875
0 0.41552734375 0.517578125 0.0537109375 0.068359375
0 0.59375 0.02294921875 0.05859375 0.0439453125
0 0.0517578125 0.8720703125 0.103515625 0.03125
0 0.48291015625 0.17333984375 0.0712890625 0.0380859375
0 0.52880859375 0.5654296875 0.1240234375 0.048828125
0 0.03271484375 0.57568359375 0.0654296875 0.0517578125
0 0.81982421875 0.93310546875 0.0537109375 0.0556640625
0 0.12548828125 0.87890625 0.0869140625 0.048828125
0 0.97412109375 0.18994140625 0.0517578125 0.0517578125
0 0.4140625 0.31884765625 0.0625 0.0498046875
0 0.333984375 0.279296875 0.1328125 0.09765625
0 0.91357421875 0.5546875 0.0498046875 0.046875
0 0.30517578125 0.84619140625 0.0732421875 0.0439453125
