0 0.0966796875 0.091796875 0.07421875 0.076171875
0 0.86572265625 0.1044921875 0.0888671875 0.087890625
0 0.8896484375 0.6875 0.076171875 0.072265625
0 0.96826171875 0.265625 0.0634765625 0.0546875
0 0.14306640625 0.68505859375 0.1103515625 0.0537109375
0 0.81201171875 0.1220703125 0.0576171875 0.08203125
0 0.5068359375 0.81005859375 0.09765625 0.0693359375
0 0.41796875 0.455078125 0.087890625 0.08984375
0 0.3818359375 0.52294921875 0.06640625 0.0888671875
0 0.03857421875 0.66943359375 0.0732421875 0.0927734375
0 0.7431640625 0.7890625 0.0859375 0.1328125
0 0.08349609375 0.49951171875 0.0751953125 0.0791015625
0 0.1982421875 0.74853515625 0.09375 0.0517578125
0 0.236328125 0.9638671875 0.119140625 0.072265625
0 0.521484375 0.46728515625 0.041015625 0.0771484375
0 0.3154296875 0.44384765625 0.123046875 0.0615234375
0 0.7412109375 0.93212890625 0.076171875 0.0673828125
0 0.05517578125 0.548828125 0.0908203125 0.044921875
0 0.70947265625 0.4111328125 0.0634765625 0.05859375
0 0.142578125 0.3916015625 0.091796875 0.060546875
0 0.8271484375 0.5703125 0.05078125 0.05859375
0 0.87060546875 0.19921875 0.1201171875 0.037109375
0 0.05419921875 0.40771484375 0.0927734375 0.0634765625
0 0.3095703125 0.16552734375 0.12109375 0.0810546875
0 0.2294921875 0.2041015625 0.0859375 0.052734375
0 0.14111328125 0.0322265625 0.0693359375 0.064453125
0 0.93994140625 0.443359375 0.0869140625 0.05078125
0 0.4609375 0.97119140625 0.072265625 0.0517578125
0 0.3349609375 0.74755859375 0.0546875 0.0849609375
0 0.62451171875 0.12646484375 0.0771484375 0.0556640625
0 0.3623046875 0.72119140625 0.125 0.0830078125
0 0.29833984375 0.86279296875 0.0615234375 0.0419921875
0 0.79833984375 0.71923828125 0.0615234375 0.0478515625
0 0.43603515625 0.15673828125 0.0673828125 0.0380859375
0 0.87060546875 0.9716796875 0.0654296875 0.052734375
0 0.1162109375 0.74365234375 0.046875 0.0322265625
0 0.4208984375 0.2958984375 0.06640625 0.0390625
0 0.03662109375 0.494140625 0.0732421875 0.056640625
0 0.02587890625 0.85302734375 0.0517578125 0.0322265625
0 0.2353515625 0.6669921875 0.076171875 0.0390625
0 0.216796875 0.62548828125 0.1015625 0.0302734375
0 0.77392578125 0.73828125 0.0849609375 0.072265625
0 0.33984375 0.533203125 0.05859375 0.029296875
0 0.7734375 0.4990234375 0.07421875 0.060546875
0 0.7744140625 0.9169921875 0.0546875 0.056640625
0 0.97509765625 0.77490234375 0.0498046875 0.0498046875
0 0.3837890625 0.17724609375 0.072265625 0.0576171875
0 0.38330078125 0.5439453125 0.0556640625 0.0703125
0 0.1875 0.3876953125 0.06640625 0.05078125
0 0.50146484375 0.51806640625 0.0751953125 0.0458984375
0 0.9765625 0.51904296875 0.046875 0.0576171875
0 0.8359375 0.37939453125 0.091796875 0.0751953125
0 0.65478515625 0.82470703125 0.0576171875 0.0478515625
0 0.2685546875 0.486328125 0.091796875 0.048828125
0 0.65185546875 0.1748046875 0.0771484375 0.09765625
0 0.22119140625 0.8076171875 0.1416015625 0.04296875
0 0.8525390625 0.38623046875 0.06640625 0.0693359375
0 0.63818359375 0.990234375 0.0615234375 0.01953125
0 0.27490234375 0.38525390625 0.0634765625 0.0400390625
0 0.03173828125 0.3427734375 0.0634765625 0.052734375
0 0.19091796875 0.09033203125 0.1259765625 0.0595703125
0 0.19091796875 0.4716796875 0.0673828125 0.05859375
0 0.9677734375 0.02978515625 0.0546875 0.0361328125
0 0.853515625 0.85986328125 0.0703125 0.0419921875
0 0.71484375 0.2333984375 0.056640625 0.041015625
0 0.1923828125 0.45703125 0.060546875 0.044921875
0 0.05615234375 0.33447265625 0.0634765625 0.0537109375
0 0.9482421875 0.6015625 0.041015625 0.03125
0 0.65380859375 0.92431640625 0.0986328125 0.0595703125
0 0.22509765625 0.4375 0.0771484375 0.044921875
0 0.0166015625 0.13916015625 0.033203125 0.0361328125
0 0.82958984375 0.3662109375 0.0810546875 0.060546875
0 0.95458984375 0.32958984375 0.0400390625 0.0458984375
0 0.833984375 0.88720703125 0.046875 0.0498046875
0 0.74462890625 0.857421875 0.1044921875 0.09375
0 0.3076171875 0.10205078125 0.158203125 0.0771484375
