0 0.29296875 0.03076171875 0.125 0.0615234375
0 0.2138671875 0.1533203125 0.091796875 0.115234375
0 0.09521484375 0.0712890625 0.1142578125 0.1328125
0 0.0302734375 0.1787109375 0.060546875 0.125
0 0.353515625 0.17822265625 0.08984375 0.0888671875
0 0.13623046875 0.26416015625 0.1259765625 0.1181640625
0 0.05712890625 0.4228515625 0.0927734375 0.080078125
0 0.6572265625 0.365234375 0.091796875 0.099609375
0 0.5478515625 0.1865234375 0.05859375 0.064453125
0 0.4677734375 0.4580078125 0.08203125 0.0859375
0 0.17138671875 0.6171875 0.1298828125 0.0703125
0 0.27001953125 0.58349609375 0.0849609375 0.0849609375
0 0.40478515625 0.5166015625 0.0576171875 0.078125
0 0.4755859375 0.55126953125 0.091796875 0.0712890625
0 0.55224609375 0.5078125 0.0888671875 0.060546875
0 0.63330078125 0.5400390625 0.0849609375 0.09765625
0 0.35546875 0.69775390625 0.099609375 0.1123046875
0 0.12939453125 0.951171875 0.0791015625 0.080078125
0 0.228515625 0.921875 0.08984375 0.07421875
0 0.28759765625 0.87744140625 0.0654296875 0.0830078125
0 0.48583984375 0.8017578125 0.1103515625 0.080078125
0 0.53564453125 0.85986328125 0.1181640625 0.0654296875
0 0.97021484375 0.8759765625 0.0595703125 0.150390625
0 0.876953125 0.71728515625 0.078125 0.0732421875
0 0.857421875 0.65625 0.068359375 0.068359375
0 0.63916015625 0.73095703125 0.0771484375 0.1298828125
0 0.7109375 0.8251953125 0.1171875 0.19921875
0 0.88818359375 0.462890625 0.1044921875 0.1015625
0 0.83349609375 0.390625 0.0830078125 0.080078125
0 0.7333984375 0.3017578125 0.140625 0.080078125
0 0.7392578125 0.1494140625 0.10546875 0.083984375
0 0.841796875 0.1259765625 0.099609375 0.08984375
0 0.9658203125 0.029296875 0.068359375 0.05859375
0 0.720703125 0.03271484375 0.12109375 0.0654296875
0 0.8564453125 0.7939453125 0.06640625 0.076171875
0 0.0927734375 0.36083984375 0.1328125 0.0732421875
0 0.26171875 0.94580078125 0.123046875 0.0830078125
0 0.73095703125 0.30615234375 0.0712890625 0.1611328125
0 0.89794921875 0.04248046875 0.0517578125 0.0615234375
0 0.7041015625 0.54638671875 0.052734375 0.0693359375
