0 0.90625 0.4541015625 0.087890625 0.07421875
0 0.3681640625 0.97216796875 0.10546875 0.0458984375
0 0.33203125 0.15380859375 0.12890625 0.0439453125
0 0.49072265625 0.30419921875 0.1123046875 0.0869140625
0 0.330078125 0.41015625 0.138671875 0.060546875
0 0.52001953125 0.3994140625 0.0888671875 0.064453125
0 0.3427734375 0.20654296875 0.11328125 0.0986328125
0 0.67724609375 0.2802734375 0.1689453125 0.06640625
0 0.1455078125 0.72265625 0.11328125 0.0390625
0 0.05810546875 0.7646484375 0.1123046875 0.03515625
0 0.62841796875 0.20556640625 0.0888671875 0.0361328125
0 0.12890625 0.84228515625 0.130859375 0.0458984375
0 0.78955078125 0.75927734375 0.0966796875 0.0400390625
0 0.93212890625 0.27001953125 0.1025390625 0.0654296875
0 0.57080078125 0.1162109375 0.0888671875 0.08203125
0 0.5947265625 0.759765625 0.115234375 0.052734375
0 0.7333984375 0.158203125 0.150390625 0.064453125
0 0.9755859375 0.7294921875 0.048828125 0.03515625
0 0.97900390625 0.56494140625 0.0419921875 0.0244140625
0 0.13671875 0.02197265625 0.064453125 0.0439453125
0 0.84423828125 0.89404296875 0.0791015625 0.0478515625
0 0.5595703125 0.44921875 0.11328125 0.03515625
0 0.11181640625 0.224609375 0.1611328125 0.080078125
0 0.8876953125 0.16748046875 0.095703125 0.0478515625
0 0.96728515625 0.912109375 0.0654296875 0.0390625
0 0.64453125 0.8203125 0.15234375 0.03515625
0 0.6552734375 0.0419921875 0.1015625 0.08203125
0 0.03759765625 0.0771484375 0.0751953125 0.037109375
0 0.828125 0.97998046875 0.041015625 0.0400390625
0 0.142578125 0.07470703125 0.16015625 0.0380859375
0 0.556640625 0.84423828125 0.109375 0.0302734375
0 0.38037109375 0.58349609375 0.1103515625 0.0341796875
0 0.46630859375 0.47509765625 0.1376953125 0.0361328125
0 0.97314453125 0.48486328125 0.0537109375 0.0341796875
0 0.0546875 0.412109375 0.0625 0.068359375
0 0.9365234375 0.8330078125 0.126953125 0.044921875
0 0.79833984375 0.14697265625 0.0849609375 0.0341796875
0 0.55322265625 0.88427734375 0.0927734375 0.0439453125
0 0.54150390625 0.64453125 0.1357421875 0.05078125
0 0.16943359375 0.91259765625 0.1162109375 0.0341796875
0 0.45654296875 0.56396484375 0.1533203125 0.0341796875
0 0.04443359375 0.17138671875 0.0869140625 0.0322265625
0 0.06884765625 0.73046875 0.1357421875 0.037109375
0 0.0302734375 0.98193359375 0.044921875 0.0322265625
0 0.3232421875 0.28515625 0.08984375 0.02734375
0 0.9404296875 0.2119140625 0.11328125 0.044921875
0 0.21533203125 0.78173828125 0.1435546875 0.0302734375
0 0.7275390625 0.748046875 0.05859375 0.046875
0 0.29541015625 0.5439453125 0.0693359375 0.05859375
0 0.03369140625 0.51904296875 0.0673828125 0.0380859375
0 0.1953125 0.193359375 0.115234375 0.048828125
0 0.21484375 0.208984375 0.154296875 0.07421875
0 0.5927734375 0.56982421875 0.08984375 0.0380859375
0 0.78662109375 0.78662109375 0.1083984375 0.0400390625
0 0.5224609375 0.7705078125 0.119140625 0.0546875
0 0.42626953125 0.80322265625 0.0986328125 0.0439453125
0 0.78662109375 0.857421875 0.1689453125 0.03515625
0 0.04638671875 0.8984375 0.0927734375 0.044921875
0 0.71630859375 0.505859375 0.0830078125 0.041015625
0 0.65380859375 0.97119140625 0.1005859375 0.0419921875
0 0.822265625 0.01904296875 0.17578125 0.0380859375
0 0.701171875 0.77685546875 0.091796875 0.0380859375
0 0.39990234375 0.890625 0.1279296875 0.037109375
0 0.3837890625 0.54931640625 0.13671875 0.0302734375
0 0.41455078125 0.55908203125 0.1201171875 0.0341796875
0 0.625 0.5048828125 0.109375 0.044921875
0 0.8203125 0.55615234375 0.09765625 0.0400390625
0 0.38818359375 0.791015625 0.1025390625 0.05859375
0 0.07373046875 0.53173828125 0.1005859375 0.0419921875
0 0.66796875 0.494140625 0.091796875 0.037109375
0 0.42578125 0.86474609375 0.13671875 0.0400390625
0 0.7373046875 0.9677734375 0.12109375 0.064453125
0 0.1826171875 0.4375 0.15234375 0.044921875
