0 0.0859375 0.05615234375 0.048828125 0.0517578125
0 0.14111328125 0.18798828125 0.1162109375 0.0634765625
0 0.185546875 0.24365234375 0.078125 0.0595703125
0 0.291015625 0.0419921875 0.0625 0.072265625
0 0.50537109375 0.06884765625 0.0615234375 0.0654296875
0 0.54638671875 0.15771484375 0.0556640625 0.0712890625
0 0.19140625 0.45947265625 0.076171875 0.0888671875
0 0.20654296875 0.5224609375 0.0791015625 0.083984375
0 0.16064453125 0.58935546875 0.0537109375 0.0732421875
0 0.2490234375 0.5478515625 0.064453125 0.060546875
0 0.3662109375 0.515625 0.0625 0.06640625
0 0.48828125 0.52001953125 0.056640625 0.0654296875
0 0.37109375 0.64453125 0.078125 0.0625
0 0.248046875 0.67041015625 0.0703125 0.0517578125
0 0.1103515625 0.76953125 0.083984375 0.064453125
0 0.0751953125 0.916015625 0.08203125 0.072265625
0 0.48291015625 0.97509765625 0.0537109375 0.0498046875
0 0.9453125 0.953125 0.07421875 0.08203125
0 0.5732421875 0.64306640625 0.08203125 0.0751953125
0 0.58349609375 0.56298828125 0.0634765625 0.0517578125
0 0.70068359375 0.60693359375 0.0537109375 0.0712890625
0 0.7646484375 0.609375 0.0703125 0.068359375
0 0.8330078125 0.59765625 0.091796875 0.091796875
0 0.8603515625 0.494140625 0.078125 0.068359375
0 0.97119140625 0.02734375 0.0517578125 0.052734375
0 0.81298828125 0.18115234375 0.0830078125 0.0693359375
0 0.7099609375 0.1064453125 0.111328125 0.072265625
0 0.7177734375 0.04736328125 0.056640625 0.0537109375
0 0.6162109375 0.06201171875 0.060546875 0.0517578125
0 0.54443359375 0.0302734375 0.0751953125 0.060546875
0 0.94775390625 0.7666015625 0.0517578125 0.05078125
0 0.81103515625 0.74609375 0.0634765625 0.05859375
0 0.59716796875 0.9814453125 0.0654296875 0.03515625
0 0.0224609375 0.6494140625 0.044921875 0.064453125
0 0.36962890625 0.603515625 0.0498046875 0.0546875
0 0.1923828125 0.21484375 0.041015625 0.03125
0 0.37939453125 0.08154296875 0.0439453125 0.0380859375
0 0.69287109375 0.02294921875 0.0791015625 0.0458984375
0 0.92724609375 0.02197265625 0.0439453125 0.0439453125
0 0.01904296875 0.88916015625 0.0380859375 0.0791015625
0 0.61572265625 0.21875 0.0419921875 0.046875
0 0.72802734375 0.0830078125 0.0634765625 0.03515625
0 0.251953125 0.58984375 0.052734375 0.041015625
