0 0.01318359375 0.109375 0.0263671875 0.1328125
0 0.07373046875 0.09423828125 0.0537109375 0.0517578125
0 0.16943359375 0.10205078125 0.0771484375 0.0517578125
0 0.21533203125 0.18310546875 0.1123046875 0.1123046875
0 0.17138671875 0.3486328125 0.0830078125 0.076171875
0 0.0146484375 0.61181640625 0.029296875 0.0654296875
0 0.0615234375 0.98681640625 0.078125 0.0263671875
0 0.1708984375 0.94091796875 0.07421875 0.0771484375
0 0.08642578125 0.88427734375 0.0693359375 0.1201171875
0 0.173828125 0.85546875 0.103515625 0.068359375
0 0.35009765625 0.91455078125 0.0791015625 0.0693359375
0 0.13232421875 0.7021484375 0.0693359375 0.064453125
0 0.22412109375 0.76220703125 0.0732421875 0.0849609375
0 0.38134765625 0.744140625 0.0537109375 0.064453125
0 0.19287109375 0.6083984375 0.0693359375 0.083984375
0 0.31982421875 0.4951171875 0.0751953125 0.0859375
0 0.25927734375 0.0693359375 0.0673828125 0.044921875
0 0.52490234375 0.17431640625 0.1142578125 0.0908203125
0 0.41552734375 0.26318359375 0.0458984375 0.0576171875
0 0.38427734375 0.33056640625 0.0595703125 0.0927734375
0 0.369140625 0.42431640625 0.078125 0.0673828125
0 0.4267578125 0.5146484375 0.068359375 0.078125
0 0.5205078125 0.4892578125 0.0625 0.09375
0 0.5810546875 0.57666015625 0.0546875 0.0654296875
0 0.4912109375 0.3369140625 0.0546875 0.046875
0 0.50537109375 0.25830078125 0.0576171875 0.0400390625
0 0.6015625 0.2421875 0.064453125 0.0625
0 0.76513671875 0.208984375 0.0849609375 0.076171875
0 0.7666015625 0.15625 0.052734375 0.04296875
0 0.80810546875 0.06494140625 0.0771484375 0.0869140625
0 0.66845703125 0.05029296875 0.0810546875 0.0908203125
0 0.8505859375 0.2705078125 0.11328125 0.099609375
0 0.73486328125 0.39013671875 0.0576171875 0.0634765625
0 0.68408203125 0.3759765625 0.0517578125 0.05859375
0 0.84033203125 0.4345703125 0.0888671875 0.083984375
0 0.6689453125 0.5146484375 0.060546875 0.0625
0 0.78466796875 0.5830078125 0.0693359375 0.068359375
0 0.6201171875 0.677734375 0.07421875 0.0703125
0 0.7255859375 0.666015625 0.076171875 0.052734375
0 0.7490234375 0.75732421875 0.060546875 0.0595703125
0 0.71533203125 0.82421875 0.0927734375 0.06640625
0 0.6259765625 0.90087890625 0.080078125 0.0595703125
0 0.82470703125 0.9169921875 0.0654296875 0.068359375
0 0.85400390625 0.77197265625 0.0751953125 0.0869140625
0 0.96533203125 0.98486328125 0.0556640625 0.0302734375
0 0.96240234375 0.82861328125 0.0751953125 0.0673828125
0 0.9541015625 0.66015625 0.078125 0.068359375
0 0.974609375 0.49755859375 0.05078125 0.0517578125
0 0.982421875 0.18505859375 0.03515625 0.0712890625
0 0.9853515625 0.02734375 0.029296875 0.0546875
0 0.46533203125 0.681640625 0.0849609375 0.12109375
