0 0.052734375 0.2958984375 0.0625 0.087890625
0 0.1240234375 0.310546875 0.072265625 0.1015625
0 0.259765625 0.28466796875 0.0703125 0.1162109375
0 0.2373046875 0.1884765625 0.087890625 0.06640625
0 0.42822265625 0.33056640625 0.0712890625 0.1025390625
0 0.388671875 0.46435546875 0.068359375 0.0400390625
0 0.21630859375 0.45361328125 0.0771484375 0.0537109375
0 0.23095703125 0.5322265625 0.0693359375 0.060546875
0 0.2763671875 0.5302734375 0.06640625 0.056640625
0 0.33837890625 0.5244140625 0.0576171875 0.05859375
0 0.36181640625 0.5830078125 0.0771484375 0.064453125
0 0.5185546875 0.521484375 0.06640625 0.05859375
0 0.44482421875 0.5 0.0673828125 0.072265625
0 0.4560546875 0.41015625 0.080078125 0.068359375
0 0.5146484375 0.43603515625 0.05859375 0.0615234375
0 0.60693359375 0.43896484375 0.0771484375 0.0634765625
0 0.66552734375 0.431640625 0.0556640625 0.056640625
0 0.71435546875 0.41259765625 0.0810546875 0.0791015625
0 0.8271484375 0.43017578125 0.0625 0.0654296875
0 0.9140625 0.48291015625 0.0859375 0.0673828125
0 0.8671875 0.587890625 0.05078125 0.05859375
0 0.95556640625 0.599609375 0.0751953125 0.060546875
0 0.9716796875 0.53466796875 0.0546875 0.0458984375
0 0.8779296875 0.28955078125 0.0625 0.0400390625
0 0.958984375 0.3173828125 0.05859375 0.08203125
0 0.96923828125 0.21533203125 0.0615234375 0.0732421875
0 0.7587890625 0.01806640625 0.080078125 0.0361328125
0 0.68115234375 0.12255859375 0.0517578125 0.0771484375
0 0.69384765625 0.185546875 0.0615234375 0.05078125
0 0.74755859375 0.1123046875 0.0634765625 0.052734375
0 0.79296875 0.14013671875 0.041015625 0.0615234375
0 0.86279296875 0.09814453125 0.1220703125 0.0634765625
0 0.888671875 0.1416015625 0.134765625 0.052734375
0 0.95361328125 0.05078125 0.0927734375 0.0390625
0 0.64208984375 0.03759765625 0.0595703125 0.0634765625
0 0.1591796875 0.021484375 0.134765625 0.04296875
0 0.30322265625 0.01611328125 0.0693359375 0.0322265625
0 0.08251953125 0.01806640625 0.1201171875 0.0361328125
0 0.04931640625 0.58544921875 0.0634765625 0.0634765625
0 0.1572265625 0.57373046875 0.0546875 0.0634765625
0 0.04345703125 0.65185546875 0.0869140625 0.0693359375
0 0.1455078125 0.70263671875 0.07421875 0.0830078125
0 0.1650390625 0.71826171875 0.0625 0.1298828125
0 0.21923828125 0.7109375 0.0654296875 0.08203125
0 0.451171875 0.70068359375 0.06640625 0.0595703125
0 0.533203125 0.73779296875 0.10546875 0.0830078125
0 0.5859375 0.681640625 0.05859375 0.06640625
0 0.609375 0.763671875 0.044921875 0.083984375
0 0.65625 0.7939453125 0.064453125 0.080078125
0 0.7119140625 0.74169921875 0.06640625 0.0537109375
0 0.7685546875 0.7734375 0.0546875 0.052734375
0 0.7568359375 0.82373046875 0.0703125 0.0517578125
0 0.85888671875 0.81201171875 0.0537109375 0.0693359375
0 0.9130859375 0.78271484375 0.080078125 0.0712890625
0 0.87890625 0.93017578125 0.123046875 0.0732421875
0 0.77587890625 0.95458984375 0.0478515625 0.0654296875
0 0.67919921875 0.89111328125 0.0615234375 0.0732421875
0 0.61083984375 0.93798828125 0.0634765625 0.0595703125
0 0.56298828125 0.90966796875 0.0615234375 0.0458984375
0 0.4814453125 0.8515625 0.08984375 0.078125
0 0.45703125 0.7978515625 0.0625 0.05078125
0 0.380859375 0.81982421875 0.060546875 0.0576171875
0 0.32421875 0.841796875 0.052734375 0.0546875
0 0.3447265625 0.8935546875 0.041015625 0.056640625
0 0.27587890625 0.85009765625 0.0556640625 0.0595703125
0 0.26025390625 0.9375 0.0615234375 0.125
0 0.43603515625 0.92236328125 0.1435546875 0.0654296875
0 0.03466796875 0.8662109375 0.0693359375 0.048828125
0 0.125 0.962890625 0.134765625 0.0703125
0 0.1357421875 0.880859375 0.109375 0.068359375
0 0.72900390625 0.51123046875 0.0478515625 0.0478515625
0 0.8759765625 0.19287109375 0.056640625 0.0478515625
0 0.84716796875 0.56689453125 0.0341796875 0.0517578125
0 0.88671875 0.55810546875 0.0625 0.0380859375
0 0.0517578125 0.712890625 0.08203125 0.072265625
0 0.0537109375 0.833984375 0.06640625 0.05078125
0 0.27685546875 0.5888671875 0.0615234375 0.056640625
0 0.45751953125 0.26513671875 0.0537109375 0.0595703125
0 0.64306640625 0.21875 0.0830078125 0.048828125
0 0.4619140625 0.17529296875 0.072265625 0.0654296875
