0 0.0771484375 0.03466796875 0.064453125 0.0693359375
0 0.25537109375 0.02099609375 0.0712890625 0.0419921875
0 0.24267578125 0.068359375 0.0849609375 0.068359375
0 0.5234375 0.01904296875 0.07421875 0.0380859375
0 0.58740234375 0.03955078125 0.0947265625 0.0712890625
0 0.7216796875 0.01708984375 0.1171875 0.0341796875
0 0.8076171875 0.80126953125 0.091796875 0.0888671875
0 0.75732421875 0.861328125 0.0830078125 0.07421875
0 0.86181640625 0.94189453125 0.0830078125 0.0751953125
0 0.88818359375 0.98095703125 0.0888671875 0.0380859375
0 0.669921875 0.8818359375 0.080078125 0.0625
0 0.50537109375 0.9765625 0.0693359375 0.046875
0 0.556640625 0.9345703125 0.083984375 0.0703125
0 0.599609375 0.9765625 0.091796875 0.046875
0 0.75390625 0.94140625 0.103515625 0.080078125
0 0.31884765625 0.9267578125 0.0791015625 0.08984375
0 0.19384765625 0.9677734375 0.0771484375 0.064453125
0 0.22119140625 0.9267578125 0.1240234375 0.123046875
0 0.2470703125 0.94140625 0.0625 0.076171875
0 0.427734375 0.90625 0.103515625 0.060546875
0 0.4228515625 0.85595703125 0.076171875 0.0556640625
0 0.34521484375 0.80126953125 0.0673828125 0.0654296875
0 0.4638671875 0.80908203125 0.078125 0.0869140625
0 0.5380859375 0.79833984375 0.06640625 0.0771484375
0 0.61181640625 0.7880859375 0.0712890625 0.064453125
0 0.51318359375 0.70361328125 0.0771484375 0.0634765625
0 0.4189453125 0.6962890625 0.07421875 0.072265625
0 0.0986328125 0.83203125 0.09765625 0.068359375
0 0.2353515625 0.6845703125 0.103515625 0.109375
0 0.05517578125 0.669921875 0.0712890625 0.1171875
0 0.64697265625 0.587890625 0.0595703125 0.111328125
0 0.48681640625 0.56396484375 0.1064453125 0.0947265625
0 0.48095703125 0.64599609375 0.0693359375 0.0537109375
0 0.21875 0.45947265625 0.07421875 0.0771484375
0 0.31494140625 0.46435546875 0.0654296875 0.0654296875
0 0.5380859375 0.4453125 0.068359375 0.068359375
0 0.6455078125 0.43115234375 0.0703125 0.0771484375
0 0.802734375 0.5224609375 0.0625 0.09765625
0 0.9052734375 0.5498046875 0.068359375 0.060546875
0 0.896484375 0.439453125 0.087890625 0.07421875
0 0.80859375 0.4423828125 0.07421875 0.072265625
0 0.51953125 0.36669921875 0.0859375 0.0712890625
0 0.693359375 0.38623046875 0.06640625 0.0537109375
0 0.76416015625 0.36767578125 0.0615234375 0.0830078125
0 0.833984375 0.37255859375 0.08984375 0.0615234375
0 0.67138671875 0.26708984375 0.0869140625 0.0791015625
0 0.59765625 0.2919921875 0.0703125 0.080078125
0 0.111328125 0.29931640625 0.068359375 0.0888671875
0 0.0517578125 0.2607421875 0.07421875 0.06640625
0 0.92578125 0.17822265625 0.09765625 0.0888671875
0 0.3212890625 0.40576171875 0.083984375 0.0830078125
0 0.59814453125 0.60400390625 0.0693359375 0.0888671875
0 0.48291015625 0.75146484375 0.0751953125 0.0693359375
0 0.49365234375 0.88330078125 0.0732421875 0.0810546875
0 0.26025390625 0.48974609375 0.1455078125 0.0888671875
0 0.54345703125 0.50830078125 0.0693359375 0.0615234375
0 0.72802734375 0.46044921875 0.0791015625 0.0732421875
0 0.673828125 0.94580078125 0.107421875 0.1083984375
0 0.384765625 0.93212890625 0.06640625 0.0751953125
0 0.85205078125 0.97607421875 0.2138671875 0.0478515625
0 0.57373046875 0.66796875 0.0634765625 0.0625
0 0.05322265625 0.40478515625 0.1064453125 0.1142578125
