0 0.548828125 0.2578125 0.072265625 0.080078125
0 0.62890625 0.0478515625 0.060546875 0.083984375
0 0.44384765625 0.13525390625 0.0654296875 0.1123046875
0 0.8935546875 0.03955078125 0.0625 0.0791015625
0 0.33447265625 0.47021484375 0.0771484375 0.0830078125
0 0.982421875 0.2880859375 0.03515625 0.0703125
0 0.24658203125 0.03955078125 0.0791015625 0.0771484375
0 0.4052734375 0.23486328125 0.083984375 0.0947265625
0 0.59228515625 0.55615234375 0.0810546875 0.0751953125
0 0.76220703125 0.080078125 0.0751953125 0.0703125
0 0.6728515625 0.32275390625 0.08984375 0.0966796875
0 0.962890625 0.11279296875 0.0625 0.0771484375
0 0.30224609375 0.52880859375 0.0830078125 0.0771484375
0 0.97705078125 0.57275390625 0.0458984375 0.0556640625
0 0.9267578125 0.18701171875 0.10546875 0.0869140625
0 0.7861328125 0.31640625 0.126953125 0.083984375
0 0.83642578125 0.787109375 0.0888671875 0.068359375
0 0.12451171875 0.234375 0.0869140625 0.083984375
0 0.09765625 0.9384765625 0.119140625 0.083984375
0 0.40087890625 0.3388671875 0.0927734375 0.11328125
0 0.98828125 0.8740234375 0.0234375 0.052734375
0 0.15478515625 0.77587890625 0.1005859375 0.0615234375
0 0.56884765625 0.88671875 0.0673828125 0.1484375
0 0.8564453125 0.46142578125 0.111328125 0.0673828125
0 0.6455078125 0.94921875 0.078125 0.0625
0 0.986328125 0.037109375 0.02734375 0.072265625
0 0.1142578125 0.03369140625 0.115234375 0.0654296875
0 0.97265625 0.39013671875 0.0546875 0.0712890625
0 0.24609375 0.68994140625 0.072265625 0.0615234375
0 0.66845703125 0.2490234375 0.0361328125 0.080078125
0 0.75146484375 0.22900390625 0.0556640625 0.0751953125
0 0.4189453125 0.68115234375 0.0625 0.0654296875
0 0.384765625 0.27685546875 0.072265625 0.0458984375
0 0.1318359375 0.32568359375 0.15234375 0.0869140625
0 0.0546875 0.23876953125 0.099609375 0.0673828125
0 0.28271484375 0.9609375 0.1083984375 0.05859375
0 0.0830078125 0.38134765625 0.119140625 0.1005859375
0 0.1455078125 0.12890625 0.076171875 0.0859375
0 0.2939453125 0.23486328125 0.080078125 0.0966796875
0 0.90869140625 0.3466796875 0.0849609375 0.078125
0 0.7646484375 0.6689453125 0.095703125 0.029296875
0 0.1064453125 0.65625 0.087890625 0.0703125
0 0.98193359375 0.7666015625 0.0361328125 0.087890625
0 0.421875 0.7890625 0.134765625 0.0546875
0 0.08544921875 0.70458984375 0.0712890625 0.0478515625
0 0.4404296875 0.5166015625 0.0703125 0.044921875
0 0.52197265625 0.55517578125 0.0771484375 0.0615234375
0 0.4736328125 0.873046875 0.052734375 0.087890625
0 0.37646484375 0.69140625 0.0615234375 0.056640625
0 0.45947265625 0.666015625 0.0556640625 0.052734375
0 0.33349609375 0.61962890625 0.0595703125 0.0478515625
0 0.22509765625 0.94677734375 0.0771484375 0.0947265625
0 0.07080078125 0.65625 0.0556640625 0.056640625
0 0.76220703125 0.62890625 0.0634765625 0.05078125
0 0.74853515625 0.7490234375 0.0693359375 0.037109375
0 0.18408203125 0.02197265625 0.0673828125 0.0439453125
0 0.22265625 0.29052734375 0.08203125 0.0439453125
0 0.55908203125 0.20263671875 0.0498046875 0.0400390625
0 0.4072265625 0.13037109375 0.05859375 0.0634765625
0 0.01708984375 0.76513671875 0.0341796875 0.0400390625
0 0.5205078125 0.56884765625 0.087890625 0.0673828125
0 0.28271484375 0.90771484375 0.1298828125 0.0458984375
0 0.9736328125 0.5908203125 0.052734375 0.0546875
0 0.15869140625 0.9130859375 0.0517578125 0.03515625
0 0.20703125 0.13525390625 0.142578125 0.0986328125
0 0.9599609375 0.04248046875 0.0625 0.0751953125
0 0.6474609375 0.71630859375 0.087890625 0.0458984375
0 0.763671875 0.8486328125 0.05078125 0.029296875
0 0.955078125 0.72314453125 0.046875 0.0556640625
0 0.015625 0.615234375 0.03125 0.05859375
