0 0.3720703125 0.03125 0.095703125 0.0625
0 0.27685546875 0.12255859375 0.0966796875 0.0947265625
0 0.42041015625 0.10498046875 0.0830078125 0.1005859375
0 0.171875 0.02001953125 0.080078125 0.0400390625
0 0.1337890625 0.087890625 0.076171875 0.087890625
0 0.05810546875 0.17236328125 0.0947265625 0.0556640625
0 0.11669921875 0.236328125 0.0712890625 0.05078125
0 0.0146484375 0.236328125 0.029296875 0.064453125
0 0.0048828125 0.2861328125 0.009765625 0.046875
0 0.01416015625 0.6435546875 0.0283203125 0.0546875
0 0.1171875 0.6240234375 0.05859375 0.064453125
0 0.06298828125 0.72314453125 0.0771484375 0.0654296875
0 0.205078125 0.74609375 0.142578125 0.08203125
0 0.322265625 0.7509765625 0.115234375 0.06640625
0 0.2255859375 0.63330078125 0.056640625 0.0751953125
0 0.2607421875 0.6396484375 0.052734375 0.076171875
0 0.3291015625 0.6337890625 0.068359375 0.06640625
0 0.326171875 0.6796875 0.099609375 0.0703125
0 0.37939453125 0.63720703125 0.0517578125 0.0771484375
0 0.53662109375 0.51416015625 0.0810546875 0.0927734375
0 0.60791015625 0.431640625 0.0693359375 0.09765625
0 0.5234375 0.26025390625 0.0859375 0.0458984375
0 0.44970703125 0.21728515625 0.0615234375 0.0732421875
0 0.6474609375 0.14794921875 0.048828125 0.0771484375
0 0.884765625 0.02880859375 0.08203125 0.0576171875
0 0.822265625 0.14892578125 0.0703125 0.0869140625
0 0.775390625 0.19091796875 0.111328125 0.0712890625
0 0.7060546875 0.23046875 0.10546875 0.0546875
0 0.9482421875 0.1337890625 0.064453125 0.072265625
0 0.93212890625 0.3154296875 0.1259765625 0.083984375
0 0.78515625 0.2734375 0.16015625 0.05859375
0 0.7744140625 0.30810546875 0.091796875 0.0537109375
0 0.9599609375 0.3837890625 0.080078125 0.052734375
0 0.74365234375 0.51708984375 0.1259765625 0.0654296875
0 0.88134765625 0.494140625 0.0830078125 0.0859375
0 0.91162109375 0.56689453125 0.0888671875 0.0556640625
0 0.84814453125 0.591796875 0.0751953125 0.0546875
0 0.751953125 0.58837890625 0.109375 0.0771484375
0 0.59765625 0.5830078125 0.103515625 0.09375
0 0.53369140625 0.65966796875 0.0556640625 0.0673828125
0 0.55615234375 0.7451171875 0.0458984375 0.0703125
0 0.6279296875 0.75927734375 0.11328125 0.0947265625
0 0.83203125 0.79443359375 0.115234375 0.0888671875
0 0.8515625 0.68359375 0.107421875 0.056640625
0 0.94091796875 0.6572265625 0.1181640625 0.087890625
0 0.70947265625 0.97998046875 0.1298828125 0.0400390625
