0 0.06494140625 0.123046875 0.1298828125 0.087890625
0 0.630859375 0.42431640625 0.11328125 0.1201171875
0 0.5947265625 0.166015625 0.16015625 0.109375
0 0.6806640625 0.02978515625 0.1171875 0.0595703125
0 0.28076171875 0.19287109375 0.0927734375 0.1025390625
0 0.05859375 0.03125 0.1171875 0.0625
0 0.04345703125 0.27587890625 0.0869140625 0.0771484375
0 0.0361328125 0.78076171875 0.072265625 0.0927734375
0 0.86083984375 0.8779296875 0.0830078125 0.072265625
0 0.4755859375 0.91357421875 0.1171875 0.1123046875
0 0.86083984375 0.77685546875 0.1025390625 0.0751953125
0 0.93212890625 0.158203125 0.0986328125 0.0859375
0 0.38916015625 0.67578125 0.1005859375 0.0703125
0 0.484375 0.404296875 0.08984375 0.080078125
