0 0.02197265625 0.458984375 0.0439453125 0.099609375
0 0.09814453125 0.50048828125 0.0751953125 0.0947265625
0 0.08984375 0.59228515625 0.087890625 0.0771484375
0 0.2177734375 0.21484375 0.08984375 0.095703125
0 0.2216796875 0.04296875 0.12109375 0.08203125
0 0.3583984375 0.10986328125 0.08203125 0.0830078125
0 0.357421875 0.05419921875 0.080078125 0.0634765625
0 0.537109375 0.19580078125 0.12890625 0.1201171875
0 0.43115234375 0.326171875 0.1708984375 0.138671875
0 0.3623046875 0.56884765625 0.08984375 0.1298828125
0 0.5458984375 0.53955078125 0.119140625 0.1650390625
0 0.1591796875 0.798828125 0.083984375 0.11328125
0 0.06640625 0.94189453125 0.111328125 0.0849609375
0 0.50146484375 0.97265625 0.1181640625 0.0546875
0 0.38525390625 0.990234375 0.0751953125 0.01953125
0 0.462890625 0.93798828125 0.095703125 0.1005859375
0 0.556640625 0.763671875 0.10546875 0.0859375
0 0.28125 0.990234375 0.08984375 0.01953125
0 0.728515625 0.91796875 0.095703125 0.109375
0 0.79931640625 0.79296875 0.0849609375 0.10546875
0 0.8671875 0.7119140625 0.099609375 0.06640625
0 0.767578125 0.63037109375 0.08203125 0.1201171875
0 0.98828125 0.619140625 0.0234375 0.103515625
0 0.95947265625 0.85498046875 0.0654296875 0.0615234375
0 0.978515625 0.74755859375 0.04296875 0.0927734375
0 0.923828125 0.1708984375 0.09765625 0.080078125
0 0.77734375 0.18115234375 0.10546875 0.0712890625
0 0.7685546875 0.10400390625 0.083984375 0.0947265625
0 0.6455078125 0.07666015625 0.130859375 0.0732421875
0 0.03564453125 0.1640625 0.0712890625 0.099609375
0 0.43212890625 0.134765625 0.0751953125 0.126953125
0 0.78857421875 0.02197265625 0.0634765625 0.0439453125
