0 0.7119140625 0.80712890625 0.099609375 0.1005859375
0 0.74072265625 0.49267578125 0.1123046875 0.1142578125
0 0.35302734375 0.31591796875 0.1220703125 0.1123046875
0 0.779296875 0.341796875 0.09765625 0.107421875
0 0.51806640625 0.8369140625 0.1025390625 0.095703125
0 0.162109375 0.828125 0.1796875 0.091796875
0 0.21337890625 0.6435546875 0.1474609375 0.107421875
0 0.974609375 0.61962890625 0.05078125 0.1650390625
0 0.87744140625 0.68017578125 0.0947265625 0.1142578125
0 0.5947265625 0.18701171875 0.099609375 0.0947265625
0 0.38330078125 0.212890625 0.1474609375 0.125
0 0.267578125 0.36962890625 0.095703125 0.1044921875
0 0.595703125 0.53076171875 0.1171875 0.0966796875
0 0.43896484375 0.67333984375 0.1689453125 0.0966796875
0 0.24462890625 0.5556640625 0.1103515625 0.087890625
0 0.119140625 0.908203125 0.123046875 0.087890625
0 0.1865234375 0.26220703125 0.1015625 0.1962890625
0 0.95849609375 0.13330078125 0.0830078125 0.1318359375
0 0.9384765625 0.24658203125 0.095703125 0.1142578125
0 0.60107421875 0.95068359375 0.0849609375 0.0751953125
0 0.8759765625 0.0458984375 0.09765625 0.087890625
0 0.34716796875 0.0859375 0.1298828125 0.123046875
0 0.5498046875 0.2275390625 0.0703125 0.09765625
0 0.43505859375 0.716796875 0.0966796875 0.09375
0 0.470703125 0.2353515625 0.09765625 0.095703125
0 0.0146484375 0.74462890625 0.029296875 0.0556640625
