0 0.08251953125 0.10205078125 0.0615234375 0.0732421875
0 0.2509765625 0.201171875 0.103515625 0.076171875
0 0.33203125 0.31591796875 0.064453125 0.0732421875
0 0.28125 0.3291015625 0.0546875 0.08203125
0 0.0595703125 0.44677734375 0.060546875 0.0712890625
0 0.12158203125 0.57275390625 0.0927734375 0.0732421875
0 0.072265625 0.69482421875 0.11328125 0.1064453125
0 0.3486328125 0.6328125 0.091796875 0.078125
0 0.41015625 0.56494140625 0.08984375 0.0810546875
0 0.3701171875 0.47705078125 0.0859375 0.0810546875
0 0.50048828125 0.47705078125 0.0556640625 0.0595703125
0 0.51611328125 0.36767578125 0.0615234375 0.0791015625
0 0.6435546875 0.27490234375 0.078125 0.0693359375
0 0.12060546875 0.1494140625 0.0654296875 0.052734375
0 0.88720703125 0.5 0.0517578125 0.046875
0 0.35205078125 0.10205078125 0.0751953125 0.0791015625
0 0.40771484375 0.14990234375 0.0595703125 0.0654296875
0 0.47900390625 0.11328125 0.0771484375 0.064453125
0 0.52197265625 0.10205078125 0.0595703125 0.0576171875
0 0.55810546875 0.15625 0.0771484375 0.076171875
0 0.73828125 0.2392578125 0.0859375 0.099609375
0 0.77294921875 0.07958984375 0.0712890625 0.0751953125
0 0.8115234375 0.0341796875 0.091796875 0.068359375
0 0.9443359375 0.12109375 0.095703125 0.068359375
0 0.97119140625 0.38623046875 0.0576171875 0.0634765625
0 0.86865234375 0.330078125 0.0888671875 0.0703125
0 0.74462890625 0.466796875 0.1103515625 0.05859375
0 0.87939453125 0.67822265625 0.0791015625 0.0732421875
0 0.87744140625 0.8359375 0.0751953125 0.05859375
0 0.70947265625 0.87548828125 0.0478515625 0.0712890625
0 0.77490234375 0.90966796875 0.0556640625 0.0556640625
0 0.5537109375 0.9248046875 0.072265625 0.140625
0 0.66015625 0.97119140625 0.07421875 0.0576171875
0 0.38134765625 0.8984375 0.0830078125 0.0703125
0 0.2451171875 0.767578125 0.080078125 0.052734375
0 0.16259765625 0.83740234375 0.0849609375 0.0693359375
0 0.41259765625 0.95947265625 0.0693359375 0.0810546875
0 0.32080078125 0.431640625 0.0517578125 0.046875
0 0.56787109375 0.27880859375 0.0654296875 0.0634765625
0 0.40966796875 0.787109375 0.0634765625 0.087890625
0 0.4638671875 0.0771484375 0.0703125 0.0546875
0 0.26318359375 0.64306640625 0.0439453125 0.0556640625
0 0.33544921875 0.85546875 0.0830078125 0.07421875
0 0.6640625 0.7392578125 0.052734375 0.095703125
0 0.32373046875 0.6826171875 0.0947265625 0.06640625
0 0.8076171875 0.12744140625 0.087890625 0.0361328125
0 0.9208984375 0.44580078125 0.046875 0.0517578125
0 0.41162109375 0.11474609375 0.0576171875 0.0478515625
0 0.9716796875 0.47216796875 0.056640625 0.0712890625
0 0.759765625 0.1337890625 0.0625 0.052734375
