0 0.84912109375 0.087890625 0.1044921875 0.087890625
0 0.6220703125 0.0556640625 0.130859375 0.08203125
0 0.31201171875 0.890625 0.0908203125 0.107421875
0 0.69091796875 0.34814453125 0.1220703125 0.0771484375
0 0.77978515625 0.4658203125 0.1298828125 0.078125
0 0.224609375 0.10595703125 0.0703125 0.0771484375
0 0.80615234375 0.58935546875 0.1123046875 0.0849609375
0 0.15673828125 0.537109375 0.0751953125 0.080078125
0 0.6748046875 0.79833984375 0.150390625 0.0927734375
0 0.9248046875 0.26953125 0.08984375 0.064453125
0 0.314453125 0.62451171875 0.169921875 0.0849609375
0 0.7294921875 0.64697265625 0.0703125 0.0556640625
0 0.51220703125 0.1494140625 0.0947265625 0.060546875
0 0.0419921875 0.45947265625 0.060546875 0.0849609375
0 0.61474609375 0.69580078125 0.1044921875 0.0966796875
0 0.04345703125 0.20849609375 0.0771484375 0.0673828125
0 0.73974609375 0.73974609375 0.1103515625 0.0849609375
0 0.38330078125 0.72314453125 0.1279296875 0.0771484375
0 0.326171875 0.15087890625 0.142578125 0.1181640625
0 0.02099609375 0.74560546875 0.0419921875 0.0869140625
0 0.44482421875 0.0009765625 0.0849609375 0.001953125
0 0.51123046875 0.44091796875 0.1474609375 0.1181640625
0 0.1357421875 0.02099609375 0.09765625 0.0419921875
0 0.5341796875 0.7568359375 0.08984375 0.060546875
0 0.732421875 0.2236328125 0.080078125 0.0625
0 0.09716796875 0.84228515625 0.0693359375 0.0595703125
0 0.5185546875 0.2021484375 0.1171875 0.064453125
0 0.00244140625 0.197265625 0.0048828125 0.08984375
0 0.689453125 0.9560546875 0.07421875 0.0625
0 0.80078125 0.9072265625 0.1015625 0.080078125
0 0.1142578125 0.30615234375 0.080078125 0.0673828125
0 0.4755859375 0.51611328125 0.087890625 0.0576171875
0 0.94091796875 0.39599609375 0.1123046875 0.0576171875
0 0.375 0.42236328125 0.078125 0.0478515625
0 0.69482421875 0.04833984375 0.0595703125 0.0498046875
0 0.2431640625 0.66796875 0.091796875 0.0625
0 0.58349609375 0.95703125 0.1025390625 0.0703125
0 0.099609375 0.07080078125 0.08984375 0.0576171875
0 0.4169921875 0.77099609375 0.10546875 0.0576171875
0 0.9443359375 0.63916015625 0.10546875 0.0849609375
0 0.02978515625 0.81298828125 0.0595703125 0.0771484375
0 0.2509765625 0.95849609375 0.09765625 0.0830078125
0 0.849609375 0.70068359375 0.10546875 0.0771484375
0 0.498046875 0.97705078125 0.087890625 0.0458984375
0 0.8994140625 0.6669921875 0.08984375 0.0546875
0 0.5595703125 0.84228515625 0.119140625 0.0595703125
0 0.23193359375 0.416015625 0.0751953125 0.0625
0 0.2421875 0.90087890625 0.060546875 0.0576171875
0 0.9658203125 0.52587890625 0.068359375 0.0673828125
0 0.3935546875 0.5166015625 0.107421875 0.044921875
0 0.5869140625 0.5380859375 0.08984375 0.072265625
0 0.53955078125 0.60595703125 0.0908203125 0.0419921875
0 0.45068359375 0.59814453125 0.0771484375 0.0380859375
0 0.45458984375 0.845703125 0.1298828125 0.0625
0 0.5703125 0.97802734375 0.087890625 0.0439453125
0 0.9521484375 0.9619140625 0.095703125 0.0703125
0 0.21826171875 0.6044921875 0.0478515625 0.08984375
0 0.3154296875 0.55078125 0.0625 0.0625
0 0.9736328125 0.474609375 0.052734375 0.05078125
0 0.97119140625 0.33203125 0.0576171875 0.060546875
0 0.1494140625 0.25439453125 0.060546875 0.0498046875
0 0.88916015625 0.80859375 0.1259765625 0.09375
0 0.0224609375 0.52197265625 0.04296875 0.0693359375
