0 0.89404296875 0.06103515625 0.0693359375 0.1142578125
0 0.81494140625 0.02001953125 0.0576171875 0.0400390625
0 0.59033203125 0.1025390625 0.0693359375 0.0703125
0 0.69287109375 0.14697265625 0.1318359375 0.0908203125
0 0.8564453125 0.2177734375 0.11328125 0.0859375
0 0.91943359375 0.38330078125 0.0947265625 0.0634765625
0 0.67626953125 0.32666015625 0.1162109375 0.0771484375
0 0.71337890625 0.25830078125 0.0771484375 0.0791015625
0 0.54541015625 0.21875 0.0693359375 0.087890625
0 0.41162109375 0.2001953125 0.0830078125 0.0859375
0 0.3505859375 0.32861328125 0.06640625 0.0693359375
0 0.6455078125 0.513671875 0.119140625 0.08984375
0 0.544921875 0.5947265625 0.109375 0.072265625
0 0.7890625 0.642578125 0.12890625 0.109375
0 0.5986328125 0.7255859375 0.0859375 0.12109375
0 0.5302734375 0.7880859375 0.083984375 0.095703125
0 0.1904296875 0.75634765625 0.123046875 0.0751953125
0 0.06591796875 0.76171875 0.1318359375 0.080078125
0 0.103515625 0.58203125 0.138671875 0.076171875
0 0.2666015625 0.47705078125 0.126953125 0.0869140625
0 0.33251953125 0.60546875 0.0966796875 0.115234375
0 0.396484375 0.595703125 0.078125 0.080078125
0 0.74755859375 0.82763671875 0.0810546875 0.1025390625
0 0.95361328125 0.8271484375 0.0927734375 0.08203125
0 0.60791015625 0.9609375 0.1982421875 0.072265625
0 0.056640625 0.46142578125 0.11328125 0.0947265625
0 0.06005859375 0.365234375 0.1201171875 0.044921875
0 0.1015625 0.30712890625 0.099609375 0.0537109375
0 0.16015625 0.19384765625 0.1484375 0.0654296875
0 0.2734375 0.12353515625 0.109375 0.0517578125
0 0.9833984375 0.49853515625 0.033203125 0.1162109375
0 0.28759765625 0.79736328125 0.0888671875 0.0810546875
0 0.1904296875 0.84423828125 0.109375 0.1103515625
0 0.43017578125 0.08837890625 0.0810546875 0.0634765625
0 0.984375 0.27294921875 0.03125 0.0517578125
