0 0.91943359375 0.91552734375 0.0947265625 0.0771484375
0 0.02685546875 0.7685546875 0.0537109375 0.091796875
0 0.12890625 0.939453125 0.126953125 0.080078125
0 0.93798828125 0.73095703125 0.1005859375 0.0771484375
0 0.89208984375 0.26708984375 0.1005859375 0.0556640625
0 0.03125 0.4423828125 0.0625 0.125
0 0.95703125 0.51953125 0.080078125 0.07421875
0 0.849609375 0.8193359375 0.115234375 0.0703125
0 0.68701171875 0.3291015625 0.1201171875 0.080078125
0 0.20166015625 0.6328125 0.0693359375 0.1171875
0 0.02978515625 0.63232421875 0.0595703125 0.0849609375
0 0.0654296875 0.6875 0.0625 0.0546875
0 0.83984375 0.65771484375 0.080078125 0.0478515625
0 0.76953125 0.8369140625 0.05078125 0.064453125
0 0.96435546875 0.44775390625 0.0712890625 0.0615234375
0 0.05712890625 0.29931640625 0.0751953125 0.0595703125
0 0.97314453125 0.392578125 0.0537109375 0.08203125
