0 0.75341796875 0.0185546875 0.0634765625 0.037109375
0 0.640625 0.23193359375 0.138671875 0.1064453125
0 0.56201171875 0.22802734375 0.1611328125 0.1337890625
0 0.880859375 0.3388671875 0.0703125 0.119140625
0 0.76025390625 0.32958984375 0.0634765625 0.0751953125
0 0.78369140625 0.3994140625 0.1103515625 0.08203125
0 0.81494140625 0.328125 0.0458984375 0.05859375
0 0.666015625 0.35693359375 0.08984375 0.1103515625
0 0.4755859375 0.32861328125 0.1328125 0.0693359375
0 0.458984375 0.2529296875 0.07421875 0.068359375
0 0.3408203125 0.19287109375 0.078125 0.0888671875
0 0.11572265625 0.2373046875 0.0634765625 0.12109375
0 0.0458984375 0.33154296875 0.091796875 0.0537109375
0 0.15869140625 0.3857421875 0.1201171875 0.06640625
0 0.23828125 0.447265625 0.0546875 0.076171875
0 0.337890625 0.34375 0.080078125 0.076171875
0 0.37744140625 0.3359375 0.1064453125 0.05859375
0 0.43701171875 0.38427734375 0.1162109375 0.0712890625
0 0.24658203125 0.3125 0.0595703125 0.056640625
0 0.462890625 0.52685546875 0.080078125 0.0791015625
0 0.41015625 0.57958984375 0.076171875 0.1181640625
0 0.58642578125 0.6240234375 0.0595703125 0.0859375
0 0.64208984375 0.56982421875 0.1396484375 0.1025390625
0 0.67333984375 0.53955078125 0.1572265625 0.1005859375
0 0.8349609375 0.57861328125 0.06640625 0.0654296875
0 0.95361328125 0.53271484375 0.0927734375 0.1474609375
0 0.97998046875 0.64794921875 0.0400390625 0.1162109375
0 0.29541015625 0.66748046875 0.1162109375 0.0654296875
0 0.06689453125 0.65771484375 0.1337890625 0.0615234375
0 0.11181640625 0.7314453125 0.1748046875 0.0625
0 0.32177734375 0.74365234375 0.0849609375 0.0576171875
0 0.3046875 0.78955078125 0.08984375 0.0615234375
0 0.626953125 0.96630859375 0.107421875 0.0673828125
0 0.03564453125 0.3759765625 0.0712890625 0.04296875
0 0.1142578125 0.275390625 0.083984375 0.04296875
0 0.296875 0.36865234375 0.046875 0.0380859375
0 0.3408203125 0.39794921875 0.060546875 0.0439453125
0 0.724609375 0.72607421875 0.0546875 0.0537109375
0 0.3203125 0.82861328125 0.044921875 0.0537109375
0 0.9130859375 0.6103515625 0.05859375 0.083984375
