0 0.029296875 0.69091796875 0.05859375 0.0869140625
0 0.224609375 0.96484375 0.095703125 0.0703125
0 0.90673828125 0.5634765625 0.0849609375 0.177734375
0 0.16064453125 0.55322265625 0.0966796875 0.1025390625
0 0.29736328125 0.60888671875 0.1025390625 0.0986328125
0 0.40087890625 0.1767578125 0.1181640625 0.115234375
0 0.87353515625 0.43115234375 0.1123046875 0.1337890625
0 0.20458984375 0.8447265625 0.0751953125 0.10546875
0 0.14111328125 0.169921875 0.1083984375 0.17578125
0 0.46923828125 0.416015625 0.1259765625 0.115234375
0 0.41552734375 0.607421875 0.1220703125 0.072265625
0 0.5546875 0.1083984375 0.1953125 0.126953125
0 0.3720703125 0.2763671875 0.087890625 0.078125
0 0.44091796875 0.31982421875 0.0771484375 0.1396484375
0 0.7431640625 0.97607421875 0.08203125 0.0478515625
0 0.44482421875 0.837890625 0.2001953125 0.09765625
0 0.49560546875 0.9658203125 0.0830078125 0.068359375
0 0.40234375 0.07080078125 0.138671875 0.1396484375
0 0.06103515625 0.3681640625 0.1220703125 0.09765625
0 0.81884765625 0.56884765625 0.1181640625 0.0693359375
0 0.07470703125 0.32177734375 0.0947265625 0.0654296875
0 0.7724609375 0.52294921875 0.14453125 0.1669921875
0 0.10546875 0.05078125 0.1171875 0.09765625
0 0.482421875 0.810546875 0.080078125 0.1875
0 0.26708984375 0.51708984375 0.0498046875 0.0751953125
0 0.54833984375 0.9423828125 0.0869140625 0.115234375
0 0.56494140625 0.04833984375 0.0830078125 0.0771484375
0 0.4931640625 0.62548828125 0.080078125 0.0751953125
