0 0.75390625 0.50537109375 0.06640625 0.0869140625
0 0.4658203125 0.46435546875 0.080078125 0.1103515625
0 0.03515625 0.04345703125 0.0703125 0.0751953125
0 0.1484375 0.1474609375 0.087890625 0.072265625
0 0.03857421875 0.32421875 0.0771484375 0.099609375
0 0.49365234375 0.953125 0.0947265625 0.06640625
0 0.53515625 0.40234375 0.12109375 0.0859375
0 0.453125 0.61376953125 0.087890625 0.0517578125
0 0.1845703125 0.11181640625 0.0546875 0.0771484375
0 0.392578125 0.2421875 0.09375 0.060546875
0 0.63916015625 0.93603515625 0.1318359375 0.0595703125
0 0.79248046875 0.22021484375 0.0693359375 0.0791015625
0 0.546875 0.6171875 0.041015625 0.0625
0 0.40478515625 0.06201171875 0.1123046875 0.1142578125
0 0.06103515625 0.830078125 0.0908203125 0.037109375
0 0.12109375 0.7978515625 0.072265625 0.04296875
0 0.32958984375 0.48291015625 0.0869140625 0.0517578125
0 0.3330078125 0.87744140625 0.08203125 0.0498046875
0 0.7841796875 0.2314453125 0.056640625 0.078125
0 0.716796875 0.57421875 0.05859375 0.060546875
0 0.14404296875 0.92822265625 0.1005859375 0.0439453125
0 0.68115234375 0.6708984375 0.0556640625 0.03125
0 0.51904296875 0.8115234375 0.1240234375 0.060546875
0 0.19677734375 0.50244140625 0.0634765625 0.0361328125
0 0.361328125 0.62255859375 0.0625 0.0400390625
0 0.5673828125 0.74169921875 0.0859375 0.0498046875
0 0.4208984375 0.5498046875 0.07421875 0.046875
0 0.02587890625 0.71435546875 0.0517578125 0.0244140625
0 0.8310546875 0.6015625 0.0625 0.048828125
0 0.0078125 0.79443359375 0.015625 0.0439453125
0 0.07958984375 0.564453125 0.0615234375 0.041015625
0 0.939453125 0.48486328125 0.064453125 0.0830078125
0 0.91357421875 0.935546875 0.0654296875 0.044921875
0 0.38671875 0.697265625 0.025390625 0.080078125
0 0.6474609375 0.47705078125 0.052734375 0.0537109375
0 0.90869140625 0.57861328125 0.1142578125 0.0556640625
0 0.85986328125 0.5263671875 0.0439453125 0.029296875
0 0.81982421875 0.64453125 0.0830078125 0.0546875
0 0.17919921875 0.02294921875 0.0478515625 0.0419921875
0 0.4482421875 0.89501953125 0.046875 0.0283203125
0 0.42041015625 0.63720703125 0.0732421875 0.0361328125
0 0.93310546875 0.2314453125 0.0537109375 0.056640625
0 0.0380859375 0.94970703125 0.076171875 0.0595703125
0 0.2626953125 0.75048828125 0.068359375 0.0439453125
0 0.4033203125 0.515625 0.064453125 0.037109375
0 0.5625 0.53857421875 0.037109375 0.0771484375
0 0.59326171875 0.61572265625 0.0732421875 0.0341796875
0 0.12255859375 0.6240234375 0.0654296875 0.0390625
0 0.71826171875 0.5478515625 0.0751953125 0.033203125
0 0.39501953125 0.9443359375 0.0771484375 0.04296875
0 0.2646484375 0.533203125 0.05859375 0.06640625
0 0.9873046875 0.50927734375 0.025390625 0.0732421875
0 0.83203125 0.95654296875 0.07421875 0.0400390625
0 0.61376953125 0.28515625 0.1435546875 0.052734375
0 0.009765625 0.7763671875 0.01953125 0.025390625
0 0.244140625 0.775390625 0.0859375 0.033203125
0 0.2841796875 0.07763671875 0.0703125 0.0419921875
0 0.86279296875 0.87841796875 0.0673828125 0.0322265625
0 0.06201171875 0.51513671875 0.0849609375 0.0654296875
0 0.8505859375 0.91650390625 0.072265625 0.0419921875
0 0.18017578125 0.66552734375 0.1005859375 0.0517578125
0 0.00732421875 0.9921875 0.0146484375 0.015625
0 0.36669921875 0.8662109375 0.0673828125 0.021484375
0 0.26171875 0.962890625 0.076171875 0.0390625
0 0.43408203125 0.70654296875 0.0908203125 0.0400390625
0 0.55810546875 0.79150390625 0.0966796875 0.0634765625
0 0.1298828125 0.23486328125 0.046875 0.0302734375
0 0.6552734375 0.6015625 0.076171875 0.0546875
0 0.3408203125 0.701171875 0.072265625 0.025390625
0 0.81201171875 0.84326171875 0.0869140625 0.0400390625
0 0.30615234375 0.935546875 0.0908203125 0.03515625
0 0.4619140625 0.8701171875 0.04296875 0.03515625
0 0.7275390625 0.18408203125 0.060546875 0.0888671875
0 0.3544921875 0.9541015625 0.05859375 0.044921875
0 0.3115234375 0.01416015625 0.029296875 0.0263671875
0 0.3291015625 0.77685546875 0.103515625 0.0361328125
0 0.5263671875 0.26953125 0.080078125 0.1171875
0 0.4140625 0.7177734375 0.07421875 0.0859375
0 0.240234375 0.92822265625 0.083984375 0.0439453125
0 0.87841796875 0.0107421875 0.0849609375 0.021484375
0 0.60009765625 0.9697265625 0.1181640625 0.044921875
0 0.0751953125 0.49609375 0.087890625 0.087890625
0 0.984375 0.89404296875 0.03125 0.0966796875
