0 0.15234375 0.32275390625 0.125 0.0830078125
0 0.02685546875 0.3544921875 0.0537109375 0.0625
0 0.0322265625 0.45654296875 0.064453125 0.0693359375
0 0.0341796875 0.189453125 0.068359375 0.056640625
0 0.1806640625 0.1318359375 0.072265625 0.064453125
0 0.34619140625 0.1162109375 0.1142578125 0.056640625
0 0.46875 0.0380859375 0.078125 0.060546875
0 0.57568359375 0.02880859375 0.1083984375 0.0576171875
0 0.666015625 0.033203125 0.1484375 0.06640625
0 0.64208984375 0.0966796875 0.1220703125 0.076171875
0 0.63818359375 0.1826171875 0.1083984375 0.11328125
0 0.94921875 0.09326171875 0.1015625 0.0576171875
0 0.96484375 0.17529296875 0.0703125 0.0888671875
0 0.8525390625 0.306640625 0.130859375 0.173828125
0 0.95751953125 0.3173828125 0.0849609375 0.05078125
0 0.9599609375 0.361328125 0.080078125 0.05078125
0 0.47607421875 0.22705078125 0.1279296875 0.0556640625
0 0.53955078125 0.14208984375 0.0439453125 0.1103515625
0 0.3642578125 0.27099609375 0.087890625 0.0615234375
0 0.53076171875 0.28955078125 0.1142578125 0.0537109375
0 0.484375 0.34130859375 0.083984375 0.0615234375
0 0.49072265625 0.39404296875 0.1064453125 0.0439453125
0 0.50341796875 0.43994140625 0.0791015625 0.0947265625
0 0.662109375 0.34130859375 0.048828125 0.0615234375
0 0.72998046875 0.3701171875 0.0654296875 0.083984375
0 0.81982421875 0.43212890625 0.0693359375 0.0556640625
0 0.8740234375 0.4443359375 0.0625 0.072265625
0 0.8642578125 0.50390625 0.107421875 0.080078125
0 0.73779296875 0.2822265625 0.0693359375 0.052734375
0 0.90380859375 0.61181640625 0.1240234375 0.0810546875
0 0.7919921875 0.65771484375 0.15234375 0.0693359375
0 0.583984375 0.5712890625 0.064453125 0.041015625
0 0.55419921875 0.630859375 0.0712890625 0.05078125
0 0.62548828125 0.64990234375 0.0615234375 0.0439453125
0 0.6552734375 0.76611328125 0.0546875 0.0751953125
0 0.8720703125 0.77099609375 0.1328125 0.0693359375
0 0.37646484375 0.68212890625 0.0615234375 0.0576171875
0 0.46826171875 0.71533203125 0.1044921875 0.0595703125
0 0.3662109375 0.76318359375 0.126953125 0.0693359375
0 0.49365234375 0.80322265625 0.0751953125 0.0576171875
0 0.55126953125 0.78515625 0.0595703125 0.0625
0 0.45361328125 0.8798828125 0.0927734375 0.05859375
0 0.38525390625 0.89892578125 0.0537109375 0.0478515625
0 0.32275390625 0.8486328125 0.0673828125 0.068359375
0 0.79931640625 0.9208984375 0.0888671875 0.060546875
0 0.9287109375 0.96826171875 0.076171875 0.0634765625
0 0.59033203125 0.9775390625 0.1083984375 0.044921875
0 0.45654296875 0.9833984375 0.0654296875 0.033203125
0 0.25048828125 0.95703125 0.0654296875 0.068359375
0 0.03125 0.94580078125 0.0625 0.0595703125
0 0.0615234375 0.67138671875 0.072265625 0.0595703125
0 0.06640625 0.73876953125 0.076171875 0.0556640625
0 0.13330078125 0.626953125 0.0849609375 0.064453125
0 0.20263671875 0.58154296875 0.0771484375 0.0634765625
0 0.20654296875 0.47021484375 0.0654296875 0.0791015625
0 0.275390625 0.4521484375 0.068359375 0.06640625
0 0.3115234375 0.501953125 0.0625 0.048828125
0 0.02197265625 0.0703125 0.0439453125 0.08203125
0 0.068359375 0.02294921875 0.07421875 0.0458984375
0 0.0302734375 0.5185546875 0.060546875 0.05859375
0 0.62890625 0.271484375 0.107421875 0.064453125
0 0.94677734375 0.73681640625 0.0712890625 0.0791015625
