0 0.04736328125 0.13916015625 0.0947265625 0.1728515625
0 0.23046875 0.1806640625 0.21484375 0.13671875
0 0.15283203125 0.255859375 0.1357421875 0.09765625
0 0.0478515625 0.359375 0.095703125 0.11328125
0 0.11181640625 0.31591796875 0.2236328125 0.1064453125
0 0.185546875 0.365234375 0.08984375 0.162109375
0 0.2802734375 0.32568359375 0.109375 0.0654296875
0 0.25830078125 0.51318359375 0.0830078125 0.2998046875
0 0.04296875 0.5458984375 0.068359375 0.158203125
0 0.39306640625 0.42626953125 0.0498046875 0.0537109375
0 0.34912109375 0.462890625 0.0537109375 0.087890625
0 0.4580078125 0.5244140625 0.080078125 0.080078125
0 0.19580078125 0.6611328125 0.1943359375 0.087890625
0 0.06640625 0.65576171875 0.125 0.1083984375
0 0.07275390625 0.7392578125 0.0615234375 0.19140625
0 0.11376953125 0.79931640625 0.0751953125 0.0693359375
0 0.0244140625 0.7841796875 0.048828125 0.08984375
0 0.27978515625 0.91064453125 0.0693359375 0.0947265625
0 0.33935546875 0.7529296875 0.0634765625 0.115234375
0 0.89453125 0.9765625 0.09375 0.046875
0 0.6357421875 0.97705078125 0.078125 0.0458984375
0 0.68994140625 0.970703125 0.0576171875 0.05859375
0 0.62890625 0.9072265625 0.119140625 0.091796875
0 0.5126953125 0.97314453125 0.166015625 0.0537109375
0 0.56640625 0.82568359375 0.12109375 0.0517578125
0 0.408203125 0.75830078125 0.126953125 0.1611328125
0 0.50390625 0.75537109375 0.12109375 0.0732421875
0 0.59228515625 0.6015625 0.0830078125 0.0703125
0 0.53125 0.6357421875 0.068359375 0.05078125
0 0.54052734375 0.5244140625 0.0693359375 0.07421875
0 0.78564453125 0.5654296875 0.0732421875 0.123046875
0 0.75390625 0.669921875 0.193359375 0.0859375
0 0.8984375 0.61376953125 0.046875 0.0478515625
0 0.87060546875 0.67138671875 0.0986328125 0.0810546875
0 0.96240234375 0.5595703125 0.0751953125 0.076171875
0 0.87744140625 0.5224609375 0.0693359375 0.07421875
0 0.9833984375 0.40380859375 0.033203125 0.0908203125
0 0.96826171875 0.3349609375 0.0634765625 0.0859375
0 0.9423828125 0.21728515625 0.115234375 0.0888671875
0 0.861328125 0.2216796875 0.083984375 0.10546875
0 0.65185546875 0.2412109375 0.0732421875 0.091796875
0 0.66162109375 0.16455078125 0.0537109375 0.0498046875
0 0.75390625 0.14453125 0.091796875 0.08203125
0 0.87109375 0.08837890625 0.068359375 0.0595703125
0 0.1357421875 0.74853515625 0.056640625 0.0322265625
0 0.0380859375 0.81884765625 0.03515625 0.0595703125
0 0.783203125 0.98291015625 0.11328125 0.0341796875
0 0.99072265625 0.50048828125 0.0185546875 0.0537109375
0 0.20654296875 0.25341796875 0.1083984375 0.0791015625
