0 0.3935546875 0.95556640625 0.076171875 0.0673828125
0 0.24365234375 0.9619140625 0.0693359375 0.072265625
0 0.46630859375 0.9638671875 0.0693359375 0.06640625
0 0.93798828125 0.4501953125 0.1142578125 0.099609375
0 0.5380859375 0.46435546875 0.07421875 0.0712890625
0 0.37939453125 0.435546875 0.0927734375 0.078125
0 0.8193359375 0.4228515625 0.087890625 0.099609375
0 0.9609375 0.251953125 0.03125 0.09765625
0 0.83251953125 0.34521484375 0.0361328125 0.0810546875
0 0.5478515625 0.298828125 0.044921875 0.083984375
0 0.32568359375 0.34521484375 0.0732421875 0.0615234375
0 0.44482421875 0.34130859375 0.0712890625 0.0654296875
0 0.8759765625 0.48876953125 0.08984375 0.0673828125
0 0.47216796875 0.759765625 0.0654296875 0.044921875
0 0.2490234375 0.74560546875 0.06640625 0.0458984375
0 0.341796875 0.314453125 0.091796875 0.05859375
0 0.732421875 0.29833984375 0.0625 0.0458984375
0 0.67578125 0.404296875 0.087890625 0.03125
0 0.17041015625 0.41259765625 0.0556640625 0.0439453125
0 0.978515625 0.416015625 0.04296875 0.0390625
0 0.654296875 0.3671875 0.08203125 0.0390625
0 0.623046875 0.966796875 0.068359375 0.056640625
0 0.47802734375 0.5341796875 0.0537109375 0.056640625
0 0.4169921875 0.3828125 0.029296875 0.091796875
0 0.26513671875 0.5498046875 0.0986328125 0.0625
0 0.6884765625 0.712890625 0.0625 0.044921875
0 0.4873046875 0.42724609375 0.064453125 0.0791015625
0 0.66796875 0.65087890625 0.126953125 0.0595703125
0 0.75439453125 0.8466796875 0.0654296875 0.044921875
0 0.61279296875 0.50146484375 0.0498046875 0.0576171875
0 0.0693359375 0.091796875 0.103515625 0.048828125
0 0.88818359375 0.35302734375 0.0517578125 0.0478515625
0 0.2568359375 0.302734375 0.095703125 0.052734375
0 0.78271484375 0.71533203125 0.0654296875 0.0712890625
0 0.5283203125 0.0634765625 0.076171875 0.064453125
0 0.69287109375 0.4873046875 0.0498046875 0.021484375
0 0.97802734375 0.98193359375 0.0400390625 0.0322265625
0 0.5546875 0.9677734375 0.041015625 0.05859375
0 0.669921875 0.74755859375 0.05078125 0.0244140625
0 0.24365234375 0.35888671875 0.0849609375 0.0576171875
0 0.8759765625 0.0927734375 0.0546875 0.06640625
0 0.63037109375 0.07861328125 0.0751953125 0.0400390625
0 0.21875 0.681640625 0.12890625 0.0625
0 0.07470703125 0.02099609375 0.0888671875 0.0419921875
0 0.4033203125 0.52734375 0.0546875 0.029296875
0 0.62548828125 0.0322265625 0.2216796875 0.064453125
0 0.0244140625 0.0859375 0.048828125 0.09765625
0 0.33447265625 0.32666015625 0.0830078125 0.0654296875
0 0.01513671875 0.98974609375 0.0302734375 0.0205078125
0 0.69677734375 0.3671875 0.0322265625 0.05859375
0 0.07470703125 0.126953125 0.0654296875 0.037109375
0 0.42333984375 0.37890625 0.0322265625 0.091796875
0 0.57666015625 0.0107421875 0.0732421875 0.021484375
0 0.982421875 0.326171875 0.03515625 0.056640625
0 0.8984375 0.7109375 0.046875 0.052734375
0 0.13525390625 0.53515625 0.0693359375 0.044921875
0 0.43310546875 0.294921875 0.0908203125 0.044921875
0 0.40380859375 0.4716796875 0.0712890625 0.0546875
0 0.537109375 0.40380859375 0.0625 0.0498046875
0 0.755859375 0.669921875 0.056640625 0.0546875
