0 0.56005859375 0.03466796875 0.0849609375 0.0693359375
0 0.41259765625 0.02197265625 0.0927734375 0.0439453125
0 0.3388671875 0.025390625 0.06640625 0.05078125
0 0.1328125 0.2353515625 0.056640625 0.06640625
0 0.14990234375 0.2890625 0.0986328125 0.05859375
0 0.08203125 0.27001953125 0.068359375 0.0869140625
0 0.025390625 0.328125 0.044921875 0.0625
0 0.41552734375 0.27197265625 0.0712890625 0.0673828125
0 0.48681640625 0.34619140625 0.0693359375 0.0673828125
0 0.30615234375 0.3837890625 0.0634765625 0.07421875
0 0.35791015625 0.4296875 0.0595703125 0.134765625
0 0.3916015625 0.49951171875 0.068359375 0.0732421875
0 0.22900390625 0.51318359375 0.1455078125 0.0830078125
0 0.13427734375 0.4736328125 0.0869140625 0.064453125
0 0.05810546875 0.40380859375 0.1064453125 0.0712890625
0 0.0517578125 0.482421875 0.06640625 0.056640625
0 0.27587890625 0.60498046875 0.0908203125 0.0771484375
0 0.3515625 0.5771484375 0.05859375 0.068359375
0 0.32177734375 0.72998046875 0.0869140625 0.1103515625
0 0.4169921875 0.74560546875 0.064453125 0.0556640625
0 0.529296875 0.73583984375 0.072265625 0.0615234375
0 0.59814453125 0.69140625 0.0712890625 0.072265625
0 0.0673828125 0.81787109375 0.08984375 0.0771484375
0 0.15234375 0.8505859375 0.06640625 0.068359375
0 0.154296875 0.9052734375 0.06640625 0.05078125
0 0.216796875 0.9091796875 0.064453125 0.060546875
0 0.2763671875 0.87841796875 0.07421875 0.0615234375
0 0.34375 0.8125 0.068359375 0.068359375
0 0.37841796875 0.83935546875 0.0634765625 0.0556640625
0 0.3076171875 0.92919921875 0.095703125 0.0732421875
0 0.3818359375 0.94677734375 0.109375 0.0869140625
0 0.08984375 0.986328125 0.072265625 0.02734375
0 0.41259765625 0.98095703125 0.0693359375 0.0380859375
0 0.4833984375 0.966796875 0.07421875 0.06640625
0 0.4892578125 0.90234375 0.060546875 0.060546875
0 0.56298828125 0.88134765625 0.0576171875 0.0712890625
0 0.55712890625 0.93603515625 0.0693359375 0.0654296875
0 0.61669921875 0.92626953125 0.0654296875 0.0712890625
0 0.9306640625 0.9609375 0.06640625 0.078125
0 0.7509765625 0.81982421875 0.0546875 0.0771484375
0 0.8046875 0.83984375 0.072265625 0.0625
0 0.94140625 0.69384765625 0.09765625 0.0751953125
0 0.9638671875 0.81982421875 0.072265625 0.0869140625
0 0.84130859375 0.5830078125 0.1005859375 0.068359375
0 0.75732421875 0.42333984375 0.0869140625 0.0751953125
0 0.8994140625 0.43896484375 0.119140625 0.0869140625
0 0.9267578125 0.02294921875 0.083984375 0.0458984375
0 0.26513671875 0.06640625 0.0537109375 0.05859375
0 0.22998046875 0.96484375 0.0615234375 0.03515625
0 0.6591796875 0.013671875 0.044921875 0.02734375
0 0.10693359375 0.95654296875 0.1025390625 0.0361328125
