0 0.96240234375 0.6298828125 0.0751953125 0.125
0 0.9072265625 0.43212890625 0.08984375 0.0849609375
0 0.66064453125 0.36962890625 0.0771484375 0.0751953125
0 0.537109375 0.28466796875 0.08984375 0.0947265625
0 0.4541015625 0.0966796875 0.0859375 0.0859375
0 0.880859375 0.73828125 0.142578125 0.123046875
0 0.73583984375 0.68701171875 0.0771484375 0.0849609375
0 0.75537109375 0.05224609375 0.0927734375 0.0869140625
0 0.77197265625 0.853515625 0.1201171875 0.107421875
0 0.6767578125 0.5166015625 0.16015625 0.125
0 0.23486328125 0.20703125 0.0751953125 0.0859375
0 0.79833984375 0.9560546875 0.1318359375 0.087890625
0 0.80859375 0.234375 0.1171875 0.134765625
0 0.103515625 0.13818359375 0.09765625 0.0830078125
0 0.67236328125 0.96240234375 0.1201171875 0.0751953125
0 0.1884765625 0.80810546875 0.1328125 0.1474609375
0 0.0810546875 0.01953125 0.09765625 0.0390625
0 0.77197265625 0.193359375 0.1005859375 0.087890625
0 0.19970703125 0.037109375 0.1044921875 0.07421875
0 0.501953125 0.9609375 0.134765625 0.078125
0 0.05712890625 0.37939453125 0.1005859375 0.1005859375
