0 0.87060546875 0.6533203125 0.0927734375 0.08203125
0 0.74951171875 0.34716796875 0.0498046875 0.0556640625
0 0.88330078125 0.2216796875 0.0869140625 0.125
0 0.11572265625 0.6630859375 0.0771484375 0.15234375
0 0.87841796875 0.79443359375 0.0673828125 0.1142578125
0 0.1162109375 0.9501953125 0.07421875 0.099609375
0 0.8544921875 0.04248046875 0.080078125 0.0849609375
0 0.85693359375 0.57470703125 0.0693359375 0.0654296875
0 0.7998046875 0.0546875 0.0703125 0.080078125
0 0.97998046875 0.5859375 0.0400390625 0.10546875
0 0.8359375 0.8447265625 0.078125 0.080078125
0 0.1123046875 0.77587890625 0.099609375 0.0771484375
0 0.94921875 0.58349609375 0.08984375 0.0927734375
0 0.828125 0.2333984375 0.072265625 0.087890625
0 0.8369140625 0.15234375 0.0546875 0.0546875
0 0.73828125 0.4248046875 0.1015625 0.125
0 0.841796875 0.421875 0.0546875 0.064453125
0 0.0595703125 0.8134765625 0.0703125 0.123046875
0 0.03955078125 0.89306640625 0.0595703125 0.1220703125
0 0.9443359375 0.7958984375 0.08984375 0.072265625
0 0.92822265625 0.83203125 0.0966796875 0.119140625
0 0.93994140625 0.9501953125 0.0849609375 0.099609375
0 0.89990234375 0.970703125 0.0478515625 0.056640625
0 0.8603515625 0.96533203125 0.044921875 0.0693359375
0 0.80859375 0.9375 0.048828125 0.111328125
