0 0.0283203125 0.0458984375 0.056640625 0.091796875
0 0.27294921875 0.0859375 0.0810546875 0.064453125
0 0.513671875 0.060546875 0.140625 0.11328125
0 0.5361328125 0.1513671875 0.111328125 0.099609375
0 0.37890625 0.23974609375 0.126953125 0.1337890625
0 0.15966796875 0.21240234375 0.0751953125 0.0830078125
0 0.07177734375 0.232421875 0.1181640625 0.115234375
0 0.203125 0.423828125 0.119140625 0.08984375
0 0.0810546875 0.400390625 0.12890625 0.0859375
0 0.7314453125 0.3173828125 0.1015625 0.10546875
0 0.853515625 0.20751953125 0.115234375 0.0888671875
0 0.8935546875 0.462890625 0.103515625 0.111328125
0 0.8935546875 0.60693359375 0.111328125 0.0771484375
0 0.7392578125 0.63037109375 0.125 0.1162109375
0 0.63134765625 0.48095703125 0.0751953125 0.0986328125
0 0.7275390625 0.41748046875 0.0703125 0.0908203125
0 0.361328125 0.50146484375 0.134765625 0.0966796875
0 0.474609375 0.59033203125 0.091796875 0.0810546875
0 0.05712890625 0.69873046875 0.0615234375 0.0712890625
0 0.03271484375 0.60595703125 0.0654296875 0.0908203125
0 0.103515625 0.78515625 0.123046875 0.08984375
0 0.166015625 0.876953125 0.1015625 0.140625
0 0.27392578125 0.80615234375 0.0830078125 0.0986328125
0 0.3984375 0.787109375 0.08984375 0.09765625
0 0.67919921875 0.7255859375 0.1591796875 0.06640625
0 0.6845703125 0.85205078125 0.111328125 0.0908203125
0 0.716796875 0.9677734375 0.0703125 0.064453125
0 0.3994140625 0.95361328125 0.146484375 0.0927734375
0 0.28662109375 0.92041015625 0.0615234375 0.0732421875
0 0.94580078125 0.853515625 0.1083984375 0.076171875
0 0.86669921875 0.76904296875 0.0810546875 0.0693359375
0 0.94287109375 0.734375 0.0908203125 0.115234375
