0 0.35498046875 0.23876953125 0.2373046875 0.0830078125
0 0.48193359375 0.06005859375 0.2255859375 0.0927734375
0 0.92236328125 0.44287109375 0.1552734375 0.1103515625
0 0.48193359375 0.49853515625 0.1787109375 0.0849609375
0 0.31201171875 0.85498046875 0.1845703125 0.0888671875
0 0.10400390625 0.3603515625 0.1826171875 0.099609375
0 0.31982421875 0.02978515625 0.1513671875 0.0595703125
0 0.81591796875 0.2890625 0.2919921875 0.087890625
0 0.76318359375 0.47900390625 0.2451171875 0.0966796875
0 0.9736328125 0.2607421875 0.052734375 0.08203125
0 0.25830078125 0.20751953125 0.2880859375 0.0654296875
0 0.04833984375 0.6435546875 0.0966796875 0.103515625
0 0.087890625 0.7109375 0.103515625 0.09375
0 0.56494140625 0.90625 0.1240234375 0.1875
0 0.2099609375 0.259765625 0.228515625 0.091796875
0 0.49072265625 0.37939453125 0.1123046875 0.0517578125
0 0.8388671875 0.34814453125 0.29296875 0.1533203125
