0 0.02001953125 0.94091796875 0.0400390625 0.0830078125
0 0.328125 0.85888671875 0.115234375 0.0712890625
0 0.36474609375 0.9208984375 0.0712890625 0.07421875
0 0.42333984375 0.95849609375 0.0966796875 0.0693359375
0 0.31884765625 0.75830078125 0.0693359375 0.0771484375
0 0.2216796875 0.80126953125 0.056640625 0.0517578125
0 0.1533203125 0.76513671875 0.095703125 0.0634765625
0 0.013671875 0.697265625 0.02734375 0.140625
0 0.0390625 0.62060546875 0.0625 0.1240234375
0 0.08447265625 0.51416015625 0.0693359375 0.1064453125
0 0.01611328125 0.419921875 0.0322265625 0.078125
0 0.02197265625 0.36376953125 0.0439453125 0.0478515625
0 0.091796875 0.33984375 0.103515625 0.068359375
0 0.2412109375 0.4794921875 0.107421875 0.1015625
0 0.375 0.4287109375 0.1171875 0.103515625
0 0.34033203125 0.5439453125 0.1064453125 0.095703125
0 0.36474609375 0.3232421875 0.1376953125 0.123046875
0 0.26806640625 0.28271484375 0.1650390625 0.1083984375
0 0.4873046875 0.4521484375 0.06640625 0.07421875
0 0.515625 0.33349609375 0.091796875 0.1025390625
0 0.6005859375 0.400390625 0.076171875 0.11328125
0 0.5869140625 0.48388671875 0.056640625 0.0556640625
0 0.521484375 0.64111328125 0.0859375 0.0732421875
0 0.341796875 0.6962890625 0.07421875 0.0703125
0 0.56005859375 0.77490234375 0.0595703125 0.0732421875
0 0.5908203125 0.8173828125 0.07421875 0.072265625
0 0.6552734375 0.767578125 0.060546875 0.07421875
0 0.66064453125 0.88525390625 0.1240234375 0.0673828125
0 0.72607421875 0.94189453125 0.0634765625 0.1123046875
0 0.765625 0.57861328125 0.0859375 0.0888671875
0 0.73388671875 0.439453125 0.0771484375 0.0625
0 0.92431640625 0.5224609375 0.1064453125 0.091796875
0 0.9677734375 0.72705078125 0.064453125 0.1279296875
0 0.85400390625 0.95556640625 0.1005859375 0.0888671875
0 0.92822265625 0.96923828125 0.0595703125 0.0615234375
0 0.8603515625 0.2294921875 0.09375 0.087890625
0 0.71728515625 0.22705078125 0.0595703125 0.0654296875
0 0.71923828125 0.17529296875 0.1064453125 0.0576171875
0 0.443359375 0.22216796875 0.140625 0.1435546875
0 0.326171875 0.107421875 0.078125 0.1015625
0 0.1552734375 0.06884765625 0.0625 0.0595703125
0 0.51318359375 0.12841796875 0.1494140625 0.2568359375
0 0.77880859375 0.0419921875 0.1064453125 0.0703125
0 0.89404296875 0.02392578125 0.0478515625 0.0478515625
0 0.58154296875 0.3017578125 0.0478515625 0.048828125
0 0.44287109375 0.41015625 0.0380859375 0.076171875
0 0.01171875 0.32275390625 0.0234375 0.0869140625
0 0.205078125 0.98779296875 0.12109375 0.0244140625
0 0.3623046875 0.97705078125 0.060546875 0.0458984375
0 0.990234375 0.86669921875 0.01953125 0.0576171875
0 0.4833984375 0.98095703125 0.052734375 0.0380859375
