0 0.18017578125 0.77490234375 0.1005859375 0.0810546875
0 0.25390625 0.42333984375 0.11328125 0.0908203125
0 0.044921875 0.52197265625 0.08984375 0.0966796875
0 0.35400390625 0.58251953125 0.0908203125 0.1005859375
0 0.6962890625 0.20068359375 0.06640625 0.0849609375
0 0.55810546875 0.90869140625 0.0908203125 0.0810546875
0 0.1240234375 0.5283203125 0.1171875 0.103515625
0 0.8427734375 0.4306640625 0.091796875 0.0703125
0 0.099609375 0.78662109375 0.126953125 0.0947265625
0 0.20849609375 0.27197265625 0.1298828125 0.0849609375
0 0.61328125 0.18212890625 0.095703125 0.1396484375
0 0.19921875 0.52001953125 0.09765625 0.1337890625
0 0.68798828125 0.96533203125 0.1337890625 0.0693359375
0 0.80810546875 0.2998046875 0.0771484375 0.16015625
0 0.546875 0.07666015625 0.1171875 0.0732421875
0 0.84521484375 0.73828125 0.1064453125 0.095703125
0 0.044921875 0.39697265625 0.08984375 0.0751953125
0 0.92333984375 0.78564453125 0.0966796875 0.1005859375
0 0.98583984375 0.35791015625 0.0283203125 0.0810546875
0 0.2646484375 0.6767578125 0.123046875 0.091796875
0 0.34912109375 0.8427734375 0.1064453125 0.107421875
0 0.4462890625 0.64013671875 0.103515625 0.1494140625
0 0.65234375 0.50244140625 0.107421875 0.0732421875
0 0.568359375 0.2607421875 0.103515625 0.07421875
0 0.650390625 0.337890625 0.126953125 0.072265625
0 0.69091796875 0.41943359375 0.1240234375 0.0849609375
0 0.7451171875 0.39208984375 0.05859375 0.0927734375
0 0.3134765625 0.65283203125 0.0859375 0.0673828125
0 0.15625 0.3681640625 0.076171875 0.064453125
0 0.072265625 0.34375 0.107421875 0.115234375
0 0.8935546875 0.6767578125 0.05859375 0.06640625
0 0.52978515625 0.01708984375 0.0576171875 0.0341796875
