0 0.03564453125 0.98046875 0.0712890625 0.0390625
0 0.03515625 0.83984375 0.0703125 0.0625
0 0.10498046875 0.306640625 0.0791015625 0.06640625
0 0.08203125 0.435546875 0.052734375 0.06640625
0 0.02294921875 0.48193359375 0.0458984375 0.0537109375
0 0.02734375 0.4052734375 0.0546875 0.056640625
0 0.1259765625 0.08837890625 0.109375 0.0732421875
0 0.2119140625 0.0380859375 0.0625 0.0625
0 0.29345703125 0.14990234375 0.1142578125 0.1044921875
0 0.23095703125 0.2255859375 0.0947265625 0.119140625
0 0.28466796875 0.3125 0.0693359375 0.09765625
0 0.345703125 0.35791015625 0.091796875 0.0634765625
0 0.3125 0.42041015625 0.0703125 0.0537109375
0 0.18701171875 0.521484375 0.0693359375 0.068359375
0 0.19189453125 0.5791015625 0.0595703125 0.048828125
0 0.39013671875 0.5068359375 0.0556640625 0.0625
0 0.3017578125 0.568359375 0.0703125 0.05078125
0 0.35986328125 0.60205078125 0.0947265625 0.0595703125
0 0.35107421875 0.72265625 0.0810546875 0.08203125
0 0.26025390625 0.7607421875 0.0576171875 0.078125
0 0.1767578125 0.80078125 0.0703125 0.0546875
0 0.32861328125 0.89990234375 0.0947265625 0.0615234375
0 0.4521484375 0.93603515625 0.078125 0.0634765625
0 0.58984375 0.6376953125 0.083984375 0.126953125
0 0.5810546875 0.45263671875 0.068359375 0.0869140625
0 0.546875 0.36767578125 0.09375 0.0478515625
0 0.6171875 0.2978515625 0.064453125 0.072265625
0 0.568359375 0.25 0.064453125 0.072265625
0 0.45068359375 0.1806640625 0.0595703125 0.09765625
0 0.671875 0.10693359375 0.103515625 0.0537109375
0 0.61279296875 0.0263671875 0.0986328125 0.052734375
0 0.720703125 0.37841796875 0.06640625 0.0771484375
0 0.77587890625 0.4697265625 0.0771484375 0.05078125
0 0.87353515625 0.49853515625 0.0654296875 0.0654296875
0 0.7431640625 0.587890625 0.068359375 0.072265625
0 0.8798828125 0.6015625 0.115234375 0.1015625
0 0.984375 0.5341796875 0.03125 0.0703125
0 0.9453125 0.4365234375 0.05078125 0.0703125
0 0.83251953125 0.248046875 0.0498046875 0.095703125
0 0.97265625 0.26904296875 0.0546875 0.0556640625
0 0.97998046875 0.21630859375 0.0400390625 0.0595703125
0 0.96923828125 0.1025390625 0.0615234375 0.1171875
0 0.75390625 0.056640625 0.068359375 0.06640625
0 0.962890625 0.724609375 0.072265625 0.0703125
0 0.833984375 0.7802734375 0.0625 0.068359375
0 0.97705078125 0.8115234375 0.0458984375 0.0703125
0 0.96240234375 0.93017578125 0.0693359375 0.0771484375
0 0.86181640625 0.8896484375 0.0615234375 0.091796875
0 0.80419921875 0.94580078125 0.0654296875 0.0966796875
0 0.9150390625 0.9716796875 0.06640625 0.056640625
0 0.677734375 0.9462890625 0.0703125 0.06640625
0 0.58154296875 0.93359375 0.0498046875 0.05078125
0 0.56689453125 0.98681640625 0.1005859375 0.0263671875
0 0.849609375 0.984375 0.052734375 0.03125
0 0.912109375 0.89697265625 0.072265625 0.0361328125
0 0.5341796875 0.6103515625 0.064453125 0.0703125
0 0.08642578125 0.37890625 0.0517578125 0.0703125
0 0.7099609375 0.21728515625 0.04296875 0.0947265625
0 0.32666015625 0.0205078125 0.0634765625 0.041015625
0 0.111328125 0.47119140625 0.048828125 0.0517578125
0 0.0439453125 0.5908203125 0.052734375 0.138671875
