0 0.79833984375 0.38330078125 0.0830078125 0.1025390625
0 0.26708984375 0.29443359375 0.1005859375 0.0693359375
0 0.94189453125 0.041015625 0.0947265625 0.08203125
0 0.16845703125 0.470703125 0.0869140625 0.0625
0 0.83203125 0.845703125 0.08984375 0.08203125
0 0.81982421875 0.22705078125 0.0751953125 0.0751953125
0 0.36328125 0.8310546875 0.08203125 0.107421875
0 0.55419921875 0.20556640625 0.0849609375 0.0830078125
0 0.72119140625 0.97607421875 0.0849609375 0.0478515625
0 0.13330078125 0.39990234375 0.0771484375 0.0751953125
0 0.046875 0.83935546875 0.08984375 0.1044921875
0 0.86962890625 0.58349609375 0.0849609375 0.0673828125
0 0.484375 0.41845703125 0.08984375 0.0927734375
0 0.16455078125 0.83935546875 0.0791015625 0.0751953125
0 0.9697265625 0.61328125 0.060546875 0.1015625
0 0.849609375 0.1484375 0.0703125 0.08203125
0 0.04345703125 0.02294921875 0.0869140625 0.0458984375
0 0.0380859375 0.50341796875 0.076171875 0.0947265625
0 0.4658203125 0.9072265625 0.078125 0.08984375
0 0.3046875 0.19189453125 0.0703125 0.0751953125
0 0.41064453125 0.11572265625 0.0771484375 0.0771484375
0 0.65087890625 0.81689453125 0.0830078125 0.0654296875
0 0.15185546875 0.08984375 0.1044921875 0.080078125
0 0.51806640625 0.751953125 0.0771484375 0.095703125
0 0.703125 0.63720703125 0.072265625 0.0751953125
0 0.2333984375 0.9541015625 0.078125 0.080078125
0 0.2529296875 0.67333984375 0.072265625 0.0830078125
0 0.67578125 0.38818359375 0.072265625 0.0927734375
0 0.619140625 0.5517578125 0.080078125 0.080078125
0 0.90087890625 0.76318359375 0.0830078125 0.1025390625
0 0.359375 0.63720703125 0.060546875 0.1201171875
0 0.68701171875 0.56982421875 0.0693359375 0.0498046875
0 0.76953125 0.6611328125 0.099609375 0.072265625
0 0.86474609375 0.7158203125 0.0595703125 0.0625
0 0.017578125 0.20751953125 0.03515625 0.0732421875
0 0.0185546875 0.15283203125 0.037109375 0.0556640625
0 0.384765625 0.41259765625 0.044921875 0.0654296875
