0 0.82421875 0.02294921875 0.14453125 0.0458984375
0 0.3505859375 0.36328125 0.109375 0.130859375
0 0.7373046875 0.21533203125 0.103515625 0.1064453125
0 0.49853515625 0.63818359375 0.1123046875 0.1416015625
0 0.64794921875 0.61376953125 0.1162109375 0.1611328125
0 0.80322265625 0.51025390625 0.1103515625 0.1708984375
0 0.0595703125 0.57861328125 0.119140625 0.0771484375
0 0.16064453125 0.45654296875 0.1083984375 0.0830078125
0 0.14990234375 0.7822265625 0.0791015625 0.15625
0 0.248046875 0.87646484375 0.12109375 0.1689453125
0 0.05078125 0.71875 0.1015625 0.091796875
0 0.55908203125 0.9169921875 0.1220703125 0.166015625
0 0.837890625 0.7333984375 0.166015625 0.1171875
0 0.93359375 0.87060546875 0.099609375 0.0791015625
0 0.6513671875 0.03271484375 0.115234375 0.0654296875
0 0.638671875 0.10546875 0.08984375 0.05859375
0 0.171875 0.376953125 0.09765625 0.0625
0 0.3310546875 0.58056640625 0.091796875 0.1435546875
0 0.45947265625 0.40869140625 0.1103515625 0.1162109375
0 0.38134765625 0.2060546875 0.1376953125 0.087890625
0 0.2353515625 0.14404296875 0.150390625 0.1162109375
0 0.15966796875 0.228515625 0.1474609375 0.072265625
0 0.37744140625 0.0927734375 0.0869140625 0.0859375
0 0.08984375 0.38525390625 0.080078125 0.0751953125
0 0.00830078125 0.37158203125 0.0166015625 0.1123046875
0 0.4013671875 0.88232421875 0.08203125 0.0810546875
0 0.48388671875 0.8857421875 0.0595703125 0.072265625
0 0.61376953125 0.7802734375 0.0693359375 0.068359375
0 0.955078125 0.5087890625 0.08984375 0.072265625
0 0.89501953125 0.37841796875 0.1005859375 0.0888671875
0 0.7041015625 0.32177734375 0.09375 0.0556640625
0 0.5009765625 0.24853515625 0.087890625 0.0693359375
0 0.9609375 0.24560546875 0.078125 0.1103515625
0 0.265625 0.33056640625 0.052734375 0.0810546875
