0 0.3818359375 0.4833984375 0.125 0.08203125
0 0.21484375 0.75732421875 0.08984375 0.1103515625
0 0.3232421875 0.78955078125 0.08203125 0.1103515625
0 0.77099609375 0.21826171875 0.1025390625 0.0673828125
0 0.947265625 0.30224609375 0.10546875 0.0595703125
0 0.28076171875 0.3408203125 0.1630859375 0.1328125
0 0.1494140625 0.92822265625 0.060546875 0.0576171875
0 0.45458984375 0.92578125 0.0693359375 0.08203125
0 0.6767578125 0.7119140625 0.0703125 0.080078125
0 0.53564453125 0.09814453125 0.0869140625 0.0927734375
0 0.765625 0.4521484375 0.0625 0.064453125
0 0.70068359375 0.93798828125 0.0830078125 0.0771484375
0 0.1005859375 0.04833984375 0.087890625 0.0927734375
0 0.4658203125 0.70947265625 0.078125 0.1552734375
0 0.0556640625 0.5595703125 0.08203125 0.095703125
0 0.1357421875 0.3896484375 0.078125 0.095703125
0 0.083984375 0.78515625 0.080078125 0.060546875
0 0.08984375 0.3544921875 0.0703125 0.07421875
0 0.1318359375 0.45458984375 0.080078125 0.0654296875
0 0.3544921875 0.0419921875 0.115234375 0.080078125
0 0.9248046875 0.0634765625 0.1171875 0.126953125
0 0.56591796875 0.041015625 0.0830078125 0.0625
0 0.7021484375 0.314453125 0.08984375 0.07421875
0 0.8486328125 0.0986328125 0.142578125 0.072265625
0 0.44580078125 0.978515625 0.0830078125 0.04296875
0 0.791015625 0.36328125 0.0625 0.13671875
0 0.65478515625 0.97705078125 0.0654296875 0.0458984375
0 0.04248046875 0.8271484375 0.0849609375 0.125
0 0.33447265625 0.6943359375 0.0849609375 0.080078125
0 0.447265625 0.2734375 0.16015625 0.107421875
0 0.24365234375 0.09326171875 0.0576171875 0.0576171875
0 0.55712890625 0.35546875 0.0751953125 0.072265625
0 0.982421875 0.0947265625 0.03515625 0.0703125
0 0.7509765625 0.0419921875 0.087890625 0.080078125
0 0.380859375 0.08349609375 0.072265625 0.0576171875
0 0.52587890625 0.30810546875 0.2724609375 0.0830078125
0 0.15478515625 0.02685546875 0.0654296875 0.0498046875
0 0.3681640625 0.685546875 0.072265625 0.0625
0 0.67822265625 0.01708984375 0.0771484375 0.0302734375
0 0.5283203125 0.0234375 0.087890625 0.04296875
0 0.03955078125 0.02197265625 0.0693359375 0.0400390625
0 0.03076171875 0.08203125 0.0576171875 0.060546875
0 0.02197265625 0.671875 0.0400390625 0.0703125
0 0.6083984375 0.3671875 0.04296875 0.0546875
0 0.73828125 0.3369140625 0.068359375 0.095703125
0 0.845703125 0.0458984375 0.1171875 0.072265625
0 0.623046875 0.78955078125 0.08203125 0.0341796875
