0 0.0234375 0.6865234375 0.046875 0.060546875
0 0.0244140625 0.53173828125 0.048828125 0.0712890625
0 0.0322265625 0.3388671875 0.064453125 0.091796875
0 0.14306640625 0.60205078125 0.0576171875 0.0576171875
0 0.19580078125 0.39013671875 0.0888671875 0.0751953125
0 0.28369140625 0.322265625 0.0634765625 0.05078125
0 0.33984375 0.2861328125 0.07421875 0.0625
0 0.1435546875 0.185546875 0.107421875 0.0703125
0 0.0625 0.0888671875 0.0625 0.056640625
0 0.03759765625 0.03515625 0.0751953125 0.06640625
0 0.17529296875 0.07080078125 0.0673828125 0.0869140625
0 0.23388671875 0.1279296875 0.0517578125 0.048828125
0 0.3232421875 0.12158203125 0.076171875 0.0654296875
0 0.3212890625 0.0498046875 0.1328125 0.099609375
0 0.3955078125 0.21240234375 0.076171875 0.0654296875
0 0.4365234375 0.5048828125 0.083984375 0.14453125
0 0.47509765625 0.23583984375 0.0751953125 0.0869140625
0 0.55078125 0.33349609375 0.064453125 0.0576171875
0 0.583984375 0.42333984375 0.06640625 0.0966796875
0 0.5322265625 0.568359375 0.080078125 0.11328125
0 0.5087890625 0.73828125 0.076171875 0.068359375
0 0.3046875 0.78759765625 0.076171875 0.0966796875
0 0.103515625 0.8779296875 0.07421875 0.091796875
0 0.205078125 0.9814453125 0.083984375 0.037109375
0 0.3671875 0.97314453125 0.056640625 0.0537109375
0 0.919921875 0.94873046875 0.095703125 0.1025390625
0 0.8544921875 0.904296875 0.052734375 0.109375
0 0.56005859375 0.83447265625 0.1259765625 0.1044921875
0 0.6494140625 0.84619140625 0.056640625 0.0634765625
0 0.63330078125 0.70556640625 0.0634765625 0.0712890625
0 0.783203125 0.77685546875 0.06640625 0.0712890625
0 0.9765625 0.71728515625 0.046875 0.1279296875
0 0.84375 0.62841796875 0.072265625 0.0615234375
0 0.66845703125 0.55224609375 0.0537109375 0.0634765625
0 0.67822265625 0.6201171875 0.0537109375 0.052734375
0 0.89404296875 0.5439453125 0.0927734375 0.08984375
0 0.7138671875 0.45458984375 0.068359375 0.0810546875
0 0.93994140625 0.44189453125 0.0654296875 0.0869140625
0 0.59033203125 0.21044921875 0.0537109375 0.0927734375
0 0.66552734375 0.26513671875 0.0615234375 0.0810546875
0 0.49755859375 0.14453125 0.0576171875 0.0546875
0 0.4609375 0.095703125 0.060546875 0.060546875
0 0.740234375 0.05419921875 0.09765625 0.0947265625
0 0.80078125 0.1201171875 0.140625 0.072265625
0 0.6474609375 0.1240234375 0.06640625 0.060546875
0 0.90234375 0.0927734375 0.07421875 0.076171875
0 0.82958984375 0.033203125 0.0478515625 0.0625
0 0.9208984375 0.15771484375 0.068359375 0.0654296875
0 0.95849609375 0.2421875 0.0634765625 0.072265625
0 0.791015625 0.28515625 0.0546875 0.060546875
0 0.79150390625 0.6513671875 0.0556640625 0.052734375
0 0.74951171875 0.59912109375 0.0439453125 0.0595703125
0 0.544921875 0.64892578125 0.0703125 0.0654296875
0 0.046875 0.49169921875 0.05078125 0.0654296875
0 0.8173828125 0.724609375 0.0625 0.052734375
0 0.7783203125 0.5927734375 0.05859375 0.0546875
0 0.63134765625 0.02197265625 0.0751953125 0.0439453125
0 0.7802734375 0.20556640625 0.048828125 0.0673828125
0 0.70703125 0.21337890625 0.03515625 0.0439453125
0 0.53369140625 0.07080078125 0.0361328125 0.0615234375
0 0.38671875 0.029296875 0.05859375 0.05859375
0 0.142578125 0.01220703125 0.05078125 0.0244140625
0 0.59033203125 0.5361328125 0.0439453125 0.05078125
0 0.6357421875 0.6396484375 0.041015625 0.05078125
