0 0.0302734375 0.76416015625 0.060546875 0.0673828125
0 0.17626953125 0.7890625 0.0849609375 0.06640625
0 0.25634765625 0.74072265625 0.0830078125 0.0634765625
0 0.07177734375 0.6357421875 0.1025390625 0.083984375
0 0.19189453125 0.61865234375 0.0732421875 0.0576171875
0 0.15625 0.47314453125 0.076171875 0.0927734375
0 0.0322265625 0.37939453125 0.064453125 0.0712890625
0 0.16943359375 0.32080078125 0.0986328125 0.0888671875
0 0.2216796875 0.21435546875 0.09375 0.0830078125
0 0.02685546875 0.13525390625 0.0537109375 0.0791015625
0 0.3388671875 0.0361328125 0.09765625 0.072265625
0 0.42333984375 0.0947265625 0.0751953125 0.09765625
0 0.2734375 0.49755859375 0.08984375 0.0849609375
0 0.34716796875 0.47265625 0.0810546875 0.099609375
0 0.50048828125 0.462890625 0.0712890625 0.107421875
0 0.453125 0.580078125 0.126953125 0.076171875
0 0.53369140625 0.64404296875 0.0732421875 0.0732421875
0 0.49951171875 0.779296875 0.0693359375 0.08203125
0 0.31884765625 0.86669921875 0.0654296875 0.0771484375
0 0.12255859375 0.9189453125 0.0771484375 0.076171875
0 0.43603515625 0.93505859375 0.1279296875 0.0869140625
0 0.2578125 0.9716796875 0.0703125 0.056640625
0 0.6474609375 0.798828125 0.115234375 0.0859375
0 0.88037109375 0.67333984375 0.0654296875 0.0673828125
0 0.93310546875 0.79638671875 0.0634765625 0.0478515625
0 0.82958984375 0.93408203125 0.0673828125 0.0458984375
0 0.76953125 0.974609375 0.07421875 0.05078125
0 0.7978515625 0.55078125 0.095703125 0.09765625
0 0.68701171875 0.337890625 0.1201171875 0.087890625
0 0.8017578125 0.322265625 0.150390625 0.095703125
0 0.68701171875 0.18603515625 0.0908203125 0.0576171875
0 0.7265625 0.11083984375 0.134765625 0.0576171875
0 0.82763671875 0.15625 0.1025390625 0.048828125
0 0.93310546875 0.17578125 0.0791015625 0.08984375
0 0.88525390625 0.00830078125 0.0673828125 0.0166015625
0 0.06396484375 0.07373046875 0.0947265625 0.0869140625
0 0.2451171875 0.0966796875 0.08203125 0.099609375
0 0.04541015625 0.83056640625 0.0908203125 0.1142578125
