0 0.96435546875 0.05615234375 0.0712890625 0.0869140625
0 0.89599609375 0.18310546875 0.0791015625 0.0595703125
0 0.28564453125 0.58740234375 0.1064453125 0.0634765625
0 0.50146484375 0.93994140625 0.0966796875 0.0517578125
0 0.96923828125 0.3447265625 0.0615234375 0.064453125
0 0.751953125 0.5390625 0.134765625 0.048828125
0 0.5693359375 0.61279296875 0.138671875 0.0478515625
0 0.5205078125 0.03564453125 0.06640625 0.0712890625
0 0.53759765625 0.09716796875 0.1220703125 0.0810546875
0 0.68896484375 0.47021484375 0.1064453125 0.0830078125
0 0.47216796875 0.4833984375 0.1455078125 0.05859375
0 0.48486328125 0.896484375 0.0927734375 0.05078125
0 0.341796875 0.13818359375 0.1484375 0.0830078125
0 0.7939453125 0.3212890625 0.095703125 0.080078125
0 0.92236328125 0.38671875 0.0771484375 0.0703125
0 0.1123046875 0.416015625 0.15234375 0.0625
0 0.14306640625 0.56494140625 0.1318359375 0.0693359375
0 0.71142578125 0.84716796875 0.1513671875 0.0595703125
0 0.25341796875 0.52392578125 0.1005859375 0.0439453125
0 0.712890625 0.40869140625 0.09375 0.0634765625
0 0.7294921875 0.96337890625 0.138671875 0.0419921875
0 0.84716796875 0.26318359375 0.0986328125 0.1123046875
0 0.10546875 0.26416015625 0.103515625 0.0361328125
0 0.52197265625 0.45947265625 0.0556640625 0.0693359375
0 0.7275390625 0.2958984375 0.06640625 0.0703125
0 0.59912109375 0.4716796875 0.0908203125 0.056640625
0 0.39501953125 0.42236328125 0.0791015625 0.0634765625
0 0.0322265625 0.60400390625 0.064453125 0.0439453125
0 0.97705078125 0.33935546875 0.0458984375 0.0615234375
0 0.97509765625 0.6044921875 0.0498046875 0.056640625
0 0.8955078125 0.85986328125 0.07421875 0.0517578125
0 0.662109375 0.927734375 0.076171875 0.04296875
0 0.80712890625 0.39013671875 0.1162109375 0.0556640625
0 0.185546875 0.3173828125 0.107421875 0.03125
0 0.859375 0.9365234375 0.06640625 0.046875
0 0.70263671875 0.6201171875 0.1279296875 0.048828125
0 0.66015625 0.20751953125 0.091796875 0.0888671875
0 0.65576171875 0.02099609375 0.1533203125 0.0419921875
0 0.95751953125 0.50927734375 0.0849609375 0.0302734375
0 0.35400390625 0.52685546875 0.1318359375 0.0751953125
0 0.25732421875 0.72509765625 0.1787109375 0.0498046875
0 0.6162109375 0.32470703125 0.115234375 0.1552734375
0 0.06787109375 0.6728515625 0.1357421875 0.068359375
0 0.08154296875 0.36669921875 0.1630859375 0.0634765625
0 0.0302734375 0.052734375 0.060546875 0.05859375
0 0.43017578125 0.39990234375 0.1181640625 0.0927734375
0 0.32763671875 0.3203125 0.1337890625 0.0546875
0 0.83642578125 0.841796875 0.0595703125 0.025390625
0 0.23193359375 0.9521484375 0.1474609375 0.03515625
0 0.4814453125 0.6533203125 0.08203125 0.033203125
0 0.0595703125 0.8076171875 0.119140625 0.052734375
0 0.638671875 0.60400390625 0.091796875 0.0283203125
0 0.03271484375 0.08642578125 0.0634765625 0.0537109375
0 0.0263671875 0.19482421875 0.052734375 0.0458984375
0 0.765625 0.91796875 0.068359375 0.09375
0 0.8994140625 0.5087890625 0.080078125 0.044921875
0 0.384765625 0.0185546875 0.03515625 0.037109375
0 0.52294921875 0.55810546875 0.0947265625 0.0478515625
0 0.0546875 0.9052734375 0.107421875 0.060546875
0 0.03759765625 0.96533203125 0.0751953125 0.0341796875
0 0.45263671875 0.79638671875 0.1357421875 0.0791015625
0 0.03271484375 0.07080078125 0.0634765625 0.0634765625
0 0.4765625 0.97265625 0.189453125 0.04296875
0 0.6826171875 0.03515625 0.087890625 0.0703125
