0 0.47998046875 0.99365234375 0.0849609375 0.0126953125
0 0.31640625 0.94287109375 0.125 0.1142578125
0 0.1865234375 0.88232421875 0.09375 0.0927734375
0 0.22265625 0.77099609375 0.134765625 0.1162109375
0 0.62109375 0.91845703125 0.080078125 0.1220703125
0 0.70751953125 0.962890625 0.0595703125 0.07421875
0 0.6728515625 0.8173828125 0.10546875 0.091796875
0 0.84912109375 0.8603515625 0.0556640625 0.125
0 0.9423828125 0.8466796875 0.099609375 0.12109375
0 0.9287109375 0.81787109375 0.1015625 0.1064453125
0 0.9755859375 0.986328125 0.048828125 0.02734375
0 0.759765625 0.7314453125 0.107421875 0.056640625
0 0.89794921875 0.65771484375 0.0966796875 0.1513671875
0 0.76904296875 0.61962890625 0.0771484375 0.1064453125
0 0.7001953125 0.61669921875 0.0625 0.0810546875
0 0.63916015625 0.52587890625 0.0712890625 0.0751953125
0 0.75830078125 0.44580078125 0.0576171875 0.0751953125
0 0.77880859375 0.48876953125 0.0673828125 0.0634765625
0 0.83203125 0.53076171875 0.08203125 0.0537109375
0 0.96337890625 0.517578125 0.0732421875 0.08984375
0 0.8798828125 0.36279296875 0.052734375 0.0888671875
0 0.82421875 0.28759765625 0.083984375 0.0810546875
0 0.75244140625 0.28369140625 0.0478515625 0.0693359375
0 0.60986328125 0.34326171875 0.0634765625 0.0947265625
0 0.49658203125 0.408203125 0.0986328125 0.09375
0 0.49072265625 0.197265625 0.0576171875 0.115234375
0 0.390625 0.150390625 0.0703125 0.123046875
0 0.32080078125 0.23193359375 0.1083984375 0.0888671875
0 0.27001953125 0.11279296875 0.1123046875 0.1181640625
0 0.13330078125 0.1455078125 0.1064453125 0.1171875
0 0.2109375 0.3134765625 0.060546875 0.119140625
0 0.13525390625 0.330078125 0.0751953125 0.064453125
0 0.21240234375 0.4140625 0.0576171875 0.083984375
0 0.23388671875 0.47021484375 0.0771484375 0.0419921875
0 0.1806640625 0.5703125 0.078125 0.08203125
0 0.22802734375 0.62646484375 0.0751953125 0.0419921875
0 0.35205078125 0.6171875 0.0751953125 0.072265625
0 0.47314453125 0.5771484375 0.1162109375 0.11328125
0 0.11865234375 0.78271484375 0.0634765625 0.0498046875
0 0.10791015625 0.71875 0.0615234375 0.056640625
0 0.02880859375 0.62890625 0.0576171875 0.05859375
0 0.02978515625 0.55224609375 0.0595703125 0.0556640625
0 0.060546875 0.51611328125 0.05078125 0.1005859375
0 0.09033203125 0.04345703125 0.0927734375 0.0869140625
0 0.15869140625 0.06591796875 0.0458984375 0.0986328125
0 0.595703125 0.109375 0.0625 0.126953125
0 0.65625 0.06103515625 0.068359375 0.1220703125
0 0.732421875 0.041015625 0.0625 0.08203125
0 0.8046875 0.015625 0.06640625 0.03125
0 0.7353515625 0.173828125 0.115234375 0.1015625
0 0.8671875 0.1455078125 0.1015625 0.103515625
0 0.8896484375 0.2041015625 0.048828125 0.078125
0 0.958984375 0.197265625 0.056640625 0.091796875
0 0.572265625 0.00732421875 0.099609375 0.0146484375
0 0.77587890625 0.38427734375 0.0556640625 0.0654296875
0 0.037109375 0.9453125 0.07421875 0.103515625
0 0.03076171875 0.91015625 0.0615234375 0.095703125
