0 0.08349609375 0.0517578125 0.0908203125 0.091796875
0 0.1494140625 0.232421875 0.05859375 0.087890625
0 0.19677734375 0.27978515625 0.0751953125 0.0751953125
0 0.30126953125 0.18115234375 0.0693359375 0.0712890625
0 0.19189453125 0.0361328125 0.0810546875 0.072265625
0 0.27392578125 0.0458984375 0.0927734375 0.091796875
0 0.48681640625 0.2236328125 0.1025390625 0.0703125
0 0.453125 0.38623046875 0.111328125 0.1044921875
0 0.1591796875 0.45361328125 0.087890625 0.0732421875
0 0.02392578125 0.43017578125 0.0478515625 0.0771484375
0 0.0283203125 0.69580078125 0.056640625 0.1083984375
0 0.08935546875 0.63037109375 0.0751953125 0.0927734375
0 0.36572265625 0.68896484375 0.0595703125 0.0673828125
0 0.5234375 0.55078125 0.0703125 0.09765625
0 0.43896484375 0.7958984375 0.0908203125 0.126953125
0 0.3515625 0.81005859375 0.076171875 0.0869140625
0 0.08642578125 0.779296875 0.0888671875 0.0859375
0 0.13134765625 0.87841796875 0.0947265625 0.0927734375
0 0.01806640625 0.93310546875 0.0361328125 0.0556640625
0 0.0458984375 0.9912109375 0.083984375 0.017578125
0 0.4765625 0.93896484375 0.05859375 0.0595703125
0 0.8359375 0.9736328125 0.095703125 0.052734375
0 0.7666015625 0.63916015625 0.080078125 0.0791015625
0 0.64013671875 0.47998046875 0.0810546875 0.0927734375
0 0.82470703125 0.85791015625 0.0732421875 0.0751953125
0 0.93701171875 0.79931640625 0.0712890625 0.0771484375
0 0.9833984375 0.93994140625 0.033203125 0.0810546875
0 0.6611328125 0.30322265625 0.072265625 0.0927734375
0 0.75439453125 0.95654296875 0.0634765625 0.0712890625
0 0.68505859375 0.81591796875 0.0712890625 0.0634765625
0 0.70263671875 0.70166015625 0.0595703125 0.0693359375
0 0.62060546875 0.74853515625 0.0458984375 0.0595703125
0 0.01220703125 0.33642578125 0.0244140625 0.0615234375
0 0.2646484375 0.3828125 0.064453125 0.080078125
0 0.90283203125 0.7021484375 0.1162109375 0.0859375
