0 0.162109375 0.02587890625 0.0625 0.0517578125
0 0.0517578125 0.15869140625 0.103515625 0.1083984375
0 0.87548828125 0.0654296875 0.1337890625 0.126953125
0 0.68798828125 0.1376953125 0.0888671875 0.095703125
0 0.81005859375 0.23974609375 0.1298828125 0.0927734375
0 0.7099609375 0.3408203125 0.12890625 0.09765625
0 0.71142578125 0.47802734375 0.1689453125 0.0888671875
0 0.6357421875 0.57470703125 0.134765625 0.0810546875
0 0.4833984375 0.43505859375 0.13671875 0.0986328125
0 0.35693359375 0.3525390625 0.1572265625 0.1015625
0 0.294921875 0.26318359375 0.140625 0.0810546875
0 0.49560546875 0.2275390625 0.1298828125 0.09765625
0 0.94482421875 0.42822265625 0.1103515625 0.0927734375
0 0.92724609375 0.31689453125 0.0869140625 0.0771484375
0 0.9814453125 0.50146484375 0.037109375 0.0771484375
0 0.8583984375 0.666015625 0.12890625 0.14453125
0 0.81005859375 0.73974609375 0.0908203125 0.0615234375
0 0.97021484375 0.833984375 0.0595703125 0.119140625
0 0.7236328125 0.83203125 0.1328125 0.076171875
0 0.470703125 0.82666015625 0.134765625 0.0810546875
0 0.3671875 0.93310546875 0.150390625 0.0751953125
0 0.6396484375 0.92431640625 0.111328125 0.0732421875
0 0.57470703125 0.978515625 0.0888671875 0.04296875
0 0.37646484375 0.69873046875 0.0966796875 0.0791015625
0 0.41552734375 0.64013671875 0.0869140625 0.0654296875
0 0.16015625 0.56005859375 0.10546875 0.1435546875
0 0.10546875 0.66845703125 0.138671875 0.0966796875
0 0.23974609375 0.8251953125 0.1083984375 0.09375
0 0.2451171875 0.7197265625 0.126953125 0.072265625
0 0.05859375 0.443359375 0.1171875 0.107421875
0 0.8359375 0.33740234375 0.123046875 0.0849609375
0 0.80810546875 0.892578125 0.1826171875 0.142578125
0 0.9443359375 0.9658203125 0.0859375 0.068359375
