0 0.12841796875 0.28173828125 0.0771484375 0.1357421875
0 0.34375 0.2314453125 0.12890625 0.056640625
0 0.47607421875 0.228515625 0.0966796875 0.11328125
0 0.6123046875 0.0986328125 0.0859375 0.1171875
0 0.7177734375 0.177734375 0.1015625 0.095703125
0 0.587890625 0.25927734375 0.10546875 0.0693359375
0 0.95361328125 0.1396484375 0.0927734375 0.13671875
0 0.80615234375 0.2783203125 0.1083984375 0.099609375
0 0.9580078125 0.31298828125 0.083984375 0.1025390625
0 0.90185546875 0.3896484375 0.1416015625 0.095703125
0 0.904296875 0.58447265625 0.07421875 0.1240234375
0 0.927734375 0.64013671875 0.076171875 0.0986328125
0 0.97314453125 0.71044921875 0.0478515625 0.0654296875
0 0.9326171875 0.81005859375 0.09375 0.0576171875
0 0.8232421875 0.90087890625 0.099609375 0.0673828125
0 0.80517578125 0.93115234375 0.1201171875 0.0986328125
0 0.70458984375 0.71826171875 0.1103515625 0.0927734375
0 0.609375 0.62744140625 0.138671875 0.1630859375
0 0.6982421875 0.55322265625 0.091796875 0.0947265625
0 0.56591796875 0.5087890625 0.0791015625 0.0859375
0 0.48291015625 0.59716796875 0.0966796875 0.1103515625
0 0.453125 0.6982421875 0.080078125 0.0625
0 0.482421875 0.7734375 0.076171875 0.064453125
0 0.36865234375 0.7431640625 0.0693359375 0.1015625
0 0.3486328125 0.63916015625 0.083984375 0.0830078125
0 0.236328125 0.642578125 0.087890625 0.076171875
0 0.1875 0.7392578125 0.08203125 0.0625
0 0.28271484375 0.859375 0.0615234375 0.15625
0 0.05029296875 0.54443359375 0.0673828125 0.0556640625
0 0.06103515625 0.18408203125 0.0791015625 0.0693359375
0 0.376953125 0.10791015625 0.0703125 0.0732421875
0 0.38818359375 0.1787109375 0.0751953125 0.064453125
0 0.02880859375 0.6103515625 0.0576171875 0.06640625
0 0.32177734375 0.33154296875 0.0615234375 0.0634765625
0 0.33154296875 0.4970703125 0.0712890625 0.068359375
0 0.505859375 0.30859375 0.0625 0.05859375
0 0.658203125 0.40185546875 0.091796875 0.0654296875
0 0.34912109375 0.84228515625 0.0595703125 0.0576171875
0 0.73583984375 0.61572265625 0.0634765625 0.0556640625
0 0.6875 0.3232421875 0.046875 0.044921875
0 0.7412109375 0.33251953125 0.078125 0.0654296875
0 0.63427734375 0.14453125 0.0693359375 0.068359375
0 0.3486328125 0.56787109375 0.048828125 0.0322265625
0 0.17724609375 0.63671875 0.0927734375 0.064453125
0 0.47998046875 0.72998046875 0.0751953125 0.0498046875
0 0.2431640625 0.2822265625 0.046875 0.033203125
0 0.29150390625 0.2861328125 0.0615234375 0.083984375
