0 0.404296875 0.98046875 0.07421875 0.0390625
0 0.57763671875 0.94970703125 0.0869140625 0.0888671875
0 0.771484375 0.89501953125 0.072265625 0.1552734375
0 0.9326171875 0.95703125 0.11328125 0.080078125
0 0.97705078125 0.8427734375 0.0458984375 0.0859375
0 0.89111328125 0.77392578125 0.0751953125 0.0654296875
0 0.62451171875 0.79541015625 0.0712890625 0.0615234375
0 0.5751953125 0.73486328125 0.078125 0.0712890625
0 0.4765625 0.6923828125 0.07421875 0.06640625
0 0.3955078125 0.6708984375 0.052734375 0.060546875
0 0.3125 0.5927734375 0.0625 0.0859375
0 0.3515625 0.517578125 0.09765625 0.072265625
0 0.474609375 0.60107421875 0.080078125 0.0908203125
0 0.54296875 0.58837890625 0.0625 0.0654296875
0 0.60986328125 0.583984375 0.0869140625 0.06640625
0 0.68408203125 0.5419921875 0.0732421875 0.0546875
0 0.5048828125 0.43408203125 0.078125 0.1005859375
0 0.31591796875 0.35546875 0.0498046875 0.08984375
0 0.3271484375 0.27978515625 0.078125 0.0791015625
0 0.2607421875 0.234375 0.07421875 0.0625
0 0.19873046875 0.3818359375 0.0634765625 0.06640625
0 0.1728515625 0.494140625 0.05859375 0.056640625
0 0.22802734375 0.5439453125 0.0478515625 0.052734375
0 0.142578125 0.310546875 0.060546875 0.0625
0 0.14111328125 0.22021484375 0.0595703125 0.0712890625
0 0.4482421875 0.28857421875 0.0625 0.0693359375
0 0.5205078125 0.28076171875 0.07421875 0.0673828125
0 0.51611328125 0.232421875 0.0751953125 0.068359375
0 0.61474609375 0.21044921875 0.1103515625 0.0654296875
0 0.50732421875 0.1279296875 0.0634765625 0.060546875
0 0.3603515625 0.119140625 0.046875 0.060546875
0 0.44970703125 0.0458984375 0.0595703125 0.06640625
0 0.3095703125 0.0537109375 0.080078125 0.09765625
0 0.18359375 0.0302734375 0.091796875 0.05859375
0 0.021484375 0.5703125 0.04296875 0.07421875
0 0.1787109375 0.6533203125 0.0625 0.0625
0 0.08984375 0.896484375 0.076171875 0.125
0 0.94970703125 0.1865234375 0.0947265625 0.064453125
0 0.93798828125 0.455078125 0.0751953125 0.07421875
0 0.95166015625 0.59423828125 0.0673828125 0.0888671875
0 0.84912109375 0.63134765625 0.0908203125 0.0634765625
0 0.951171875 0.693359375 0.0703125 0.0625
0 0.10400390625 0.1435546875 0.0693359375 0.0625
0 0.95849609375 0.53955078125 0.0791015625 0.0634765625
0 0.51708984375 0.17919921875 0.0732421875 0.0634765625
0 0.49560546875 0.02490234375 0.0791015625 0.0498046875
0 0.95458984375 0.498046875 0.0830078125 0.0625
