0 0.490234375 0.22265625 0.08203125 0.109375
0 0.51025390625 0.64892578125 0.1044921875 0.0830078125
0 0.59033203125 0.0595703125 0.0771484375 0.103515625
0 0.59228515625 0.94091796875 0.1005859375 0.0712890625
0 0.84375 0.361328125 0.083984375 0.091796875
0 0.5712890625 0.23486328125 0.09375 0.0673828125
0 0.853515625 0.4873046875 0.08203125 0.05078125
0 0.74072265625 0.04052734375 0.0751953125 0.0810546875
0 0.2548828125 0.33740234375 0.126953125 0.0810546875
0 0.349609375 0.47021484375 0.126953125 0.0537109375
0 0.666015625 0.0283203125 0.03515625 0.056640625
0 0.4443359375 0.54736328125 0.041015625 0.0830078125
0 0.06982421875 0.84033203125 0.0986328125 0.0810546875
0 0.54833984375 0.5244140625 0.1474609375 0.0625
0 0.685546875 0.4931640625 0.11328125 0.05859375
0 0.15478515625 0.68798828125 0.0888671875 0.0458984375
0 0.509765625 0.46240234375 0.09765625 0.0771484375
0 0.23681640625 0.96435546875 0.0595703125 0.0712890625
0 0.43603515625 0.92822265625 0.1181640625 0.0771484375
0 0.7900390625 0.17333984375 0.08203125 0.0888671875
0 0.76171875 0.41015625 0.09765625 0.056640625
0 0.91650390625 0.29931640625 0.1220703125 0.1376953125
0 0.58447265625 0.6201171875 0.1123046875 0.044921875
0 0.8349609375 0.5908203125 0.091796875 0.07421875
0 0.73193359375 0.201171875 0.1318359375 0.109375
0 0.41259765625 0.8515625 0.1513671875 0.16796875
0 0.27734375 0.9619140625 0.091796875 0.037109375
0 0.810546875 0.13623046875 0.142578125 0.0517578125
0 0.96728515625 0.64892578125 0.0654296875 0.0693359375
0 0.3828125 0.63623046875 0.115234375 0.0419921875
0 0.13134765625 0.15185546875 0.1044921875 0.0947265625
0 0.5302734375 0.5771484375 0.146484375 0.056640625
0 0.98876953125 0.54541015625 0.0224609375 0.0283203125
0 0.3173828125 0.146484375 0.169921875 0.0703125
0 0.369140625 0.7333984375 0.083984375 0.033203125
0 0.22216796875 0.90185546875 0.0517578125 0.0673828125
0 0.125 0.92822265625 0.076171875 0.0419921875
0 0.1865234375 0.9306640625 0.09375 0.0546875
0 0.716796875 0.57470703125 0.072265625 0.0634765625
0 0.8515625 0.625 0.0859375 0.05078125
0 0.4052734375 0.8544921875 0.173828125 0.060546875
0 0.0546875 0.63916015625 0.109375 0.0439453125
0 0.95263671875 0.82861328125 0.0947265625 0.0517578125
0 0.4130859375 0.27197265625 0.130859375 0.0419921875
0 0.59130859375 0.796875 0.0849609375 0.037109375
0 0.40087890625 0.71484375 0.0673828125 0.025390625
0 0.0234375 0.94287109375 0.044921875 0.0458984375
0 0.9443359375 0.70849609375 0.111328125 0.0615234375
0 0.986328125 0.306640625 0.02734375 0.060546875
0 0.04150390625 0.560546875 0.0830078125 0.048828125
0 0.185546875 0.1572265625 0.18359375 0.0703125
0 0.25 0.6826171875 0.103515625 0.048828125
0 0.85205078125 0.41015625 0.2958984375 0.09375
0 0.6044921875 0.66015625 0.0546875 0.044921875
