0 0.2578125 0.228515625 0.09765625 0.076171875
0 0.310546875 0.29736328125 0.091796875 0.0791015625
0 0.0537109375 0.42236328125 0.08984375 0.0537109375
0 0.36279296875 0.779296875 0.1025390625 0.037109375
0 0.7216796875 0.32080078125 0.1015625 0.1240234375
0 0.859375 0.37255859375 0.123046875 0.0732421875
0 0.86279296875 0.2119140625 0.1025390625 0.0390625
0 0.798828125 0.73291015625 0.09765625 0.0400390625
0 0.3056640625 0.19921875 0.08984375 0.05859375
0 0.34375 0.85498046875 0.1171875 0.0634765625
0 0.4912109375 0.18017578125 0.109375 0.0517578125
0 0.57177734375 0.7626953125 0.1357421875 0.033203125
0 0.06982421875 0.58349609375 0.1240234375 0.0380859375
0 0.06982421875 0.6962890625 0.0986328125 0.107421875
0 0.37548828125 0.212890625 0.0966796875 0.060546875
0 0.5078125 0.673828125 0.10546875 0.037109375
0 0.2685546875 0.57080078125 0.10546875 0.0341796875
0 0.62890625 0.0771484375 0.1171875 0.029296875
0 0.2197265625 0.50341796875 0.12890625 0.0341796875
0 0.234375 0.43359375 0.1015625 0.02734375
0 0.05029296875 0.50390625 0.0771484375 0.041015625
0 0.54931640625 0.7939453125 0.0947265625 0.03515625
0 0.2236328125 0.30810546875 0.080078125 0.0302734375
0 0.96044921875 0.80712890625 0.0791015625 0.0400390625
0 0.373046875 0.1591796875 0.14453125 0.06640625
0 0.5751953125 0.31494140625 0.072265625 0.0302734375
0 0.29345703125 0.9443359375 0.1044921875 0.0546875
0 0.9736328125 0.4326171875 0.052734375 0.080078125
0 0.09619140625 0.81103515625 0.0791015625 0.0224609375
0 0.72021484375 0.57373046875 0.0791015625 0.0224609375
0 0.2041015625 0.88916015625 0.107421875 0.0263671875
0 0.185546875 0.7353515625 0.13671875 0.052734375
0 0.1171875 0.8974609375 0.109375 0.033203125
0 0.9716796875 0.14697265625 0.056640625 0.0205078125
0 0.0244140625 0.302734375 0.046875 0.0390625
0 0.2080078125 0.3896484375 0.076171875 0.01953125
0 0.4541015625 0.01806640625 0.08203125 0.0263671875
0 0.1796875 0.14599609375 0.162109375 0.0693359375
0 0.67041015625 0.51416015625 0.0693359375 0.0244140625
0 0.94677734375 0.17041015625 0.0576171875 0.0322265625
0 0.443359375 0.73388671875 0.07421875 0.0361328125
0 0.45068359375 0.98876953125 0.0830078125 0.0224609375
0 0.1787109375 0.0849609375 0.095703125 0.064453125
0 0.67041015625 0.9599609375 0.0966796875 0.03125
0 0.26220703125 0.0126953125 0.1435546875 0.0234375
0 0.384765625 0.5693359375 0.080078125 0.025390625
0 0.85888671875 0.7236328125 0.0927734375 0.029296875
0 0.47509765625 0.51904296875 0.1162109375 0.0361328125
0 0.08349609375 0.638671875 0.0712890625 0.01953125
0 0.78955078125 0.28369140625 0.0712890625 0.0185546875
0 0.2626953125 0.36669921875 0.046875 0.0224609375
0 0.9873046875 0.248046875 0.025390625 0.01953125
0 0.09814453125 0.55322265625 0.0830078125 0.0185546875
0 0.576171875 0.53515625 0.12890625 0.025390625
0 0.0302734375 0.98681640625 0.056640625 0.0224609375
0 0.2900390625 0.79736328125 0.064453125 0.0302734375
0 0.78759765625 0.2587890625 0.0771484375 0.033203125
0 0.1748046875 0.77490234375 0.083984375 0.0166015625
0 0.54736328125 0.8369140625 0.1787109375 0.044921875
0 0.04150390625 0.826171875 0.0791015625 0.01953125
0 0.63818359375 0.55859375 0.0693359375 0.041015625
0 0.9296875 0.892578125 0.08984375 0.029296875
0 0.22900390625 0.4677734375 0.1494140625 0.029296875
0 0.1025390625 0.6796875 0.0625 0.015625
0 0.30859375 0.74072265625 0.09765625 0.0302734375
0 0.0576171875 0.22314453125 0.064453125 0.0244140625
0 0.8037109375 0.4921875 0.05859375 0.0234375
0 0.6259765625 0.05517578125 0.115234375 0.0517578125
0 0.36572265625 0.95458984375 0.0751953125 0.0302734375
0 0.85302734375 0.68701171875 0.0615234375 0.0302734375
0 0.78759765625 0.6435546875 0.0458984375 0.029296875
0 0.919921875 0.31884765625 0.08984375 0.0400390625
0 0.9013671875 0.8076171875 0.080078125 0.044921875
0 0.47412109375 0.70654296875 0.0732421875 0.0322265625
0 0.3701171875 0.18701171875 0.123046875 0.0283203125
0 0.67919921875 0.2568359375 0.0791015625 0.04296875
