0 0.0224609375 0.49560546875 0.044921875 0.0927734375
0 0.1318359375 0.61474609375 0.083984375 0.1572265625
0 0.09326171875 0.361328125 0.0986328125 0.076171875
0 0.0361328125 0.32763671875 0.072265625 0.0615234375
0 0.14013671875 0.02880859375 0.0595703125 0.0576171875
0 0.28369140625 0.23486328125 0.1201171875 0.1181640625
0 0.44677734375 0.466796875 0.0673828125 0.111328125
0 0.41650390625 0.6533203125 0.1630859375 0.06640625
0 0.27978515625 0.73486328125 0.0830078125 0.0654296875
0 0.04052734375 0.67431640625 0.0810546875 0.0830078125
0 0.111328125 0.72314453125 0.1015625 0.0771484375
0 0.01953125 0.84912109375 0.0390625 0.0771484375
0 0.03076171875 0.9208984375 0.0517578125 0.091796875
0 0.11962890625 0.96337890625 0.1318359375 0.0693359375
0 0.3193359375 0.99169921875 0.087890625 0.0166015625
0 0.64453125 0.984375 0.0859375 0.03125
0 0.787109375 0.94189453125 0.095703125 0.0576171875
0 0.6171875 0.93505859375 0.216796875 0.1240234375
0 0.4326171875 0.8642578125 0.125 0.099609375
0 0.4189453125 0.79150390625 0.103515625 0.1025390625
0 0.87353515625 0.97998046875 0.0908203125 0.0400390625
0 0.88916015625 0.80224609375 0.1025390625 0.0712890625
0 0.77197265625 0.82568359375 0.0888671875 0.0791015625
0 0.6689453125 0.77880859375 0.060546875 0.0966796875
0 0.7314453125 0.671875 0.080078125 0.123046875
0 0.65869140625 0.69384765625 0.0888671875 0.1123046875
0 0.6923828125 0.35009765625 0.068359375 0.1357421875
0 0.78466796875 0.306640625 0.1298828125 0.078125
0 0.44140625 0.2255859375 0.130859375 0.068359375
0 0.537109375 0.13720703125 0.142578125 0.0771484375
0 0.51953125 0.04638671875 0.091796875 0.0869140625
0 0.73193359375 0.03369140625 0.0927734375 0.0634765625
0 0.82568359375 0.02734375 0.0615234375 0.0546875
0 0.8671875 0.11083984375 0.099609375 0.1162109375
0 0.8271484375 0.224609375 0.150390625 0.072265625
0 0.955078125 0.18798828125 0.072265625 0.0576171875
0 0.75390625 0.10400390625 0.09765625 0.0576171875
