0 0.4892578125 0.03662109375 0.138671875 0.0732421875
0 0.2978515625 0.40185546875 0.09765625 0.0673828125
0 0.8408203125 0.65673828125 0.142578125 0.0751953125
0 0.3857421875 0.8701171875 0.099609375 0.107421875
0 0.26416015625 0.71923828125 0.1044921875 0.0830078125
0 0.92041015625 0.201171875 0.1123046875 0.0625
0 0.8125 0.2880859375 0.15625 0.0625
0 0.0615234375 0.7177734375 0.119140625 0.09765625
0 0.74951171875 0.9267578125 0.1142578125 0.09375
0 0.6318359375 0.09130859375 0.1171875 0.0869140625
0 0.57568359375 0.4833984375 0.1376953125 0.078125
0 0.61328125 0.73828125 0.158203125 0.078125
0 0.23291015625 0.5029296875 0.0849609375 0.064453125
0 0.955078125 0.49951171875 0.08984375 0.0751953125
0 0.51513671875 0.94091796875 0.0927734375 0.1025390625
0 0.00244140625 0.82080078125 0.0048828125 0.0771484375
0 0.3642578125 0.61181640625 0.125 0.1044921875
0 0.73388671875 0.134765625 0.1572265625 0.107421875
0 0.1044921875 0.0322265625 0.09765625 0.064453125
0 0.376953125 0.16162109375 0.140625 0.0751953125
0 0.20361328125 0.34716796875 0.1005859375 0.0849609375
0 0.2578125 0.5576171875 0.091796875 0.0625
0 0.94384765625 0.41552734375 0.1103515625 0.0712890625
0 0.53369140625 0.33740234375 0.1591796875 0.0615234375
0 0.8515625 0.43505859375 0.125 0.0732421875
0 0.6962890625 0.54052734375 0.169921875 0.1181640625
0 0.42578125 0.57958984375 0.08203125 0.0693359375
0 0.0458984375 0.35791015625 0.091796875 0.0791015625
0 0.767578125 0.453125 0.126953125 0.1015625
0 0.64453125 0.57470703125 0.150390625 0.0654296875
0 0.0498046875 0.763671875 0.099609375 0.078125
0 0.3515625 0.9501953125 0.09765625 0.099609375
0 0.83203125 0.9287109375 0.111328125 0.138671875
0 0.82568359375 0.34716796875 0.1474609375 0.0595703125
0 0.42578125 0.18798828125 0.1171875 0.0771484375
0 0.6259765625 0.2919921875 0.1875 0.08984375
0 0.96044921875 0.83447265625 0.0771484375 0.1181640625
0 0.9599609375 0.72314453125 0.080078125 0.0693359375
0 0.18408203125 0.9384765625 0.0888671875 0.0546875
0 0.03759765625 0.2841796875 0.0751953125 0.083984375
0 0.7763671875 0.90185546875 0.119140625 0.0869140625
