0 0.521484375 0.017578125 0.083984375 0.03515625
0 0.28955078125 0.0859375 0.0673828125 0.083984375
0 0.3603515625 0.2802734375 0.123046875 0.072265625
0 0.28515625 0.3349609375 0.10546875 0.080078125
0 0.50439453125 0.091796875 0.0849609375 0.09765625
0 0.798828125 0.18359375 0.078125 0.0859375
0 0.87158203125 0.2626953125 0.0732421875 0.07421875
0 0.9677734375 0.3056640625 0.0546875 0.08203125
0 0.6328125 0.1123046875 0.0859375 0.08203125
0 0.66796875 0.18310546875 0.05078125 0.0693359375
0 0.6669921875 0.3623046875 0.103515625 0.111328125
0 0.77001953125 0.3486328125 0.0712890625 0.10546875
0 0.9501953125 0.47119140625 0.099609375 0.1064453125
0 0.8505859375 0.47509765625 0.080078125 0.0849609375
0 0.91162109375 0.5673828125 0.0966796875 0.111328125
0 0.5732421875 0.47607421875 0.1171875 0.0830078125
0 0.46337890625 0.4501953125 0.0712890625 0.060546875
0 0.16259765625 0.51708984375 0.0771484375 0.0732421875
0 0.0234375 0.49462890625 0.046875 0.0947265625
0 0.2900390625 0.45947265625 0.068359375 0.0673828125
0 0.10302734375 0.71728515625 0.0537109375 0.0654296875
0 0.162109375 0.65185546875 0.068359375 0.0654296875
0 0.044921875 0.5927734375 0.056640625 0.060546875
0 0.27294921875 0.7177734375 0.0595703125 0.07421875
0 0.171875 0.85107421875 0.076171875 0.0693359375
0 0.18994140625 0.97216796875 0.0888671875 0.0556640625
0 0.33251953125 0.9501953125 0.1201171875 0.076171875
0 0.30126953125 0.21875 0.1240234375 0.0703125
0 0.56298828125 0.8642578125 0.1064453125 0.14453125
0 0.65380859375 0.716796875 0.0908203125 0.078125
0 0.6953125 0.5869140625 0.099609375 0.056640625
0 0.794921875 0.85498046875 0.09375 0.1337890625
0 0.9189453125 0.94970703125 0.111328125 0.0908203125
0 0.755859375 0.8994140625 0.10546875 0.12109375
0 0.71142578125 0.82421875 0.0791015625 0.052734375
0 0.30615234375 0.7578125 0.0732421875 0.103515625
