0 0.9619140625 0.5029296875 0.076171875 0.30078125
0 0.78369140625 0.89501953125 0.1396484375 0.1650390625
0 0.7646484375 0.52978515625 0.095703125 0.1064453125
0 0.04443359375 0.1513671875 0.0888671875 0.087890625
0 0.03369140625 0.6337890625 0.0673828125 0.13671875
0 0.640625 0.94677734375 0.1328125 0.0986328125
0 0.10986328125 0.966796875 0.1357421875 0.06640625
0 0.48486328125 0.36767578125 0.1337890625 0.1923828125
0 0.31689453125 0.90380859375 0.0908203125 0.0830078125
0 0.1572265625 0.9052734375 0.125 0.068359375
0 0.1240234375 0.75146484375 0.0625 0.1533203125
0 0.19091796875 0.7861328125 0.0673828125 0.0859375
0 0.8662109375 0.35107421875 0.173828125 0.0947265625
0 0.61083984375 0.3583984375 0.1396484375 0.09375
0 0.55712890625 0.26513671875 0.1005859375 0.0712890625
0 0.4794921875 0.2568359375 0.162109375 0.103515625
