0 0.02197265625 0.798828125 0.0439453125 0.064453125
0 0.02490234375 0.43017578125 0.0498046875 0.0712890625
0 0.0205078125 0.55908203125 0.041015625 0.0771484375
0 0.04052734375 0.66064453125 0.0810546875 0.0712890625
0 0.10693359375 0.62353515625 0.0712890625 0.1044921875
0 0.0888671875 0.5205078125 0.0625 0.078125
0 0.158203125 0.5380859375 0.072265625 0.09765625
0 0.21044921875 0.48291015625 0.0712890625 0.0576171875
0 0.25927734375 0.46484375 0.0576171875 0.083984375
0 0.36669921875 0.5478515625 0.0712890625 0.06640625
0 0.37451171875 0.447265625 0.1064453125 0.056640625
0 0.09326171875 0.302734375 0.0693359375 0.1171875
0 0.17041015625 0.2890625 0.1181640625 0.1171875
0 0.28515625 0.3330078125 0.080078125 0.080078125
0 0.40771484375 0.25341796875 0.0654296875 0.0751953125
0 0.35107421875 0.134765625 0.0869140625 0.09375
0 0.25048828125 0.146484375 0.0576171875 0.107421875
0 0.1181640625 0.146484375 0.07421875 0.078125
0 0.03955078125 0.025390625 0.0673828125 0.048828125
0 0.56396484375 0.033203125 0.0595703125 0.06640625
0 0.46728515625 0.03125 0.0615234375 0.05859375
0 0.66259765625 0.15185546875 0.0693359375 0.0712890625
0 0.58935546875 0.22412109375 0.0771484375 0.1005859375
0 0.74462890625 0.2021484375 0.1103515625 0.095703125
0 0.72314453125 0.1337890625 0.0712890625 0.06640625
0 0.79296875 0.326171875 0.080078125 0.076171875
0 0.77734375 0.0517578125 0.06640625 0.103515625
0 0.93505859375 0.060546875 0.0712890625 0.0625
0 0.84130859375 0.07275390625 0.0654296875 0.0556640625
0 0.45751953125 0.4033203125 0.0751953125 0.138671875
0 0.599609375 0.38427734375 0.0703125 0.1396484375
0 0.65185546875 0.42724609375 0.0673828125 0.0615234375
0 0.4521484375 0.61962890625 0.06640625 0.1162109375
0 0.56396484375 0.63037109375 0.0654296875 0.0712890625
0 0.58984375 0.7197265625 0.14453125 0.0859375
0 0.75048828125 0.7099609375 0.1240234375 0.076171875
0 0.787109375 0.53564453125 0.10546875 0.0849609375
0 0.82275390625 0.47265625 0.1142578125 0.060546875
0 0.88818359375 0.61572265625 0.0576171875 0.1083984375
0 0.98046875 0.2099609375 0.0390625 0.11328125
0 0.9130859375 0.81005859375 0.1015625 0.0869140625
0 0.6005859375 0.8896484375 0.078125 0.0703125
0 0.67529296875 0.91796875 0.0791015625 0.07421875
0 0.64599609375 0.849609375 0.1259765625 0.07421875
0 0.44287109375 0.97412109375 0.0673828125 0.0517578125
0 0.32861328125 0.7509765625 0.1064453125 0.12890625
0 0.03955078125 0.9599609375 0.0478515625 0.048828125
0 0.0361328125 0.33447265625 0.056640625 0.0576171875
0 0.5087890625 0.41552734375 0.048828125 0.0771484375
0 0.5498046875 0.0224609375 0.072265625 0.044921875
0 0.9912109375 0.07666015625 0.017578125 0.1181640625
0 0.1298828125 0.978515625 0.02734375 0.041015625
0 0.2431640625 0.953125 0.037109375 0.05859375
0 0.01025390625 0.89404296875 0.0205078125 0.0810546875
0 0.99365234375 0.3779296875 0.0126953125 0.04296875
0 0.92431640625 0.91162109375 0.0419921875 0.0400390625
0 0.82421875 0.00927734375 0.0390625 0.0185546875
