0 0.99169921875 0.39404296875 0.0166015625 0.1044921875
0 0.71630859375 0.41357421875 0.0869140625 0.0888671875
0 0.7841796875 0.17236328125 0.15625 0.1103515625
0 0.94384765625 0.25439453125 0.1123046875 0.0966796875
0 0.3232421875 0.17529296875 0.1171875 0.0908203125
0 0.435546875 0.27734375 0.099609375 0.083984375
0 0.54931640625 0.380859375 0.1044921875 0.09765625
0 0.2236328125 0.27001953125 0.126953125 0.1142578125
0 0.00634765625 0.3115234375 0.0126953125 0.0859375
0 0.111328125 0.63720703125 0.060546875 0.0634765625
0 0.19921875 0.74072265625 0.138671875 0.1103515625
0 0.361328125 0.83349609375 0.119140625 0.1083984375
0 0.63720703125 0.9150390625 0.1005859375 0.111328125
0 0.779296875 0.728515625 0.11328125 0.072265625
0 0.03759765625 0.97705078125 0.0751953125 0.0458984375
0 0.158203125 0.380859375 0.09765625 0.107421875
0 0.326171875 0.36083984375 0.06640625 0.1064453125
0 0.248046875 0.49560546875 0.0625 0.0693359375
0 0.29345703125 0.52294921875 0.0595703125 0.0771484375
0 0.20263671875 0.62255859375 0.0576171875 0.0693359375
0 0.02001953125 0.029296875 0.0400390625 0.05859375
0 0.044921875 0.94970703125 0.08984375 0.0498046875
0 0.4501953125 0.453125 0.09375 0.068359375
0 0.42822265625 0.62109375 0.0986328125 0.10546875
0 0.4638671875 0.7705078125 0.07421875 0.068359375
0 0.267578125 0.7080078125 0.072265625 0.078125
0 0.0947265625 0.58984375 0.08984375 0.04296875
0 0.8623046875 0.62109375 0.080078125 0.119140625
0 0.82470703125 0.6064453125 0.0537109375 0.126953125
0 0.796875 0.34326171875 0.123046875 0.0810546875
0 0.84228515625 0.0224609375 0.0810546875 0.044921875
0 0.8291015625 0.08935546875 0.05859375 0.0361328125
0 0.6455078125 0.72412109375 0.111328125 0.0556640625
0 0.7900390625 0.78857421875 0.138671875 0.0732421875
0 0.0205078125 0.5546875 0.041015625 0.046875
