0 0.05810546875 0.4140625 0.1123046875 0.169921875
0 0.0361328125 0.01611328125 0.072265625 0.0322265625
0 0.84326171875 0.30078125 0.1376953125 0.091796875
0 0.560546875 0.05126953125 0.1015625 0.1025390625
0 0.3642578125 0.24853515625 0.1171875 0.0947265625
0 0.2431640625 0.0283203125 0.1171875 0.056640625
0 0.24072265625 0.83837890625 0.1533203125 0.1025390625
0 0.76806640625 0.49072265625 0.1220703125 0.0966796875
0 0.23291015625 0.72705078125 0.1025390625 0.1044921875
0 0.69091796875 0.58056640625 0.1025390625 0.1123046875
0 0.5859375 0.6318359375 0.1171875 0.115234375
0 0.10107421875 0.869140625 0.1025390625 0.08984375
0 0.21826171875 0.54443359375 0.1298828125 0.1025390625
0 0.5048828125 0.263671875 0.072265625 0.072265625
0 0.916015625 0.4775390625 0.1171875 0.0859375
0 0.80712890625 0.23388671875 0.1572265625 0.0927734375
0 0.6533203125 0.3193359375 0.091796875 0.080078125
0 0.603515625 0.3720703125 0.109375 0.08984375
0 0.27099609375 0.2509765625 0.1103515625 0.10546875
0 0.1669921875 0.95068359375 0.150390625 0.0927734375
0 0.78466796875 0.572265625 0.1044921875 0.080078125
0 0.01611328125 0.61474609375 0.0322265625 0.1044921875
0 0.96240234375 0.767578125 0.0751953125 0.080078125
0 0.94091796875 0.2919921875 0.1025390625 0.115234375
