0 0.01513671875 0.0263671875 0.0302734375 0.046875
0 0.1064453125 0.09423828125 0.11328125 0.0634765625
0 0.056640625 0.1015625 0.091796875 0.078125
0 0.0654296875 0.17041015625 0.103515625 0.0693359375
0 0.26904296875 0.13330078125 0.0947265625 0.0791015625
0 0.193359375 0.044921875 0.095703125 0.08984375
0 0.15673828125 0.22802734375 0.0537109375 0.0810546875
0 0.04296875 0.2626953125 0.080078125 0.095703125
0 0.0986328125 0.6015625 0.06640625 0.068359375
0 0.1494140625 0.64404296875 0.072265625 0.0537109375
0 0.1376953125 0.68994140625 0.05078125 0.0498046875
0 0.21826171875 0.71240234375 0.1103515625 0.1064453125
0 0.04833984375 0.72021484375 0.0966796875 0.0732421875
0 0.0185546875 0.82421875 0.037109375 0.078125
0 0.19189453125 0.98583984375 0.0927734375 0.0283203125
0 0.27392578125 0.833984375 0.0654296875 0.091796875
0 0.31884765625 0.10009765625 0.0751953125 0.1064453125
0 0.35205078125 0.0205078125 0.0517578125 0.041015625
0 0.37939453125 0.10107421875 0.0595703125 0.1025390625
0 0.408203125 0.0732421875 0.05859375 0.0859375
0 0.759765625 0.03173828125 0.083984375 0.0634765625
0 0.83203125 0.13623046875 0.1015625 0.0712890625
0 0.751953125 0.41552734375 0.080078125 0.1533203125
0 0.404296875 0.41943359375 0.083984375 0.0712890625
0 0.38525390625 0.4609375 0.0849609375 0.1015625
0 0.48876953125 0.37255859375 0.0654296875 0.0791015625
0 0.39990234375 0.2626953125 0.0927734375 0.12890625
0 0.50537109375 0.515625 0.1220703125 0.076171875
0 0.56396484375 0.55517578125 0.0712890625 0.0634765625
0 0.61767578125 0.52490234375 0.0693359375 0.0751953125
0 0.623046875 0.62060546875 0.05859375 0.0849609375
0 0.37646484375 0.68994140625 0.0849609375 0.0693359375
0 0.4267578125 0.798828125 0.08984375 0.0703125
0 0.61669921875 0.74169921875 0.1123046875 0.0869140625
0 0.6845703125 0.62744140625 0.04296875 0.0498046875
0 0.7646484375 0.61767578125 0.046875 0.0576171875
0 0.8818359375 0.56884765625 0.056640625 0.0419921875
0 0.91796875 0.5791015625 0.1484375 0.123046875
0 0.87939453125 0.4130859375 0.0732421875 0.1328125
0 0.95458984375 0.390625 0.0908203125 0.158203125
0 0.97802734375 0.078125 0.0439453125 0.056640625
0 0.90185546875 0.0224609375 0.0810546875 0.044921875
