0 0.79638671875 0.30029296875 0.1044921875 0.0927734375
0 0.7587890625 0.3251953125 0.064453125 0.080078125
0 0.77685546875 0.40185546875 0.0712890625 0.1064453125
0 0.79052734375 0.54150390625 0.0986328125 0.0830078125
0 0.67626953125 0.59912109375 0.1064453125 0.1123046875
0 0.63232421875 0.4326171875 0.0751953125 0.080078125
0 0.46142578125 0.083984375 0.0830078125 0.130859375
0 0.33203125 0.06689453125 0.111328125 0.0966796875
0 0.63623046875 0.07958984375 0.0986328125 0.1318359375
0 0.76416015625 0.1376953125 0.0751953125 0.109375
0 0.83544921875 0.16552734375 0.0595703125 0.1005859375
0 0.8818359375 0.14208984375 0.076171875 0.1005859375
0 0.859375 0.04150390625 0.0703125 0.0830078125
0 0.94384765625 0.06689453125 0.1123046875 0.1279296875
0 0.986328125 0.03955078125 0.02734375 0.0791015625
0 0.3369140625 0.17626953125 0.177734375 0.1259765625
0 0.22607421875 0.2177734375 0.1513671875 0.083984375
0 0.17919921875 0.41357421875 0.1669921875 0.1533203125
0 0.14013671875 0.51611328125 0.0673828125 0.0712890625
0 0.0517578125 0.474609375 0.05859375 0.1015625
0 0.08154296875 0.57421875 0.0966796875 0.103515625
0 0.2314453125 0.58544921875 0.150390625 0.0751953125
0 0.275390625 0.4541015625 0.056640625 0.13671875
0 0.328125 0.447265625 0.06640625 0.080078125
0 0.4208984375 0.52099609375 0.0625 0.1005859375
0 0.42333984375 0.59619140625 0.0712890625 0.0791015625
0 0.01806640625 0.11767578125 0.0361328125 0.1005859375
0 0.10107421875 0.017578125 0.0947265625 0.03515625
0 0.08740234375 0.0341796875 0.0986328125 0.0546875
0 0.26220703125 0.73388671875 0.1181640625 0.0732421875
0 0.07666015625 0.7783203125 0.1318359375 0.091796875
0 0.03125 0.783203125 0.0625 0.044921875
0 0.03662109375 0.89501953125 0.0732421875 0.0654296875
0 0.1220703125 0.9296875 0.10546875 0.052734375
0 0.330078125 0.9453125 0.201171875 0.109375
0 0.47900390625 0.95458984375 0.0673828125 0.0732421875
0 0.5576171875 0.923828125 0.080078125 0.1171875
0 0.6826171875 0.8974609375 0.083984375 0.08203125
0 0.7919921875 0.95556640625 0.1171875 0.0576171875
0 0.71826171875 0.74267578125 0.0576171875 0.0849609375
0 0.787109375 0.77978515625 0.05859375 0.0732421875
0 0.830078125 0.88720703125 0.083984375 0.1318359375
0 0.9609375 0.80224609375 0.078125 0.1103515625
0 0.95556640625 0.8701171875 0.0791015625 0.0703125
0 0.92919921875 0.6787109375 0.0693359375 0.072265625
0 0.9248046875 0.59619140625 0.140625 0.1298828125
0 0.96533203125 0.36181640625 0.0693359375 0.0830078125
0 0.41064453125 0.53271484375 0.1103515625 0.1630859375
0 0.9267578125 0.26953125 0.05078125 0.0859375
0 0.9609375 0.31982421875 0.078125 0.0556640625
0 0.57373046875 0.74951171875 0.0439453125 0.0439453125
0 0.28662109375 0.96142578125 0.0986328125 0.0771484375
