0 0.1171875 0.03759765625 0.1796875 0.0751953125
0 0.97119140625 0.07421875 0.0576171875 0.1484375
0 0.5478515625 0.439453125 0.1640625 0.08203125
0 0.46533203125 0.10009765625 0.1923828125 0.1982421875
0 0.1826171875 0.11669921875 0.109375 0.1357421875
0 0.67529296875 0.03515625 0.1103515625 0.0703125
0 0.07861328125 0.7470703125 0.1572265625 0.130859375
0 0.111328125 0.36767578125 0.109375 0.0966796875
0 0.3623046875 0.833984375 0.32421875 0.123046875
0 0.56201171875 0.27490234375 0.1865234375 0.2197265625
0 0.6845703125 0.72265625 0.21875 0.208984375
0 0.845703125 0.86083984375 0.1171875 0.1923828125
0 0.3310546875 0.93994140625 0.35546875 0.1123046875
0 0.748046875 0.970703125 0.119140625 0.05859375
0 0.509765625 0.05029296875 0.138671875 0.1005859375
0 0.56884765625 0.48974609375 0.1298828125 0.0771484375
0 0.88525390625 0.34130859375 0.1005859375 0.1962890625
0 0.32861328125 0.34619140625 0.2197265625 0.1357421875
0 0.38720703125 0.322265625 0.1435546875 0.17578125
0 0.419921875 0.2783203125 0.16796875 0.22265625
0 0.93505859375 0.08935546875 0.1298828125 0.0771484375
