0 0.86669921875 0.11865234375 0.2099609375 0.1123046875
0 0.10693359375 0.23486328125 0.1103515625 0.0751953125
0 0.5908203125 0.158203125 0.1328125 0.0625
0 0.24560546875 0.21435546875 0.1279296875 0.0654296875
0 0.29443359375 0.720703125 0.1103515625 0.087890625
0 0.6865234375 0.27978515625 0.119140625 0.0751953125
0 0.42724609375 0.83837890625 0.1298828125 0.0771484375
0 0.0283203125 0.03125 0.0546875 0.060546875
0 0.59716796875 0.314453125 0.1201171875 0.0703125
0 0.599609375 0.3935546875 0.109375 0.052734375
0 0.2255859375 0.38037109375 0.123046875 0.0673828125
0 0.60009765625 0.9052734375 0.0966796875 0.08984375
0 0.04248046875 0.9423828125 0.0849609375 0.115234375
0 0.46435546875 0.97802734375 0.1630859375 0.0439453125
0 0.890625 0.30322265625 0.212890625 0.1025390625
0 0.26416015625 0.53955078125 0.1123046875 0.0869140625
0 0.24609375 0.1357421875 0.197265625 0.068359375
0 0.5244140625 0.75439453125 0.10546875 0.0751953125
0 0.10693359375 0.69921875 0.1044921875 0.125
0 0.60693359375 0.0771484375 0.1455078125 0.060546875
0 0.02099609375 0.61474609375 0.0419921875 0.1396484375
0 0.20361328125 0.845703125 0.1123046875 0.087890625
0 0.4169921875 0.91796875 0.130859375 0.0625
0 0.7255859375 0.078125 0.1328125 0.052734375
0 0.03857421875 0.697265625 0.0771484375 0.0703125
0 0.2197265625 0.951171875 0.099609375 0.09765625
0 0.86181640625 0.7265625 0.0771484375 0.078125
0 0.259765625 0.47509765625 0.107421875 0.0673828125
0 0.8857421875 0.24462890625 0.177734375 0.1455078125
0 0.2705078125 0.04248046875 0.087890625 0.0478515625
