0 0.45166015625 0.03369140625 0.1474609375 0.0673828125
0 0.6025390625 0.05322265625 0.11328125 0.1064453125
0 0.77587890625 0.19775390625 0.1201171875 0.1259765625
0 0.544921875 0.1865234375 0.14453125 0.15234375
0 0.64599609375 0.482421875 0.1376953125 0.109375
0 0.87646484375 0.41064453125 0.1103515625 0.1044921875
0 0.8251953125 0.63330078125 0.208984375 0.2001953125
0 0.955078125 0.88818359375 0.08984375 0.1240234375
0 0.6416015625 0.65673828125 0.12109375 0.1083984375
0 0.45166015625 0.51513671875 0.0751953125 0.0751953125
0 0.43310546875 0.7138671875 0.1044921875 0.169921875
0 0.57177734375 0.7822265625 0.1201171875 0.146484375
0 0.611328125 0.93505859375 0.146484375 0.1298828125
0 0.16552734375 0.7021484375 0.1103515625 0.154296875
0 0.22509765625 0.5302734375 0.1083984375 0.21484375
0 0.1455078125 0.92529296875 0.162109375 0.1083984375
0 0.23095703125 0.86181640625 0.1083984375 0.0810546875
0 0.05224609375 0.10400390625 0.1044921875 0.1220703125
0 0.201171875 0.11279296875 0.16015625 0.0830078125
0 0.5126953125 0.58642578125 0.087890625 0.0791015625
