0 0.685546875 0.07373046875 0.154296875 0.1044921875
0 0.93359375 0.0166015625 0.1328125 0.033203125
0 0.97216796875 0.06884765625 0.0556640625 0.0634765625
0 0.9638671875 0.353515625 0.05859375 0.06640625
0 0.9580078125 0.73583984375 0.0546875 0.1708984375
0 0.90283203125 0.87890625 0.0556640625 0.1328125
0 0.9560546875 0.9052734375 0.07421875 0.087890625
0 0.8017578125 0.79541015625 0.103515625 0.0888671875
0 0.7236328125 0.87109375 0.091796875 0.087890625
0 0.7548828125 0.96337890625 0.072265625 0.0732421875
0 0.73583984375 0.44287109375 0.0693359375 0.0673828125
0 0.677734375 0.494140625 0.06640625 0.0390625
0 0.8056640625 0.70263671875 0.09375 0.0771484375
0 0.6640625 0.6162109375 0.095703125 0.09375
0 0.61328125 0.7138671875 0.064453125 0.05859375
0 0.48486328125 0.81884765625 0.0791015625 0.0771484375
0 0.3310546875 0.9853515625 0.095703125 0.029296875
0 0.2021484375 0.97802734375 0.08203125 0.0439453125
0 0.22021484375 0.90234375 0.0673828125 0.060546875
0 0.08642578125 0.83203125 0.0869140625 0.06640625
0 0.11669921875 0.7431640625 0.0810546875 0.06640625
0 0.125 0.67626953125 0.0625 0.0751953125
0 0.06982421875 0.63330078125 0.0732421875 0.0634765625
0 0.06005859375 0.5498046875 0.1201171875 0.087890625
0 0.40966796875 0.74267578125 0.0634765625 0.0693359375
0 0.36474609375 0.791015625 0.0810546875 0.109375
0 0.5087890625 0.6884765625 0.08203125 0.076171875
0 0.42822265625 0.56884765625 0.0673828125 0.0732421875
0 0.35791015625 0.4560546875 0.0791015625 0.095703125
0 0.4423828125 0.4833984375 0.060546875 0.0546875
0 0.51171875 0.42041015625 0.08984375 0.0908203125
0 0.32421875 0.28955078125 0.064453125 0.0615234375
0 0.2060546875 0.3828125 0.076171875 0.06640625
0 0.1787109375 0.31103515625 0.080078125 0.0693359375
0 0.45751953125 0.0830078125 0.1201171875 0.080078125
0 0.30810546875 0.03466796875 0.0908203125 0.0693359375
0 0.67333984375 0.19482421875 0.0830078125 0.0673828125
0 0.197265625 0.05224609375 0.064453125 0.0615234375
0 0.03759765625 0.07080078125 0.0751953125 0.0693359375
0 0.04052734375 0.15966796875 0.0771484375 0.0673828125
0 0.25537109375 0.63671875 0.0673828125 0.060546875
0 0.17333984375 0.70654296875 0.0830078125 0.0771484375
0 0.21728515625 0.109375 0.0771484375 0.072265625
0 0.30615234375 0.4814453125 0.0654296875 0.06640625
