0 0.58837890625 0.48095703125 0.0791015625 0.0908203125
0 0.33837890625 0.6162109375 0.0615234375 0.08203125
0 0.310546875 0.7001953125 0.068359375 0.08984375
0 0.28662109375 0.373046875 0.0595703125 0.087890625
0 0.7158203125 0.3798828125 0.080078125 0.0703125
0 0.48046875 0.6669921875 0.0625 0.083984375
0 0.6142578125 0.919921875 0.080078125 0.09765625
0 0.51806640625 0.255859375 0.0849609375 0.076171875
0 0.79296875 0.56884765625 0.080078125 0.0673828125
0 0.427734375 0.3935546875 0.080078125 0.099609375
0 0.8154296875 0.1064453125 0.087890625 0.080078125
0 0.3037109375 0.505859375 0.080078125 0.0625
0 0.61181640625 0.2841796875 0.0732421875 0.056640625
0 0.85400390625 0.07763671875 0.0341796875 0.0810546875
0 0.08154296875 0.7666015625 0.1005859375 0.095703125
0 0.18505859375 0.84423828125 0.0693359375 0.0732421875
0 0.08447265625 0.4169921875 0.0869140625 0.076171875
0 0.97314453125 0.3388671875 0.0537109375 0.0546875
0 0.0400390625 0.94482421875 0.076171875 0.0537109375
0 0.55712890625 0.03564453125 0.0654296875 0.0693359375
0 0.68505859375 0.1708984375 0.0537109375 0.099609375
0 0.80126953125 0.2548828125 0.0791015625 0.083984375
0 0.6044921875 0.310546875 0.0625 0.0546875
0 0.7021484375 0.8203125 0.03125 0.078125
0 0.13720703125 0.04443359375 0.0693359375 0.0595703125
0 0.83642578125 0.41552734375 0.0576171875 0.0341796875
0 0.087890625 0.2294921875 0.0625 0.052734375
0 0.27880859375 0.19677734375 0.0595703125 0.0849609375
0 0.88427734375 0.2021484375 0.0732421875 0.072265625
0 0.8037109375 0.650390625 0.0546875 0.06640625
0 0.3720703125 0.57470703125 0.08984375 0.0361328125
0 0.91357421875 0.17138671875 0.0517578125 0.0673828125
0 0.2578125 0.44677734375 0.080078125 0.0732421875
0 0.177734375 0.6376953125 0.08203125 0.046875
0 0.93115234375 0.6435546875 0.0517578125 0.048828125
0 0.24853515625 0.26025390625 0.0654296875 0.0732421875
0 0.18310546875 0.41064453125 0.0830078125 0.0498046875
0 0.56884765625 0.8046875 0.0478515625 0.072265625
0 0.7177734375 0.46826171875 0.068359375 0.0419921875
0 0.974609375 0.1943359375 0.05078125 0.0859375
0 0.2265625 0.5634765625 0.076171875 0.04296875
0 0.73681640625 0.95068359375 0.0458984375 0.0517578125
0 0.91259765625 0.54833984375 0.0263671875 0.0654296875
0 0.46484375 0.9609375 0.080078125 0.037109375
0 0.9921875 0.7021484375 0.015625 0.05859375
0 0.3896484375 0.70947265625 0.099609375 0.1025390625
0 0.02783203125 0.3134765625 0.0556640625 0.048828125
0 0.68115234375 0.02392578125 0.0439453125 0.0478515625
0 0.0498046875 0.25048828125 0.068359375 0.0439453125
0 0.80517578125 0.68994140625 0.0478515625 0.0556640625
0 0.9931640625 0.66064453125 0.013671875 0.0615234375
0 0.91748046875 0.1259765625 0.0419921875 0.072265625
0 0.94287109375 0.890625 0.0439453125 0.07421875
0 0.43505859375 0.89453125 0.0849609375 0.037109375
0 0.94287109375 0.63525390625 0.0517578125 0.0556640625
0 0.8740234375 0.576171875 0.064453125 0.0703125
0 0.92578125 0.5927734375 0.080078125 0.048828125
0 0.3955078125 0.6484375 0.04296875 0.05859375
0 0.751953125 0.5634765625 0.048828125 0.080078125
0 0.61572265625 0.2294921875 0.0556640625 0.048828125
0 0.5205078125 0.97265625 0.029296875 0.0546875
0 0.13037109375 0.8916015625 0.0771484375 0.02734375
0 0.58349609375 0.73486328125 0.0322265625 0.0595703125
0 0.81591796875 0.650390625 0.0517578125 0.072265625
0 0.85205078125 0.34814453125 0.0419921875 0.0419921875
0 0.19677734375 0.96044921875 0.0712890625 0.0146484375
0 0.958984375 0.09765625 0.03125 0.091796875
0 0.1962890625 0.23193359375 0.0390625 0.0654296875
0 0.990234375 0.1103515625 0.01953125 0.052734375
0 0.60693359375 0.2998046875 0.0712890625 0.05859375
0 0.6162109375 0.083984375 0.046875 0.041015625
0 0.8291015625 0.98828125 0.044921875 0.01953125
0 0.35546875 0.43212890625 0.04296875 0.0498046875
0 0.6630859375 0.248046875 0.0546875 0.041015625
0 0.16943359375 0.609375 0.1103515625 0.08984375
0 0.013671875 0.4619140625 0.025390625 0.05078125
0 0.29052734375 0.20361328125 0.0517578125 0.0849609375
0 0.9873046875 0.955078125 0.025390625 0.03515625
0 0.9912109375 0.9140625 0.017578125 0.056640625
0 0.6630859375 0.8291015625 0.033203125 0.0546875
0 0.53564453125 0.916015625 0.0849609375 0.064453125
0 0.43310546875 0.419921875 0.0615234375 0.0625
0 0.71826171875 0.8046875 0.0458984375 0.03515625
0 0.05712890625 0.97509765625 0.0791015625 0.0498046875
0 0.50439453125 0.48828125 0.0380859375 0.052734375
0 0.8154296875 0.15283203125 0.060546875 0.0537109375
0 0.97021484375 0.728515625 0.0595703125 0.083984375
