0 0.56103515625 0.95166015625 0.0986328125 0.0751953125
0 0.703125 0.4521484375 0.126953125 0.14453125
0 0.80322265625 0.23291015625 0.0927734375 0.1025390625
0 0.9443359375 0.51953125 0.10546875 0.095703125
0 0.92724609375 0.759765625 0.1455078125 0.080078125
0 0.95166015625 0.30517578125 0.0771484375 0.0791015625
0 0.7421875 0.921875 0.150390625 0.0703125
0 0.67529296875 0.6337890625 0.0888671875 0.076171875
0 0.951171875 0.9423828125 0.09765625 0.078125
0 0.73095703125 0.77099609375 0.1025390625 0.1025390625
0 0.8134765625 0.53515625 0.095703125 0.107421875
0 0.8154296875 0.1328125 0.08203125 0.078125
0 0.9072265625 0.87109375 0.12890625 0.068359375
0 0.97265625 0.32958984375 0.0546875 0.0517578125
0 0.9482421875 0.67138671875 0.103515625 0.0537109375
