0 0.11474609375 0.80078125 0.1044921875 0.123046875
0 0.07275390625 0.21923828125 0.0966796875 0.1142578125
0 0.677734375 0.69287109375 0.12109375 0.1318359375
0 0.52099609375 0.41650390625 0.1044921875 0.0673828125
0 0.17333984375 0.0458984375 0.1025390625 0.072265625
0 0.09716796875 0.623046875 0.1162109375 0.13671875
0 0.91845703125 0.71826171875 0.1455078125 0.1025390625
0 0.8857421875 0.36328125 0.126953125 0.1015625
0 0.10205078125 0.94482421875 0.1103515625 0.1103515625
0 0.69189453125 0.2373046875 0.1494140625 0.150390625
0 0.8212890625 0.4814453125 0.201171875 0.119140625
0 0.7880859375 0.38427734375 0.123046875 0.1396484375
0 0.5302734375 0.35302734375 0.095703125 0.0869140625
0 0.0283203125 0.46240234375 0.056640625 0.0908203125
0 0.9521484375 0.82958984375 0.095703125 0.0751953125
0 0.66064453125 0.02978515625 0.0869140625 0.0595703125
0 0.6982421875 0.3505859375 0.091796875 0.072265625
0 0.88720703125 0.974609375 0.1044921875 0.05078125
0 0.96630859375 0.5390625 0.0673828125 0.099609375
