0 0.62060546875 0.43359375 0.1279296875 0.072265625
0 0.11572265625 0.4033203125 0.1025390625 0.078125
0 0.2216796875 0.2294921875 0.08984375 0.07421875
0 0.75341796875 0.29833984375 0.1123046875 0.0673828125
0 0.53564453125 0.71875 0.1630859375 0.0625
0 0.4345703125 0.2783203125 0.099609375 0.09765625
0 0.720703125 0.689453125 0.177734375 0.060546875
0 0.0859375 0.59326171875 0.08203125 0.0576171875
0 0.263671875 0.65185546875 0.0625 0.0751953125
0 0.1357421875 0.728515625 0.08203125 0.072265625
0 0.58837890625 0.59375 0.1123046875 0.0625
0 0.4697265625 0.5546875 0.0703125 0.060546875
0 0.78173828125 0.80859375 0.1494140625 0.0625
0 0.8720703125 0.45458984375 0.19921875 0.0849609375
0 0.66943359375 0.07958984375 0.1455078125 0.0595703125
0 0.30078125 0.890625 0.078125 0.078125
0 0.6259765625 0.2236328125 0.126953125 0.072265625
0 0.68994140625 0.76708984375 0.1298828125 0.0595703125
0 0.6982421875 0.140625 0.107421875 0.08203125
0 0.80224609375 0.8544921875 0.1748046875 0.08984375
0 0.470703125 0.814453125 0.091796875 0.07421875
0 0.04052734375 0.11083984375 0.0673828125 0.0576171875
0 0.53173828125 0.6357421875 0.0849609375 0.072265625
0 0.39306640625 0.1142578125 0.0927734375 0.0546875
0 0.20556640625 0.0283203125 0.0673828125 0.052734375
0 0.19287109375 0.3486328125 0.0673828125 0.052734375
0 0.68212890625 0.974609375 0.0751953125 0.05078125
0 0.55615234375 0.2919921875 0.1025390625 0.0703125
0 0.62353515625 0.546875 0.1123046875 0.0703125
0 0.8408203125 0.20849609375 0.13671875 0.0771484375
0 0.5517578125 0.97607421875 0.16015625 0.0478515625
0 0.94580078125 0.8154296875 0.0966796875 0.0625
0 0.63330078125 0.92578125 0.1181640625 0.052734375
0 0.8681640625 0.97998046875 0.107421875 0.0400390625
0 0.90966796875 0.0869140625 0.1650390625 0.0703125
0 0.9228515625 0.966796875 0.125 0.060546875
0 0.33447265625 0.251953125 0.0498046875 0.0703125
0 0.81298828125 0.91357421875 0.1376953125 0.0771484375
0 0.40185546875 0.0283203125 0.1396484375 0.052734375
0 0.78466796875 0.49462890625 0.1552734375 0.1044921875
0 0.0009765625 0.3583984375 0.001953125 0.052734375
0 0.89111328125 0.0322265625 0.2177734375 0.060546875
0 0.64453125 0.02587890625 0.154296875 0.0478515625
0 0.29736328125 0.97119140625 0.0751953125 0.0576171875
0 0.658203125 0.2607421875 0.11328125 0.068359375
0 0.93115234375 0.25244140625 0.1376953125 0.0849609375
0 0.32568359375 0.73193359375 0.0673828125 0.0751953125
0 0.603515625 0.95947265625 0.1328125 0.0693359375
0 0.763671875 0.47607421875 0.107421875 0.0673828125
0 0.49169921875 0.93798828125 0.0947265625 0.0478515625
0 0.85546875 0.8818359375 0.052734375 0.03515625
0 0.19677734375 0.470703125 0.0498046875 0.052734375
0 0.41943359375 0.2470703125 0.1298828125 0.099609375
0 0.13818359375 0.37109375 0.0478515625 0.052734375
0 0.94091796875 0.14306640625 0.0927734375 0.0478515625
0 0.8291015625 0.171875 0.169921875 0.08984375
0 0.97216796875 0.21337890625 0.0556640625 0.0517578125
0 0.6708984375 0.30224609375 0.087890625 0.0595703125
0 0.412109375 0.15966796875 0.109375 0.0947265625
0 0.5595703125 0.1220703125 0.10546875 0.080078125
0 0.75830078125 0.03076171875 0.0869140625 0.0576171875
0 0.4482421875 0.03564453125 0.056640625 0.0673828125
0 0.31787109375 0.03564453125 0.0673828125 0.0673828125
0 0.45361328125 0.10986328125 0.0673828125 0.0498046875
0 0.89208984375 0.4384765625 0.2099609375 0.08203125
0 0.76416015625 0.58056640625 0.1298828125 0.0478515625
