0 0.87939453125 0.4970703125 0.0908203125 0.126953125
0 0.81396484375 0.30712890625 0.0810546875 0.0810546875
0 0.8701171875 0.34375 0.068359375 0.099609375
0 0.80126953125 0.08642578125 0.0927734375 0.1103515625
0 0.95703125 0.04296875 0.0859375 0.0859375
0 0.87353515625 0.029296875 0.0732421875 0.05859375
0 0.3369140625 0.05517578125 0.123046875 0.0732421875
0 0.31298828125 0.1884765625 0.0869140625 0.1171875
0 0.1845703125 0.39404296875 0.119140625 0.1123046875
0 0.3857421875 0.353515625 0.1171875 0.142578125
0 0.3349609375 0.54443359375 0.115234375 0.1435546875
0 0.126953125 0.5224609375 0.08203125 0.099609375
0 0.49755859375 0.3740234375 0.0830078125 0.072265625
0 0.56787109375 0.29248046875 0.0849609375 0.1103515625
0 0.64599609375 0.21728515625 0.0673828125 0.0751953125
0 0.84619140625 0.9384765625 0.0791015625 0.09375
0 0.9560546875 0.88134765625 0.06640625 0.0712890625
0 0.99072265625 0.92578125 0.0185546875 0.126953125
0 0.97119140625 0.97314453125 0.0498046875 0.0537109375
0 0.75341796875 0.6923828125 0.1162109375 0.091796875
0 0.72119140625 0.8125 0.1044921875 0.087890625
0 0.49072265625 0.97509765625 0.1611328125 0.0498046875
0 0.58447265625 0.9677734375 0.0595703125 0.064453125
0 0.53955078125 0.67041015625 0.1083984375 0.1025390625
0 0.18359375 0.66357421875 0.125 0.1181640625
0 0.21923828125 0.77978515625 0.1376953125 0.1318359375
0 0.1005859375 0.92626953125 0.12109375 0.1474609375
0 0.67724609375 0.513671875 0.0791015625 0.078125
