0 0.19580078125 0.103515625 0.0732421875 0.130859375
0 0.18408203125 0.27978515625 0.0712890625 0.0810546875
0 0.08349609375 0.37158203125 0.0791015625 0.0869140625
0 0.26708984375 0.3310546875 0.0947265625 0.05859375
0 0.39599609375 0.26220703125 0.0908203125 0.0595703125
0 0.52392578125 0.15771484375 0.0908203125 0.0986328125
0 0.42822265625 0.09375 0.0927734375 0.05859375
0 0.29248046875 0.16064453125 0.0556640625 0.0810546875
0 0.31787109375 0.2392578125 0.1103515625 0.091796875
0 0.42138671875 0.17431640625 0.0751953125 0.0732421875
0 0.63671875 0.24267578125 0.095703125 0.0751953125
0 0.47900390625 0.56689453125 0.1337890625 0.0751953125
0 0.73876953125 0.5283203125 0.1201171875 0.1015625
0 0.8408203125 0.478515625 0.115234375 0.072265625
0 0.9697265625 0.49755859375 0.060546875 0.1083984375
0 0.9638671875 0.330078125 0.072265625 0.103515625
0 0.96875 0.1650390625 0.0625 0.076171875
0 0.81884765625 0.07861328125 0.1884765625 0.1572265625
0 0.05615234375 0.02685546875 0.0673828125 0.0537109375
0 0.11865234375 0.83740234375 0.0986328125 0.0830078125
0 0.1865234375 0.7529296875 0.1015625 0.08203125
0 0.3173828125 0.775390625 0.0859375 0.0703125
0 0.44384765625 0.751953125 0.0693359375 0.064453125
0 0.5322265625 0.755859375 0.078125 0.06640625
0 0.52880859375 0.85400390625 0.0732421875 0.0654296875
0 0.52685546875 0.91748046875 0.0849609375 0.0888671875
0 0.681640625 0.9794921875 0.115234375 0.041015625
0 0.703125 0.8955078125 0.06640625 0.099609375
0 0.82470703125 0.87158203125 0.1396484375 0.0751953125
0 0.84814453125 0.96533203125 0.0634765625 0.0693359375
0 0.93359375 0.943359375 0.078125 0.09765625
0 0.90576171875 0.71826171875 0.0908203125 0.0927734375
0 0.71728515625 0.73046875 0.0908203125 0.080078125
0 0.41943359375 0.33544921875 0.0498046875 0.0634765625
0 0.70703125 0.62890625 0.021484375 0.01953125
