0 0.93212890625 0.6845703125 0.0751953125 0.060546875
0 0.74951171875 0.423828125 0.0634765625 0.08984375
0 0.65087890625 0.66455078125 0.0732421875 0.0654296875
0 0.67529296875 0.33203125 0.0751953125 0.087890625
0 0.71826171875 0.16064453125 0.0771484375 0.1123046875
0 0.916015625 0.4677734375 0.09765625 0.111328125
0 0.73046875 0.5419921875 0.072265625 0.064453125
0 0.72802734375 0.70703125 0.0673828125 0.07421875
0 0.77587890625 0.96435546875 0.0771484375 0.0654296875
0 0.6171875 0.55908203125 0.05859375 0.0498046875
0 0.89453125 0.58984375 0.064453125 0.080078125
0 0.025390625 0.69970703125 0.05078125 0.0830078125
0 0.86474609375 0.24853515625 0.0751953125 0.1220703125
0 0.86572265625 0.12939453125 0.0869140625 0.1103515625
0 0.52587890625 0.30859375 0.0830078125 0.0625
0 0.9345703125 0.8505859375 0.095703125 0.072265625
0 0.96142578125 0.921875 0.0771484375 0.0625
0 0.7431640625 0.60791015625 0.0625 0.0673828125
0 0.05712890625 0.2451171875 0.0810546875 0.08984375
0 0.8623046875 0.36767578125 0.068359375 0.0771484375
0 0.0791015625 0.6533203125 0.06640625 0.123046875
0 0.56591796875 0.2421875 0.0869140625 0.080078125
0 0.75927734375 0.0458984375 0.0751953125 0.087890625
0 0.8994140625 0.32421875 0.0546875 0.134765625
0 0.8193359375 0.61328125 0.0546875 0.072265625
