0 0.623046875 0.62841796875 0.078125 0.0791015625
0 0.7099609375 0.9140625 0.091796875 0.08984375
0 0.38427734375 0.951171875 0.1376953125 0.076171875
0 0.39013671875 0.12744140625 0.0751953125 0.0986328125
0 0.39111328125 0.240234375 0.1103515625 0.07421875
0 0.74755859375 0.0673828125 0.0771484375 0.05078125
0 0.2353515625 0.77685546875 0.0703125 0.0712890625
0 0.18603515625 0.60400390625 0.1357421875 0.0830078125
0 0.412109375 0.3701171875 0.12109375 0.05859375
0 0.49560546875 0.341796875 0.1142578125 0.080078125
0 0.56103515625 0.72509765625 0.0693359375 0.0732421875
0 0.91748046875 0.3037109375 0.0673828125 0.05078125
0 0.7001953125 0.63037109375 0.076171875 0.0556640625
0 0.4990234375 0.07373046875 0.091796875 0.1025390625
0 0.22412109375 0.05517578125 0.0732421875 0.0693359375
0 0.10888671875 0.7294921875 0.1337890625 0.07421875
0 0.05859375 0.7783203125 0.1171875 0.068359375
0 0.931640625 0.02734375 0.125 0.04296875
0 0.603515625 0.28955078125 0.06640625 0.0634765625
0 0.2373046875 0.32666015625 0.07421875 0.0458984375
0 0.06494140625 0.3466796875 0.0986328125 0.0625
0 0.22705078125 0.6884765625 0.0654296875 0.05078125
0 0.115234375 0.451171875 0.076171875 0.041015625
0 0.1220703125 0.41162109375 0.072265625 0.0751953125
0 0.08251953125 0.5078125 0.1123046875 0.046875
0 0.51123046875 0.97216796875 0.1005859375 0.0556640625
0 0.82861328125 0.31396484375 0.0908203125 0.1142578125
0 0.09716796875 0.95458984375 0.0986328125 0.0517578125
0 0.8466796875 0.38134765625 0.076171875 0.0947265625
0 0.20947265625 0.97412109375 0.1142578125 0.0341796875
0 0.17626953125 0.16357421875 0.0947265625 0.0498046875
0 0.958984375 0.162109375 0.078125 0.068359375
0 0.44775390625 0.0966796875 0.0732421875 0.048828125
0 0.248046875 0.42626953125 0.091796875 0.0439453125
0 0.6181640625 0.3408203125 0.08984375 0.048828125
0 0.06298828125 0.15234375 0.1259765625 0.072265625
0 0.9091796875 0.84326171875 0.103515625 0.0458984375
0 0.80419921875 0.7353515625 0.0849609375 0.048828125
0 0.42822265625 0.64013671875 0.0751953125 0.0380859375
0 0.92919921875 0.373046875 0.0810546875 0.041015625
0 0.93603515625 0.892578125 0.0849609375 0.041015625
0 0.12060546875 0.1630859375 0.0888671875 0.06640625
0 0.4521484375 0.61865234375 0.0859375 0.0400390625
0 0.7265625 0.4658203125 0.115234375 0.046875
0 0.97021484375 0.6826171875 0.0595703125 0.04296875
0 0.39453125 0.72900390625 0.05078125 0.0498046875
0 0.029296875 0.4228515625 0.05859375 0.068359375
0 0.65185546875 0.76025390625 0.0888671875 0.0322265625
0 0.9296875 0.68701171875 0.095703125 0.0400390625
0 0.7431640625 0.97705078125 0.05859375 0.0458984375
0 0.845703125 0.67626953125 0.0703125 0.0537109375
0 0.083984375 0.19775390625 0.078125 0.0498046875
0 0.861328125 0.4423828125 0.08984375 0.041015625
0 0.0302734375 0.35302734375 0.060546875 0.0498046875
0 0.0234375 0.71533203125 0.046875 0.0341796875
0 0.3681640625 0.56201171875 0.119140625 0.0419921875
0 0.03759765625 0.9140625 0.0400390625 0.171875
0 0.07373046875 0.04150390625 0.1064453125 0.0458984375
0 0.259765625 0.10107421875 0.080078125 0.0302734375
0 0.7958984375 0.2431640625 0.046875 0.041015625
0 0.24365234375 0.87890625 0.1396484375 0.083984375
0 0.16943359375 0.6435546875 0.0654296875 0.0234375
0 0.89306640625 0.716796875 0.0712890625 0.04296875
0 0.6220703125 0.94775390625 0.09375 0.0419921875
0 0.54736328125 0.0732421875 0.1416015625 0.146484375
0 0.73388671875 0.009765625 0.0400390625 0.01953125
0 0.025390625 0.17822265625 0.05078125 0.0361328125
0 0.06884765625 0.0498046875 0.1376953125 0.0625
0 0.2255859375 0.99072265625 0.076171875 0.0185546875
0 0.0126953125 0.888671875 0.025390625 0.044921875
0 0.0087890625 0.94140625 0.017578125 0.03515625
0 0.65380859375 0.80810546875 0.1201171875 0.0556640625
0 0.56591796875 0.8203125 0.1064453125 0.041015625
0 0.6611328125 0.98046875 0.126953125 0.0390625
0 0.45849609375 0.69873046875 0.1201171875 0.0458984375
0 0.17529296875 0.82763671875 0.0673828125 0.0478515625
0 0.1845703125 0.875 0.0703125 0.03125
0 0.95849609375 0.96923828125 0.0791015625 0.0361328125
0 0.86376953125 0.98828125 0.0751953125 0.0234375
0 0.427734375 0.7216796875 0.103515625 0.064453125
0 0.3818359375 0.484375 0.099609375 0.04296875
0 0.4697265625 0.48583984375 0.09765625 0.0380859375
0 0.45751953125 0.4677734375 0.1103515625 0.044921875
0 0.5625 0.7001953125 0.0703125 0.04296875
0 0.0185546875 0.751953125 0.037109375 0.033203125
0 0.0205078125 0.509765625 0.041015625 0.0390625
0 0.1845703125 0.27490234375 0.109375 0.0849609375
0 0.13525390625 0.26611328125 0.0595703125 0.0400390625
0 0.0205078125 0.2578125 0.041015625 0.048828125
0 0.10546875 0.33935546875 0.10546875 0.0595703125
0 0.02490234375 0.31298828125 0.0498046875 0.0400390625
0 0.0390625 0.01318359375 0.078125 0.0263671875
