0 0.9501953125 0.072265625 0.099609375 0.05859375
0 0.93115234375 0.11181640625 0.0849609375 0.0654296875
0 0.8310546875 0.15283203125 0.072265625 0.0869140625
0 0.8154296875 0.2421875 0.060546875 0.083984375
0 0.6806640625 0.23828125 0.0625 0.068359375
0 0.50439453125 0.17431640625 0.0771484375 0.0810546875
0 0.44140625 0.12060546875 0.1171875 0.0693359375
0 0.42138671875 0.025390625 0.0751953125 0.05078125
0 0.26416015625 0.03955078125 0.1044921875 0.0791015625
0 0.25146484375 0.0859375 0.0947265625 0.05078125
0 0.0634765625 0.08154296875 0.111328125 0.0810546875
0 0.380859375 0.1767578125 0.0859375 0.052734375
0 0.3896484375 0.2392578125 0.1015625 0.0703125
0 0.486328125 0.28662109375 0.08984375 0.0771484375
0 0.384765625 0.310546875 0.0625 0.04296875
0 0.171875 0.19873046875 0.06640625 0.1142578125
0 0.103515625 0.21240234375 0.09375 0.0693359375
0 0.171875 0.36083984375 0.072265625 0.1259765625
0 0.22412109375 0.37548828125 0.0537109375 0.1025390625
0 0.3291015625 0.41259765625 0.083984375 0.1025390625
0 0.3447265625 0.37646484375 0.041015625 0.0654296875
0 0.3154296875 0.53759765625 0.076171875 0.0673828125
0 0.0400390625 0.59375 0.080078125 0.080078125
0 0.2138671875 0.73583984375 0.111328125 0.0634765625
0 0.54345703125 0.74462890625 0.0966796875 0.0888671875
0 0.53271484375 0.6240234375 0.1240234375 0.07421875
0 0.65478515625 0.6240234375 0.1474609375 0.06640625
0 0.69482421875 0.5634765625 0.0888671875 0.064453125
0 0.6708984375 0.48974609375 0.080078125 0.0732421875
0 0.669921875 0.40625 0.05859375 0.08984375
0 0.67626953125 0.322265625 0.0634765625 0.056640625
0 0.82470703125 0.40673828125 0.0673828125 0.0673828125
0 0.86572265625 0.5107421875 0.0634765625 0.08203125
0 0.92236328125 0.474609375 0.0576171875 0.083984375
0 0.35693359375 0.90771484375 0.0732421875 0.0947265625
0 0.5625 0.91552734375 0.109375 0.0791015625
0 0.24658203125 0.978515625 0.1064453125 0.04296875
0 0.0791015625 0.87939453125 0.072265625 0.0654296875
0 0.06591796875 0.9248046875 0.0869140625 0.052734375
0 0.689453125 0.97119140625 0.06640625 0.0576171875
0 0.91845703125 0.83056640625 0.0478515625 0.1064453125
0 0.974609375 0.8837890625 0.05078125 0.091796875
0 0.71484375 0.67919921875 0.07421875 0.0576171875
