0 0.953125 0.3115234375 0.09375 0.0859375
0 0.94921875 0.49951171875 0.091796875 0.1005859375
0 0.86474609375 0.5654296875 0.0947265625 0.09375
0 0.7783203125 0.62109375 0.15625 0.099609375
0 0.5478515625 0.51904296875 0.150390625 0.1455078125
0 0.80029296875 0.36572265625 0.0908203125 0.0771484375
0 0.3251953125 0.2001953125 0.11328125 0.080078125
0 0.21240234375 0.70166015625 0.1494140625 0.1103515625
0 0.33154296875 0.8828125 0.1201171875 0.115234375
0 0.5126953125 0.794921875 0.083984375 0.08984375
0 0.1318359375 0.8896484375 0.12890625 0.087890625
0 0.22509765625 0.20947265625 0.0966796875 0.1455078125
0 0.12158203125 0.34375 0.0849609375 0.087890625
0 0.177734375 0.42041015625 0.07421875 0.0849609375
0 0.06982421875 0.45556640625 0.0791015625 0.0654296875
0 0.03369140625 0.51708984375 0.0673828125 0.0791015625
0 0.3154296875 0.48486328125 0.064453125 0.0771484375
0 0.41845703125 0.46337890625 0.0556640625 0.0791015625
0 0.33935546875 0.42236328125 0.0615234375 0.0595703125
0 0.40234375 0.39013671875 0.1484375 0.0966796875
0 0.65673828125 0.513671875 0.0615234375 0.06640625
0 0.83154296875 0.47314453125 0.0419921875 0.0458984375
0 0.50244140625 0.287109375 0.1005859375 0.09375
0 0.58203125 0.1298828125 0.068359375 0.046875
0 0.5634765625 0.02978515625 0.1171875 0.0595703125
0 0.89404296875 0.35205078125 0.0556640625 0.0673828125
0 0.91455078125 0.24658203125 0.0693359375 0.0634765625
0 0.84423828125 0.09619140625 0.0947265625 0.0576171875
0 0.97509765625 0.029296875 0.0498046875 0.05859375
0 0.82177734375 0.01904296875 0.1376953125 0.0380859375
0 0.86279296875 0.04443359375 0.0732421875 0.0537109375
0 0.46142578125 0.64453125 0.1806640625 0.095703125
0 0.55419921875 0.7294921875 0.0615234375 0.064453125
0 0.7900390625 0.7763671875 0.08984375 0.0625
0 0.7900390625 0.89892578125 0.068359375 0.0693359375
0 0.93505859375 0.87060546875 0.0771484375 0.0458984375
0 0.599609375 0.91015625 0.080078125 0.115234375
0 0.490234375 0.89892578125 0.0625 0.0419921875
0 0.45556640625 0.95068359375 0.0927734375 0.0751953125
0 0.06005859375 0.265625 0.1201171875 0.109375
0 0.0361328125 0.10205078125 0.072265625 0.1025390625
0 0.0625 0.26953125 0.125 0.087890625
