0 0.69970703125 0.95458984375 0.0693359375 0.0908203125
0 0.365234375 0.115234375 0.123046875 0.1171875
0 0.6640625 0.6982421875 0.068359375 0.06640625
0 0.18896484375 0.16796875 0.0888671875 0.08984375
0 0.5986328125 0.24169921875 0.083984375 0.1005859375
0 0.0556640625 0.20947265625 0.052734375 0.0751953125
0 0.33984375 0.47021484375 0.087890625 0.0849609375
0 0.47021484375 0.30712890625 0.1142578125 0.0869140625
0 0.064453125 0.1337890625 0.068359375 0.10546875
0 0.1435546875 0.64013671875 0.111328125 0.0517578125
0 0.94970703125 0.267578125 0.0517578125 0.08203125
0 0.1123046875 0.365234375 0.08203125 0.091796875
0 0.26904296875 0.189453125 0.0732421875 0.10546875
0 0.9072265625 0.52001953125 0.103515625 0.1025390625
0 0.5986328125 0.5673828125 0.099609375 0.056640625
0 0.04541015625 0.58642578125 0.0908203125 0.0830078125
0 0.23486328125 0.41650390625 0.1220703125 0.1025390625
0 0.38623046875 0.4248046875 0.0849609375 0.06640625
0 0.41748046875 0.1123046875 0.1298828125 0.099609375
0 0.78759765625 0.48388671875 0.1630859375 0.0732421875
0 0.3701171875 0.8466796875 0.072265625 0.0703125
0 0.4501953125 0.900390625 0.1015625 0.0546875
0 0.19384765625 0.46630859375 0.1220703125 0.0908203125
0 0.1953125 0.1337890625 0.087890625 0.0546875
0 0.51318359375 0.64697265625 0.0947265625 0.0517578125
0 0.85693359375 0.56591796875 0.0419921875 0.0830078125
0 0.7431640625 0.572265625 0.072265625 0.0546875
0 0.20458984375 0.333984375 0.0908203125 0.037109375
0 0.2919921875 0.412109375 0.08984375 0.068359375
0 0.0830078125 0.380859375 0.091796875 0.060546875
0 0.87890625 0.46826171875 0.07421875 0.0595703125
0 0.7490234375 0.2421875 0.03515625 0.072265625
0 0.4111328125 0.912109375 0.0703125 0.0390625
0 0.9775390625 0.91552734375 0.044921875 0.0693359375
0 0.43017578125 0.76708984375 0.0478515625 0.0576171875
0 0.48583984375 0.0732421875 0.0576171875 0.041015625
0 0.39599609375 0.68798828125 0.0595703125 0.0478515625
0 0.06787109375 0.072265625 0.0908203125 0.033203125
0 0.5546875 0.24853515625 0.046875 0.0771484375
0 0.5283203125 0.166015625 0.08984375 0.056640625
0 0.044921875 0.46630859375 0.05078125 0.0634765625
0 0.10302734375 0.5380859375 0.0791015625 0.05078125
0 0.27197265625 0.01123046875 0.0400390625 0.0224609375
0 0.78515625 0.5634765625 0.076171875 0.052734375
0 0.412109375 0.83349609375 0.078125 0.0419921875
0 0.7978515625 0.837890625 0.046875 0.06640625
0 0.08154296875 0.6513671875 0.0673828125 0.0234375
0 0.68408203125 0.55712890625 0.0517578125 0.0400390625
0 0.44384765625 0.18701171875 0.0771484375 0.0478515625
0 0.47802734375 0.54736328125 0.0771484375 0.0595703125
0 0.4775390625 0.97314453125 0.115234375 0.0478515625
0 0.42041015625 0.81884765625 0.0791015625 0.0341796875
0 0.2294921875 0.818359375 0.083984375 0.091796875
0 0.9912109375 0.25732421875 0.017578125 0.0595703125
0 0.2080078125 0.697265625 0.083984375 0.046875
0 0.0615234375 0.2001953125 0.0625 0.091796875
0 0.267578125 0.74951171875 0.109375 0.0419921875
0 0.86767578125 0.97265625 0.1005859375 0.03515625
0 0.35107421875 0.99072265625 0.0771484375 0.0185546875
0 0.609375 0.9111328125 0.041015625 0.041015625
0 0.0244140625 0.95947265625 0.048828125 0.0498046875
0 0.75439453125 0.7998046875 0.0517578125 0.0703125
0 0.04736328125 0.0419921875 0.0849609375 0.044921875
0 0.29638671875 0.86328125 0.0869140625 0.1015625
0 0.798828125 0.8916015625 0.0859375 0.05078125
0 0.56884765625 0.541015625 0.0693359375 0.0625
0 0.64013671875 0.76953125 0.1669921875 0.138671875
0 0.07568359375 0.78564453125 0.0986328125 0.0947265625
0 0.1982421875 0.408203125 0.083984375 0.0625
0 0.1279296875 0.94775390625 0.09765625 0.0419921875
0 0.185546875 0.97021484375 0.107421875 0.0400390625
0 0.064453125 0.9765625 0.0546875 0.046875
0 0.72119140625 0.79833984375 0.0732421875 0.0869140625
0 0.732421875 0.85888671875 0.099609375 0.0830078125
0 0.3427734375 0.2646484375 0.1015625 0.05859375
0 0.326171875 0.2119140625 0.103515625 0.080078125
0 0.16650390625 0.50048828125 0.0947265625 0.0869140625
