0 0.11865234375 0.03564453125 0.0615234375 0.0654296875
0 0.0263671875 0.037109375 0.052734375 0.07421875
0 0.033203125 0.1376953125 0.06640625 0.076171875
0 0.0830078125 0.1796875 0.041015625 0.052734375
0 0.1494140625 0.232421875 0.068359375 0.07421875
0 0.1640625 0.27880859375 0.09765625 0.0751953125
0 0.0234375 0.23828125 0.046875 0.076171875
0 0.03515625 0.34765625 0.0703125 0.0625
0 0.19091796875 0.55029296875 0.0654296875 0.0576171875
0 0.1884765625 0.73828125 0.083984375 0.05078125
0 0.1220703125 0.7265625 0.064453125 0.064453125
0 0.052734375 0.7431640625 0.087890625 0.05078125
0 0.02490234375 0.69970703125 0.0498046875 0.0654296875
0 0.1875 0.70068359375 0.08203125 0.0322265625
0 0.19677734375 0.67529296875 0.0908203125 0.0478515625
0 0.30517578125 0.6455078125 0.0419921875 0.046875
0 0.3212890625 0.7236328125 0.064453125 0.044921875
0 0.3017578125 0.80126953125 0.060546875 0.0517578125
0 0.28564453125 0.87646484375 0.0458984375 0.0419921875
0 0.7607421875 0.03271484375 0.0859375 0.0654296875
0 0.615234375 0.115234375 0.0546875 0.078125
0 0.44189453125 0.2099609375 0.0712890625 0.0546875
0 0.4912109375 0.173828125 0.05859375 0.0859375
0 0.49560546875 0.22021484375 0.0439453125 0.0810546875
0 0.54541015625 0.22412109375 0.0751953125 0.0595703125
0 0.64697265625 0.25634765625 0.0400390625 0.0654296875
0 0.58935546875 0.314453125 0.0966796875 0.0546875
0 0.49951171875 0.33544921875 0.0537109375 0.0537109375
0 0.52978515625 0.4052734375 0.0732421875 0.048828125
0 0.693359375 0.35302734375 0.078125 0.0556640625
0 0.71142578125 0.32177734375 0.0517578125 0.0556640625
0 0.75 0.30615234375 0.052734375 0.0693359375
0 0.7685546875 0.357421875 0.064453125 0.046875
0 0.8154296875 0.349609375 0.033203125 0.06640625
0 0.81103515625 0.2802734375 0.0556640625 0.0546875
0 0.78466796875 0.27734375 0.0693359375 0.0703125
0 0.78369140625 0.2216796875 0.0576171875 0.06640625
0 0.75439453125 0.2119140625 0.0556640625 0.048828125
0 0.87744140625 0.29736328125 0.0595703125 0.1025390625
0 0.88720703125 0.36376953125 0.0751953125 0.0771484375
0 0.97119140625 0.26123046875 0.0498046875 0.0830078125
0 0.90185546875 0.1982421875 0.0556640625 0.072265625
0 0.9208984375 0.17236328125 0.041015625 0.0576171875
0 0.9345703125 0.15380859375 0.109375 0.0673828125
0 0.91845703125 0.11181640625 0.0927734375 0.0439453125
0 0.97314453125 0.1142578125 0.0537109375 0.060546875
0 0.7138671875 0.4521484375 0.056640625 0.0390625
0 0.5791015625 0.70458984375 0.056640625 0.0693359375
0 0.58935546875 0.7646484375 0.0810546875 0.068359375
0 0.4892578125 0.76123046875 0.0703125 0.0458984375
0 0.42919921875 0.73193359375 0.0576171875 0.0732421875
0 0.44140625 0.76123046875 0.087890625 0.0439453125
0 0.3828125 0.748046875 0.05859375 0.078125
0 0.40771484375 0.80712890625 0.0673828125 0.0537109375
0 0.48779296875 0.806640625 0.0654296875 0.0546875
0 0.34228515625 0.8388671875 0.0810546875 0.078125
0 0.8837890625 0.94482421875 0.06640625 0.0478515625
0 0.95068359375 0.81689453125 0.0478515625 0.0595703125
0 0.8486328125 0.767578125 0.107421875 0.05859375
0 0.91162109375 0.7265625 0.0693359375 0.04296875
0 0.7421875 0.7529296875 0.05859375 0.04296875
0 0.7236328125 0.875 0.060546875 0.07421875
0 0.92138671875 0.01611328125 0.0673828125 0.0322265625
0 0.833984375 0.15087890625 0.052734375 0.0615234375
0 0.8916015625 0.45751953125 0.07421875 0.0478515625
