0 0.51171875 0.31591796875 0.107421875 0.0576171875
0 0.771484375 0.576171875 0.08984375 0.060546875
0 0.24755859375 0.955078125 0.0888671875 0.083984375
0 0.35009765625 0.11083984375 0.1357421875 0.0654296875
0 0.73681640625 0.79736328125 0.0927734375 0.0517578125
0 0.90869140625 0.1513671875 0.0849609375 0.056640625
0 0.50146484375 0.6103515625 0.1162109375 0.05859375
0 0.41259765625 0.7734375 0.0732421875 0.068359375
0 0.9228515625 0.73876953125 0.08984375 0.0595703125
0 0.53076171875 0.2412109375 0.0810546875 0.05078125
0 0.630859375 0.42236328125 0.091796875 0.0751953125
0 0.96435546875 0.2197265625 0.0712890625 0.044921875
0 0.97705078125 0.2998046875 0.0458984375 0.037109375
0 0.62548828125 0.04052734375 0.0673828125 0.0556640625
0 0.203125 0.291015625 0.109375 0.046875
0 0.935546875 0.54541015625 0.0859375 0.0595703125
0 0.81201171875 0.86328125 0.1025390625 0.044921875
0 0.8349609375 0.03125 0.0859375 0.05859375
0 0.66455078125 0.58544921875 0.0654296875 0.0498046875
0 0.9912109375 0.2685546875 0.017578125 0.046875
0 0.4228515625 0.62744140625 0.099609375 0.0341796875
0 0.37060546875 0.19287109375 0.0732421875 0.0537109375
0 0.6005859375 0.1708984375 0.072265625 0.056640625
0 0.80419921875 0.0693359375 0.0869140625 0.033203125
0 0.193359375 0.17333984375 0.091796875 0.0283203125
0 0.31640625 0.83935546875 0.080078125 0.0771484375
0 0.4521484375 0.56298828125 0.0859375 0.0302734375
0 0.123046875 0.65673828125 0.119140625 0.0341796875
0 0.076171875 0.2626953125 0.14453125 0.0390625
0 0.0546875 0.6123046875 0.099609375 0.033203125
0 0.17724609375 0.48291015625 0.1083984375 0.0595703125
0 0.2783203125 0.236328125 0.09375 0.03125
0 0.96533203125 0.53515625 0.0693359375 0.037109375
0 0.681640625 0.6533203125 0.12109375 0.052734375
0 0.7744140625 0.34619140625 0.06640625 0.0380859375
0 0.04833984375 0.71630859375 0.0947265625 0.0517578125
0 0.73876953125 0.52392578125 0.0673828125 0.0791015625
0 0.5849609375 0.970703125 0.091796875 0.033203125
0 0.76953125 0.712890625 0.078125 0.02734375
0 0.396484375 0.35205078125 0.10546875 0.0419921875
0 0.17041015625 0.46484375 0.0947265625 0.056640625
0 0.328125 0.19775390625 0.08203125 0.0498046875
0 0.13037109375 0.68359375 0.0908203125 0.021484375
0 0.12060546875 0.90185546875 0.1181640625 0.0380859375
0 0.04443359375 0.580078125 0.0888671875 0.046875
0 0.32470703125 0.58984375 0.0947265625 0.03125
0 0.8955078125 0.8642578125 0.05078125 0.02734375
0 0.08251953125 0.75048828125 0.1025390625 0.0302734375
0 0.42822265625 0.24169921875 0.1083984375 0.0439453125
0 0.43359375 0.01123046875 0.060546875 0.0224609375
0 0.908203125 0.06103515625 0.048828125 0.0263671875
0 0.63134765625 0.669921875 0.0693359375 0.025390625
0 0.04443359375 0.63232421875 0.0693359375 0.0283203125
0 0.53466796875 0.0078125 0.0498046875 0.015625
0 0.02392578125 0.06689453125 0.0478515625 0.0205078125
0 0.7666015625 0.68603515625 0.068359375 0.0244140625
0 0.49560546875 0.25732421875 0.0673828125 0.0302734375
0 0.76513671875 0.623046875 0.0654296875 0.03125
0 0.17529296875 0.87841796875 0.0830078125 0.0263671875
0 0.73388671875 0.9326171875 0.0478515625 0.015625
0 0.2236328125 0.5224609375 0.05078125 0.029296875
