0 0.576171875 0.21630859375 0.07421875 0.0537109375
0 0.65185546875 0.1845703125 0.0732421875 0.0625
0 0.66845703125 0.24609375 0.0556640625 0.056640625
0 0.72509765625 0.23681640625 0.0576171875 0.0498046875
0 0.77001953125 0.19482421875 0.0810546875 0.0634765625
0 0.73046875 0.12060546875 0.09765625 0.0595703125
0 0.7119140625 0.04443359375 0.09375 0.0771484375
0 0.609375 0.0849609375 0.072265625 0.060546875
0 0.8115234375 0.2919921875 0.048828125 0.06640625
0 0.86962890625 0.25390625 0.0556640625 0.0625
0 0.93115234375 0.25341796875 0.0830078125 0.1201171875
0 0.4541015625 0.28076171875 0.0703125 0.0419921875
0 0.38232421875 0.38037109375 0.0576171875 0.0537109375
0 0.32666015625 0.4765625 0.1044921875 0.05078125
0 0.3916015625 0.49365234375 0.056640625 0.0634765625
0 0.70703125 0.341796875 0.125 0.05078125
0 0.85302734375 0.42626953125 0.0498046875 0.0810546875
0 0.8173828125 0.42626953125 0.056640625 0.0888671875
0 0.7333984375 0.4072265625 0.0859375 0.041015625
0 0.90380859375 0.3779296875 0.0615234375 0.091796875
0 0.9501953125 0.39697265625 0.0703125 0.0654296875
0 0.92578125 0.48779296875 0.05859375 0.0947265625
0 0.9267578125 0.55224609375 0.1015625 0.0771484375
0 0.06689453125 0.41064453125 0.1298828125 0.0771484375
0 0.02099609375 0.28271484375 0.0419921875 0.0634765625
0 0.02392578125 0.18994140625 0.0478515625 0.0595703125
0 0.08837890625 0.23583984375 0.0986328125 0.0654296875
0 0.10986328125 0.30029296875 0.0439453125 0.0615234375
0 0.142578125 0.32568359375 0.0546875 0.0771484375
0 0.16748046875 0.5400390625 0.0712890625 0.06640625
0 0.060546875 0.50146484375 0.12109375 0.0966796875
0 0.16552734375 0.11328125 0.0478515625 0.07421875
0 0.51025390625 0.619140625 0.0732421875 0.072265625
0 0.58447265625 0.6162109375 0.0615234375 0.064453125
0 0.56591796875 0.6728515625 0.0908203125 0.052734375
0 0.62890625 0.64990234375 0.0703125 0.0478515625
0 0.6435546875 0.5087890625 0.083984375 0.052734375
0 0.52001953125 0.52001953125 0.0537109375 0.0478515625
0 0.3251953125 0.6279296875 0.06640625 0.06640625
0 0.2548828125 0.638671875 0.080078125 0.064453125
0 0.13623046875 0.62353515625 0.1005859375 0.0634765625
0 0.13623046875 0.685546875 0.0888671875 0.064453125
0 0.21728515625 0.7451171875 0.0517578125 0.060546875
0 0.31103515625 0.72705078125 0.0556640625 0.0537109375
0 0.42041015625 0.69140625 0.0478515625 0.091796875
0 0.4970703125 0.74853515625 0.11328125 0.0654296875
0 0.40771484375 0.81103515625 0.0791015625 0.0478515625
0 0.32373046875 0.83935546875 0.1083984375 0.0732421875
0 0.470703125 0.87744140625 0.087890625 0.0693359375
0 0.705078125 0.7470703125 0.08984375 0.0546875
0 0.6259765625 0.7958984375 0.060546875 0.05078125
0 0.78173828125 0.72802734375 0.0849609375 0.0849609375
0 0.78955078125 0.658203125 0.0908203125 0.03515625
0 0.74267578125 0.57373046875 0.0615234375 0.0634765625
0 0.68115234375 0.59375 0.0654296875 0.06640625
0 0.81494140625 0.57763671875 0.0693359375 0.0712890625
0 0.92041015625 0.69482421875 0.0615234375 0.0556640625
0 0.974609375 0.71923828125 0.05078125 0.0810546875
0 0.84521484375 0.87060546875 0.0908203125 0.0908203125
0 0.771484375 0.9306640625 0.076171875 0.06640625
0 0.77734375 0.9775390625 0.06640625 0.044921875
0 0.55810546875 0.89794921875 0.0654296875 0.0693359375
0 0.044921875 0.74560546875 0.056640625 0.0537109375
0 0.19091796875 0.22900390625 0.0419921875 0.0439453125
0 0.22900390625 0.591796875 0.0458984375 0.04296875
0 0.61474609375 0.27880859375 0.0537109375 0.0400390625
0 0.5576171875 0.7919921875 0.052734375 0.03125
0 0.65576171875 0.74462890625 0.0556640625 0.0537109375
0 0.67919921875 0.29150390625 0.0771484375 0.0458984375
