0 0.9296875 0.30322265625 0.134765625 0.0771484375
0 0.17529296875 0.20849609375 0.0654296875 0.0791015625
0 0.92138671875 0.16845703125 0.1572265625 0.0771484375
0 0.79443359375 0.751953125 0.0556640625 0.0546875
0 0.54638671875 0.6826171875 0.1357421875 0.1484375
0 0.5087890625 0.1630859375 0.06640625 0.08984375
0 0.76416015625 0.27587890625 0.1298828125 0.1220703125
0 0.3408203125 0.2373046875 0.11328125 0.16015625
0 0.060546875 0.28759765625 0.078125 0.1162109375
0 0.28515625 0.55859375 0.095703125 0.09765625
0 0.8642578125 0.40576171875 0.150390625 0.0732421875
0 0.845703125 0.47998046875 0.09765625 0.0849609375
0 0.29052734375 0.9775390625 0.1123046875 0.044921875
0 0.9697265625 0.83251953125 0.060546875 0.0849609375
0 0.80908203125 0.650390625 0.1005859375 0.0625
0 0.7197265625 0.8544921875 0.060546875 0.080078125
0 0.1845703125 0.04052734375 0.07421875 0.0771484375
0 0.0517578125 0.44287109375 0.08984375 0.0830078125
0 0.12353515625 0.0234375 0.0478515625 0.04296875
0 0.6728515625 0.50146484375 0.068359375 0.0947265625
0 0.6240234375 0.181640625 0.0390625 0.052734375
