0 0.04296875 0.5654296875 0.0859375 0.10546875
0 0.20703125 0.63330078125 0.072265625 0.0830078125
0 0.30615234375 0.716796875 0.0751953125 0.091796875
0 0.1318359375 0.84814453125 0.107421875 0.1884765625
0 0.03515625 0.93798828125 0.0703125 0.1005859375
0 0.41796875 0.94775390625 0.109375 0.0732421875
0 0.6005859375 0.86572265625 0.10546875 0.0869140625
0 0.775390625 0.83203125 0.08984375 0.103515625
0 0.609375 0.62158203125 0.107421875 0.0751953125
0 0.49755859375 0.64892578125 0.1005859375 0.0791015625
0 0.66015625 0.50048828125 0.109375 0.1337890625
0 0.32861328125 0.31591796875 0.0693359375 0.0908203125
0 0.142578125 0.20068359375 0.109375 0.0830078125
0 0.1396484375 0.10546875 0.087890625 0.076171875
0 0.06494140625 0.29638671875 0.0810546875 0.0791015625
0 0.14306640625 0.33740234375 0.0751953125 0.0791015625
0 0.59912109375 0.06103515625 0.1728515625 0.0888671875
0 0.96044921875 0.802734375 0.0791015625 0.111328125
0 0.92333984375 0.97021484375 0.1123046875 0.0595703125
0 0.98095703125 0.0810546875 0.0380859375 0.103515625
