0 0.8369140625 0.22119140625 0.109375 0.1025390625
0 0.87060546875 0.77978515625 0.1220703125 0.1103515625
0 0.85302734375 0.50927734375 0.1044921875 0.0751953125
0 0.1162109375 0.29296875 0.107421875 0.09765625
0 0.64697265625 0.2470703125 0.0947265625 0.10546875
0 0.1669921875 0.83935546875 0.150390625 0.1494140625
0 0.73583984375 0.27587890625 0.1220703125 0.1181640625
0 0.83203125 0.96337890625 0.130859375 0.0732421875
0 0.224609375 0.3359375 0.10546875 0.107421875
0 0.9111328125 0.01953125 0.14453125 0.0390625
0 0.9208984375 0.64453125 0.087890625 0.080078125
0 0.751953125 0.759765625 0.115234375 0.10546875
0 0.07958984375 0.44189453125 0.1298828125 0.1005859375
0 0.04345703125 0.64697265625 0.0830078125 0.1103515625
0 0.126953125 0.19580078125 0.10546875 0.0771484375
0 0.0595703125 0.1572265625 0.095703125 0.080078125
0 0.046875 0.728515625 0.08984375 0.09765625
0 0.1962890625 0.525390625 0.10546875 0.099609375
