0 0.0166015625 0.87744140625 0.033203125 0.0673828125
0 0.14794921875 0.95068359375 0.0810546875 0.0986328125
0 0.0654296875 0.814453125 0.068359375 0.095703125
0 0.18310546875 0.734375 0.0751953125 0.083984375
0 0.2724609375 0.7470703125 0.091796875 0.099609375
0 0.31396484375 0.7626953125 0.0732421875 0.0703125
0 0.34326171875 0.845703125 0.0732421875 0.078125
0 0.29541015625 0.91552734375 0.0712890625 0.0712890625
0 0.3916015625 0.9306640625 0.09375 0.072265625
0 0.3759765625 0.98095703125 0.091796875 0.0380859375
0 0.4453125 0.78271484375 0.06640625 0.0927734375
0 0.09814453125 0.2412109375 0.0771484375 0.09765625
0 0.1630859375 0.20703125 0.103515625 0.068359375
0 0.3193359375 0.22314453125 0.07421875 0.0732421875
0 0.2119140625 0.3271484375 0.0625 0.0625
0 0.14990234375 0.35498046875 0.0595703125 0.0537109375
0 0.29443359375 0.39501953125 0.0869140625 0.0576171875
0 0.23193359375 0.455078125 0.1220703125 0.0625
0 0.4580078125 0.33251953125 0.091796875 0.0771484375
0 0.51806640625 0.32177734375 0.0693359375 0.0791015625
0 0.46826171875 0.45361328125 0.0654296875 0.0712890625
0 0.576171875 0.37646484375 0.083984375 0.0791015625
0 0.57470703125 0.2626953125 0.0732421875 0.119140625
0 0.61474609375 0.27392578125 0.0830078125 0.0595703125
0 0.65625 0.2265625 0.103515625 0.07421875
0 0.6259765625 0.1787109375 0.0859375 0.064453125
0 0.6923828125 0.30615234375 0.0859375 0.0791015625
0 0.7421875 0.26025390625 0.087890625 0.0478515625
0 0.68701171875 0.38916015625 0.0732421875 0.0615234375
0 0.83447265625 0.353515625 0.0615234375 0.0703125
0 0.76904296875 0.47509765625 0.0712890625 0.0498046875
0 0.2353515625 0.05029296875 0.072265625 0.0771484375
0 0.962890625 0.02685546875 0.060546875 0.0537109375
0 0.88818359375 0.5771484375 0.0966796875 0.10546875
0 0.55078125 0.62548828125 0.068359375 0.0634765625
0 0.6416015625 0.8125 0.0859375 0.08203125
0 0.51123046875 0.96630859375 0.0693359375 0.0673828125
0 0.8681640625 0.81103515625 0.123046875 0.0595703125
0 0.9775390625 0.7119140625 0.044921875 0.072265625
0 0.96630859375 0.36669921875 0.0673828125 0.1142578125
0 0.470703125 0.37255859375 0.076171875 0.0517578125
0 0.95849609375 0.22314453125 0.0439453125 0.0556640625
