0 0.77978515625 0.3955078125 0.0654296875 0.08203125
0 0.908203125 0.455078125 0.0546875 0.08984375
0 0.30615234375 0.1943359375 0.0986328125 0.08203125
0 0.46923828125 0.12353515625 0.0693359375 0.1064453125
0 0.17578125 0.4033203125 0.109375 0.095703125
0 0.30126953125 0.5224609375 0.0576171875 0.072265625
0 0.8662109375 0.06884765625 0.0546875 0.0869140625
0 0.95068359375 0.8681640625 0.0830078125 0.08203125
0 0.39794921875 0.1328125 0.0654296875 0.072265625
0 0.41796875 0.38330078125 0.06640625 0.0615234375
0 0.10107421875 0.74169921875 0.1103515625 0.0458984375
0 0.77001953125 0.685546875 0.0537109375 0.0625
0 0.1728515625 0.1142578125 0.130859375 0.080078125
0 0.51220703125 0.501953125 0.1220703125 0.064453125
0 0.595703125 0.642578125 0.05859375 0.05859375
0 0.23193359375 0.77099609375 0.0751953125 0.0615234375
0 0.72412109375 0.32373046875 0.0595703125 0.0830078125
0 0.04931640625 0.9462890625 0.0810546875 0.03515625
0 0.2900390625 0.97802734375 0.068359375 0.0439453125
0 0.89453125 0.61572265625 0.087890625 0.0595703125
0 0.23583984375 0.18798828125 0.0888671875 0.0576171875
0 0.18701171875 0.57958984375 0.0986328125 0.0595703125
0 0.380859375 0.84326171875 0.10546875 0.0458984375
0 0.98095703125 0.21142578125 0.0380859375 0.0537109375
0 0.1806640625 0.83349609375 0.07421875 0.0517578125
0 0.322265625 0.263671875 0.0859375 0.056640625
0 0.6708984375 0.58935546875 0.091796875 0.0458984375
0 0.38916015625 0.6318359375 0.1376953125 0.046875
0 0.3994140625 0.17236328125 0.072265625 0.0380859375
0 0.1728515625 0.021484375 0.06640625 0.04296875
0 0.62744140625 0.84228515625 0.0458984375 0.0478515625
0 0.56689453125 0.5595703125 0.0458984375 0.052734375
0 0.95751953125 0.77587890625 0.0771484375 0.0478515625
0 0.46875 0.8759765625 0.083984375 0.072265625
0 0.40576171875 0.578125 0.0595703125 0.033203125
0 0.58251953125 0.18505859375 0.0478515625 0.0341796875
0 0.015625 0.810546875 0.03125 0.041015625
0 0.5771484375 0.21533203125 0.060546875 0.0615234375
0 0.6650390625 0.52734375 0.171875 0.0546875
0 0.1923828125 0.28955078125 0.060546875 0.0615234375
0 0.40185546875 0.24658203125 0.0849609375 0.0400390625
0 0.12451171875 0.8544921875 0.0693359375 0.0390625
0 0.71337890625 0.22021484375 0.0517578125 0.0458984375
0 0.072265625 0.27783203125 0.109375 0.0458984375
0 0.36474609375 0.6611328125 0.0576171875 0.029296875
0 0.7646484375 0.8896484375 0.11328125 0.037109375
0 0.93603515625 0.015625 0.0712890625 0.03125
0 0.6064453125 0.896484375 0.1015625 0.037109375
0 0.25390625 0.9501953125 0.111328125 0.05078125
0 0.68017578125 0.541015625 0.0693359375 0.04296875
0 0.150390625 0.9033203125 0.064453125 0.0390625
0 0.7216796875 0.91796875 0.091796875 0.03515625
0 0.4140625 0.98974609375 0.04296875 0.0205078125
0 0.0263671875 0.52197265625 0.05078125 0.0498046875
0 0.48779296875 0.95751953125 0.0712890625 0.0283203125
0 0.03173828125 0.34033203125 0.0615234375 0.0361328125
0 0.57177734375 0.84521484375 0.0751953125 0.0458984375
0 0.95703125 0.0546875 0.044921875 0.05078125
0 0.53271484375 0.8720703125 0.1201171875 0.033203125
0 0.9423828125 0.46337890625 0.037109375 0.0419921875
0 0.078125 0.97216796875 0.080078125 0.0322265625
0 0.03515625 0.990234375 0.0703125 0.01953125
0 0.74169921875 0.93603515625 0.0400390625 0.0205078125
0 0.8349609375 0.8759765625 0.05859375 0.044921875
0 0.63818359375 0.7333984375 0.0595703125 0.05078125
0 0.28271484375 0.685546875 0.0576171875 0.03515625
0 0.9794921875 0.02685546875 0.041015625 0.0498046875
0 0.23583984375 0.21142578125 0.0556640625 0.0400390625
