0 0.037109375 0.16455078125 0.07421875 0.0712890625
0 0.10791015625 0.2255859375 0.0966796875 0.064453125
0 0.044921875 0.26953125 0.0546875 0.078125
0 0.11962890625 0.3154296875 0.1083984375 0.0625
0 0.0654296875 0.376953125 0.0546875 0.0703125
0 0.19775390625 0.41650390625 0.1083984375 0.0927734375
0 0.23193359375 0.37744140625 0.0458984375 0.0439453125
0 0.3427734375 0.34375 0.140625 0.06640625
0 0.21923828125 0.33056640625 0.0869140625 0.0595703125
0 0.275390625 0.28515625 0.14453125 0.041015625
0 0.26416015625 0.24169921875 0.0751953125 0.0439453125
0 0.33349609375 0.22119140625 0.0732421875 0.0634765625
0 0.39794921875 0.2333984375 0.0810546875 0.099609375
0 0.29345703125 0.18212890625 0.0673828125 0.0458984375
0 0.2412109375 0.15771484375 0.064453125 0.0634765625
0 0.2978515625 0.0615234375 0.076171875 0.1015625
0 0.5068359375 0.1396484375 0.130859375 0.076171875
0 0.61865234375 0.1943359375 0.1044921875 0.056640625
0 0.76025390625 0.203125 0.1123046875 0.048828125
0 0.79638671875 0.14013671875 0.0869140625 0.1025390625
0 0.72314453125 0.0615234375 0.0830078125 0.04296875
0 0.81494140625 0.0908203125 0.0576171875 0.056640625
0 0.82861328125 0.04150390625 0.0927734375 0.0830078125
0 0.5283203125 0.037109375 0.115234375 0.072265625
0 0.6708984375 0.0244140625 0.0625 0.048828125
0 0.90869140625 0.0419921875 0.0634765625 0.08203125
0 0.9384765625 0.17724609375 0.078125 0.0693359375
0 0.9638671875 0.248046875 0.072265625 0.05859375
0 0.93701171875 0.3037109375 0.0537109375 0.0546875
0 0.84228515625 0.28955078125 0.0712890625 0.0458984375
0 0.83642578125 0.3818359375 0.0849609375 0.0546875
0 0.7666015625 0.3662109375 0.06640625 0.0546875
0 0.75390625 0.43310546875 0.0703125 0.0732421875
0 0.77490234375 0.50732421875 0.0654296875 0.0927734375
0 0.703125 0.3828125 0.0625 0.12890625
0 0.513671875 0.34716796875 0.06640625 0.0576171875
0 0.50732421875 0.39599609375 0.0751953125 0.0595703125
0 0.45556640625 0.470703125 0.1142578125 0.060546875
0 0.5517578125 0.5244140625 0.09375 0.056640625
0 0.52783203125 0.5966796875 0.0712890625 0.08203125
0 0.6015625 0.63916015625 0.072265625 0.0595703125
0 0.369140625 0.529296875 0.072265625 0.06640625
0 0.37060546875 0.576171875 0.0771484375 0.05859375
0 0.23095703125 0.59619140625 0.1083984375 0.1044921875
0 0.26416015625 0.70068359375 0.0732421875 0.0673828125
0 0.2197265625 0.75634765625 0.142578125 0.0439453125
0 0.1689453125 0.8271484375 0.07421875 0.06640625
0 0.29931640625 0.81884765625 0.0654296875 0.0615234375
0 0.46826171875 0.751953125 0.0693359375 0.0546875
0 0.568359375 0.77197265625 0.119140625 0.0517578125
0 0.599609375 0.80810546875 0.11328125 0.0419921875
0 0.60302734375 0.85693359375 0.0986328125 0.0537109375
0 0.69482421875 0.84619140625 0.0419921875 0.0869140625
0 0.74560546875 0.86328125 0.0595703125 0.083984375
0 0.82763671875 0.8349609375 0.1005859375 0.052734375
0 0.95703125 0.72021484375 0.078125 0.0791015625
0 0.9658203125 0.54150390625 0.068359375 0.1201171875
0 0.97607421875 0.42578125 0.0478515625 0.064453125
0 0.46240234375 0.888671875 0.1064453125 0.0546875
0 0.4306640625 0.9384765625 0.09765625 0.052734375
0 0.58544921875 0.95654296875 0.0849609375 0.0556640625
0 0.66259765625 0.97900390625 0.0458984375 0.0419921875
0 0.70703125 0.95068359375 0.06640625 0.0458984375
0 0.794921875 0.9228515625 0.09375 0.0625
0 0.92578125 0.98291015625 0.06640625 0.0341796875
0 0.97021484375 0.8798828125 0.0595703125 0.0703125
0 0.2109375 0.9658203125 0.140625 0.068359375
0 0.29150390625 0.95458984375 0.0791015625 0.0771484375
0 0.04736328125 0.9150390625 0.0634765625 0.068359375
0 0.05322265625 0.75341796875 0.1064453125 0.1357421875
0 0.05419921875 0.6884765625 0.0830078125 0.083984375
0 0.06640625 0.5322265625 0.046875 0.123046875
