0 0.01171875 0.67529296875 0.0234375 0.0869140625
0 0.06982421875 0.4892578125 0.0810546875 0.076171875
0 0.01513671875 0.32666015625 0.0302734375 0.1103515625
0 0.79541015625 0.94921875 0.0673828125 0.1015625
0 0.93017578125 0.84033203125 0.1357421875 0.0927734375
0 0.48193359375 0.896484375 0.0966796875 0.076171875
0 0.3037109375 0.958984375 0.0703125 0.060546875
0 0.0986328125 0.98291015625 0.1328125 0.0341796875
0 0.2783203125 0.513671875 0.09765625 0.11328125
0 0.328125 0.333984375 0.119140625 0.0625
0 0.26025390625 0.2607421875 0.0966796875 0.08984375
0 0.57763671875 0.3466796875 0.0908203125 0.09375
0 0.759765625 0.29248046875 0.109375 0.0673828125
0 0.810546875 0.357421875 0.068359375 0.0625
0 0.9033203125 0.3935546875 0.111328125 0.08203125
0 0.9638671875 0.61474609375 0.072265625 0.0810546875
0 0.80029296875 0.4677734375 0.0732421875 0.091796875
0 0.5546875 0.16650390625 0.1484375 0.0810546875
0 0.50341796875 0.08447265625 0.0810546875 0.0556640625
0 0.2451171875 0.08740234375 0.115234375 0.0810546875
0 0.0078125 0.15576171875 0.015625 0.1064453125
0 0.6875 0.04443359375 0.091796875 0.0634765625
0 0.8564453125 0.06494140625 0.111328125 0.0810546875
0 0.6494140625 0.1484375 0.068359375 0.072265625
0 0.736328125 0.21630859375 0.09765625 0.0537109375
0 0.58837890625 0.2509765625 0.0888671875 0.07421875
