0 0.40087890625 0.0302734375 0.1318359375 0.060546875
0 0.23486328125 0.015625 0.0986328125 0.03125
0 0.8271484375 0.07373046875 0.09765625 0.1181640625
0 0.87255859375 0.15673828125 0.0888671875 0.0966796875
0 0.953125 0.18017578125 0.09375 0.1416015625
0 0.423828125 0.17578125 0.107421875 0.12890625
0 0.4228515625 0.3056640625 0.05078125 0.0625
0 0.30517578125 0.39892578125 0.0751953125 0.0634765625
0 0.2099609375 0.21435546875 0.1015625 0.1240234375
0 0.0302734375 0.21630859375 0.060546875 0.0849609375
0 0.05859375 0.37158203125 0.08203125 0.0498046875
0 0.10302734375 0.46826171875 0.0751953125 0.0771484375
0 0.32373046875 0.525390625 0.0947265625 0.068359375
0 0.16357421875 0.61572265625 0.0966796875 0.0869140625
0 0.23486328125 0.7060546875 0.1298828125 0.1015625
0 0.09423828125 0.84912109375 0.0966796875 0.1357421875
0 0.1650390625 0.91064453125 0.068359375 0.1083984375
0 0.32470703125 0.80908203125 0.1181640625 0.1455078125
0 0.52294921875 0.84228515625 0.0634765625 0.0537109375
0 0.59619140625 0.755859375 0.0419921875 0.056640625
0 0.66015625 0.6015625 0.09765625 0.193359375
0 0.7705078125 0.79296875 0.080078125 0.07421875
0 0.86865234375 0.72705078125 0.0439453125 0.0556640625
0 0.9091796875 0.66162109375 0.072265625 0.1396484375
0 0.95361328125 0.50048828125 0.0888671875 0.0888671875
0 0.9287109375 0.8095703125 0.064453125 0.08984375
0 0.6171875 0.94580078125 0.044921875 0.0458984375
0 0.5078125 0.9599609375 0.048828125 0.048828125
0 0.35888671875 0.97900390625 0.0654296875 0.0419921875
0 0.30029296875 0.98291015625 0.0576171875 0.0341796875
0 0.0107421875 0.72314453125 0.021484375 0.0712890625
0 0.02392578125 0.6416015625 0.0478515625 0.07421875
0 0.5205078125 0.611328125 0.09375 0.14453125
