0 0.12841796875 0.36865234375 0.0693359375 0.1123046875
0 0.43115234375 0.46728515625 0.0732421875 0.1123046875
0 0.96826171875 0.76416015625 0.0634765625 0.1064453125
0 0.193359375 0.10205078125 0.041015625 0.1201171875
0 0.974609375 0.10302734375 0.05078125 0.1103515625
0 0.09619140625 0.93994140625 0.0498046875 0.0869140625
0 0.7236328125 0.9580078125 0.05859375 0.07421875
0 0.51904296875 0.099609375 0.0380859375 0.08203125
0 0.3623046875 0.32373046875 0.0859375 0.1142578125
0 0.5126953125 0.58349609375 0.06640625 0.1279296875
0 0.53662109375 0.89453125 0.0947265625 0.109375
0 0.10595703125 0.248046875 0.0673828125 0.111328125
0 0.607421875 0.5908203125 0.05078125 0.10546875
0 0.8173828125 0.73974609375 0.0625 0.0830078125
0 0.29443359375 0.20654296875 0.0361328125 0.0947265625
0 0.94921875 0.51513671875 0.0703125 0.1162109375
0 0.22216796875 0.5126953125 0.0302734375 0.095703125
0 0.2900390625 0.095703125 0.05859375 0.146484375
0 0.03466796875 0.541015625 0.0693359375 0.119140625
0 0.79150390625 0.6484375 0.0771484375 0.091796875
0 0.96337890625 0.90185546875 0.0517578125 0.0986328125
0 0.23388671875 0.09033203125 0.0830078125 0.0986328125
0 0.54052734375 0.83447265625 0.0947265625 0.0712890625
0 0.06396484375 0.4443359375 0.1279296875 0.078125
0 0.68798828125 0.62158203125 0.0693359375 0.0791015625
0 0.015625 0.75244140625 0.03125 0.0693359375
0 0.6533203125 0.615234375 0.0703125 0.11328125
0 0.376953125 0.64404296875 0.02734375 0.0810546875
0 0.978515625 0.2021484375 0.04296875 0.080078125
0 0.61767578125 0.869140625 0.0576171875 0.06640625
0 0.076171875 0.50927734375 0.083984375 0.0732421875
0 0.91064453125 0.224609375 0.0283203125 0.06640625
0 0.4150390625 0.06396484375 0.052734375 0.1279296875
0 0.642578125 0.47509765625 0.083984375 0.0791015625
0 0.96337890625 0.14453125 0.0341796875 0.072265625
0 0.70166015625 0.94189453125 0.0361328125 0.0693359375
0 0.388671875 0.4267578125 0.0234375 0.078125
0 0.77783203125 0.7294921875 0.0361328125 0.15625
0 0.31005859375 0.7412109375 0.0478515625 0.166015625
0 0.58154296875 0.408203125 0.0751953125 0.076171875
0 0.26123046875 0.62060546875 0.1142578125 0.0888671875
0 0.7587890625 0.90869140625 0.048828125 0.0810546875
0 0.63916015625 0.4892578125 0.0478515625 0.078125
0 0.42822265625 0.58935546875 0.0439453125 0.0576171875
0 0.611328125 0.94091796875 0.037109375 0.0556640625
0 0.2568359375 0.86767578125 0.0703125 0.0498046875
0 0.44580078125 0.974609375 0.0439453125 0.05078125
0 0.4912109375 0.4912109375 0.05859375 0.06640625
0 0.2265625 0.830078125 0.0703125 0.052734375
0 0.744140625 0.501953125 0.048828125 0.05078125
0 0.78857421875 0.91845703125 0.0556640625 0.0615234375
0 0.32666015625 0.517578125 0.0517578125 0.041015625
0 0.6220703125 0.11083984375 0.1015625 0.1806640625
0 0.07470703125 0.61279296875 0.0888671875 0.0380859375
0 0.69775390625 0.56201171875 0.0517578125 0.0771484375
0 0.052734375 0.40625 0.04296875 0.072265625
0 0.47802734375 0.2490234375 0.0634765625 0.064453125
0 0.43115234375 0.2314453125 0.0576171875 0.1171875
0 0.4619140625 0.60400390625 0.033203125 0.0595703125
0 0.2509765625 0.67578125 0.041015625 0.044921875
