0 0.10205078125 0.2978515625 0.0888671875 0.091796875
0 0.31982421875 0.22265625 0.0869140625 0.083984375
0 0.072265625 0.07275390625 0.087890625 0.1318359375
0 0.177734375 0.03466796875 0.080078125 0.0693359375
0 0.2841796875 0.03564453125 0.103515625 0.0712890625
0 0.39892578125 0.11376953125 0.0712890625 0.1279296875
0 0.4267578125 0.263671875 0.064453125 0.12109375
0 0.375 0.38232421875 0.08203125 0.1181640625
0 0.32861328125 0.47021484375 0.0810546875 0.1357421875
0 0.36279296875 0.5927734375 0.1259765625 0.0859375
0 0.4501953125 0.52490234375 0.052734375 0.0810546875
0 0.50244140625 0.52685546875 0.0654296875 0.1005859375
0 0.57177734375 0.408203125 0.0576171875 0.107421875
0 0.56884765625 0.25146484375 0.1103515625 0.0751953125
0 0.0546875 0.63818359375 0.1015625 0.0947265625
0 0.06689453125 0.5126953125 0.1142578125 0.076171875
0 0.36083984375 0.76953125 0.0654296875 0.078125
0 0.630859375 0.5810546875 0.078125 0.09765625
0 0.5029296875 0.6357421875 0.060546875 0.05859375
0 0.60302734375 0.75 0.0771484375 0.068359375
0 0.03955078125 0.97119140625 0.0791015625 0.0576171875
0 0.17431640625 0.89794921875 0.0810546875 0.1083984375
0 0.1220703125 0.89111328125 0.083984375 0.0908203125
0 0.27783203125 0.98828125 0.0615234375 0.0234375
0 0.783203125 0.8955078125 0.0703125 0.056640625
0 0.62841796875 0.921875 0.0947265625 0.087890625
0 0.4169921875 0.84814453125 0.068359375 0.0634765625
0 0.69482421875 0.65380859375 0.0478515625 0.0556640625
0 0.892578125 0.69482421875 0.10546875 0.0595703125
0 0.80615234375 0.6845703125 0.0654296875 0.0703125
0 0.87158203125 0.81787109375 0.0693359375 0.0693359375
0 0.61376953125 0.4912109375 0.0654296875 0.0625
0 0.71337890625 0.4833984375 0.0419921875 0.083984375
0 0.7646484375 0.5029296875 0.060546875 0.064453125
0 0.91259765625 0.6103515625 0.0576171875 0.11328125
0 0.7919921875 0.59912109375 0.08203125 0.0576171875
0 0.89794921875 0.42138671875 0.0654296875 0.0693359375
0 0.7431640625 0.3701171875 0.080078125 0.11328125
0 0.86474609375 0.279296875 0.1005859375 0.091796875
0 0.9794921875 0.30859375 0.041015625 0.09765625
0 0.89208984375 0.23193359375 0.0634765625 0.0478515625
0 0.9560546875 0.185546875 0.087890625 0.080078125
0 0.8486328125 0.111328125 0.076171875 0.076171875
0 0.85791015625 0.01123046875 0.0517578125 0.0224609375
0 0.5859375 0.091796875 0.05859375 0.09765625
0 0.6142578125 0.1748046875 0.076171875 0.052734375
0 0.35205078125 0.8369140625 0.0693359375 0.06640625
0 0.3505859375 0.283203125 0.078125 0.115234375
0 0.455078125 0.01318359375 0.06640625 0.0263671875
0 0.8125 0.93115234375 0.060546875 0.0380859375
0 0.11474609375 0.24462890625 0.1357421875 0.0576171875
