0 0.02685546875 0.24267578125 0.0537109375 0.0810546875
0 0.4853515625 0.4892578125 0.0546875 0.083984375
0 0.322265625 0.4765625 0.060546875 0.1015625
0 0.57470703125 0.43359375 0.0517578125 0.0859375
0 0.4521484375 0.17724609375 0.060546875 0.0947265625
0 0.13671875 0.3994140625 0.064453125 0.0859375
0 0.80419921875 0.04638671875 0.0458984375 0.0908203125
0 0.01171875 0.33935546875 0.0234375 0.0986328125
0 0.29345703125 0.16552734375 0.0498046875 0.1103515625
0 0.302734375 0.39501953125 0.078125 0.1025390625
0 0.494140625 0.32861328125 0.05859375 0.0849609375
0 0.16015625 0.12890625 0.068359375 0.103515625
0 0.27099609375 0.78271484375 0.0595703125 0.1005859375
0 0.74462890625 0.67822265625 0.0693359375 0.0849609375
0 0.37646484375 0.68505859375 0.0478515625 0.0849609375
0 0.71044921875 0.15576171875 0.0439453125 0.0986328125
0 0.3837890625 0.48486328125 0.044921875 0.0927734375
0 0.9482421875 0.04736328125 0.0390625 0.0927734375
0 0.4794921875 0.693359375 0.048828125 0.107421875
0 0.85400390625 0.169921875 0.0673828125 0.08984375
0 0.05859375 0.6142578125 0.05078125 0.1015625
0 0.72998046875 0.06591796875 0.0478515625 0.0986328125
0 0.62353515625 0.84228515625 0.0556640625 0.1044921875
0 0.3056640625 0.74755859375 0.046875 0.1044921875
0 0.388671875 0.96044921875 0.037109375 0.0732421875
0 0.26611328125 0.54345703125 0.0478515625 0.0712890625
0 0.2490234375 0.12744140625 0.06640625 0.0751953125
0 0.875 0.08984375 0.033203125 0.091796875
0 0.44580078125 0.35791015625 0.0771484375 0.0986328125
0 0.14404296875 0.798828125 0.0712890625 0.068359375
0 0.35546875 0.4833984375 0.056640625 0.08203125
0 0.4404296875 0.77099609375 0.041015625 0.0810546875
0 0.58251953125 0.70458984375 0.0439453125 0.0908203125
0 0.5576171875 0.7607421875 0.02734375 0.087890625
0 0.81494140625 0.154296875 0.0498046875 0.09375
0 0.623046875 0.3603515625 0.025390625 0.107421875
0 0.876953125 0.79443359375 0.03125 0.0830078125
0 0.40625 0.61328125 0.095703125 0.060546875
0 0.68408203125 0.7255859375 0.0458984375 0.078125
0 0.236328125 0.34765625 0.046875 0.123046875
0 0.033203125 0.1376953125 0.06640625 0.078125
0 0.7919921875 0.48291015625 0.03125 0.0947265625
0 0.93115234375 0.130859375 0.0615234375 0.0625
0 0.73095703125 0.9521484375 0.0419921875 0.068359375
0 0.96240234375 0.44580078125 0.0244140625 0.0947265625
0 0.974609375 0.693359375 0.037109375 0.091796875
0 0.78662109375 0.8896484375 0.0439453125 0.076171875
0 0.39599609375 0.42578125 0.0595703125 0.109375
0 0.65380859375 0.74072265625 0.0615234375 0.0751953125
0 0.9267578125 0.26953125 0.033203125 0.076171875
0 0.33154296875 0.71435546875 0.0380859375 0.0830078125
0 0.12158203125 0.7421875 0.0791015625 0.07421875
0 0.93017578125 0.4287109375 0.0302734375 0.087890625
0 0.732421875 0.39892578125 0.083984375 0.1123046875
0 0.7587890625 0.1435546875 0.02734375 0.09375
0 0.76904296875 0.630859375 0.0341796875 0.07421875
0 0.8740234375 0.89208984375 0.029296875 0.0888671875
0 0.03515625 0.49951171875 0.0703125 0.0986328125
0 0.41943359375 0.90380859375 0.0478515625 0.0654296875
0 0.01953125 0.44091796875 0.0390625 0.0712890625
0 0.099609375 0.81982421875 0.05859375 0.0693359375
0 0.01708984375 0.3388671875 0.0341796875 0.0859375
0 0.51171875 0.79052734375 0.05078125 0.0810546875
0 0.67626953125 0.208984375 0.0283203125 0.056640625
0 0.44677734375 0.1142578125 0.0517578125 0.07421875
0 0.828125 0.02734375 0.03515625 0.052734375
0 0.8291015625 0.71484375 0.033203125 0.068359375
0 0.7421875 0.83154296875 0.052734375 0.0615234375
0 0.26513671875 0.65673828125 0.0322265625 0.0908203125
0 0.25537109375 0.828125 0.0458984375 0.060546875
0 0.21826171875 0.28369140625 0.0419921875 0.0830078125
0 0.6767578125 0.38037109375 0.060546875 0.0810546875
0 0.576171875 0.341796875 0.0390625 0.0625
0 0.09033203125 0.98486328125 0.0341796875 0.0302734375
0 0.759765625 0.6259765625 0.044921875 0.06640625
0 0.6416015625 0.7958984375 0.048828125 0.091796875
0 0.01904296875 0.54345703125 0.0380859375 0.0556640625
0 0.63623046875 0.83349609375 0.0517578125 0.1044921875
0 0.62158203125 0.76611328125 0.0498046875 0.1025390625
0 0.9365234375 0.68017578125 0.03515625 0.0654296875
0 0.90185546875 0.70263671875 0.0341796875 0.1103515625
