0 0.21044921875 0.77392578125 0.0791015625 0.0830078125
0 0.9140625 0.0263671875 0.0859375 0.052734375
0 0.2685546875 0.14794921875 0.134765625 0.0986328125
0 0.02392578125 0.6142578125 0.0478515625 0.09765625
0 0.76025390625 0.19580078125 0.0908203125 0.0908203125
0 0.73779296875 0.80859375 0.0791015625 0.08984375
0 0.638671875 0.96826171875 0.12109375 0.0634765625
0 0.55908203125 0.4755859375 0.0849609375 0.142578125
0 0.80078125 0.1416015625 0.080078125 0.08203125
0 0.08349609375 0.1357421875 0.0771484375 0.083984375
0 0.59814453125 0.04052734375 0.1005859375 0.0732421875
0 0.923828125 0.87744140625 0.0859375 0.0751953125
0 0.533203125 0.11279296875 0.0703125 0.0615234375
0 0.02490234375 0.15087890625 0.0498046875 0.0849609375
0 0.42822265625 0.16650390625 0.0927734375 0.1435546875
0 0.33349609375 0.138671875 0.1162109375 0.27734375
0 0.8603515625 0.22412109375 0.17578125 0.0693359375
0 0.8271484375 0.470703125 0.099609375 0.18359375
0 0.09130859375 0.7470703125 0.1298828125 0.138671875
0 0.6474609375 0.51611328125 0.111328125 0.0966796875
0 0.62939453125 0.11279296875 0.0732421875 0.0654296875
0 0.5615234375 0.8271484375 0.25390625 0.1015625
0 0.7294921875 0.73583984375 0.119140625 0.0791015625
0 0.828125 0.38232421875 0.083984375 0.0908203125
0 0.7314453125 0.9794921875 0.05859375 0.041015625
0 0.904296875 0.271484375 0.19140625 0.052734375
0 0.8857421875 0.07763671875 0.111328125 0.0927734375
0 0.216796875 0.27490234375 0.0546875 0.2080078125
0 0.1259765625 0.259765625 0.111328125 0.05078125
0 0.0166015625 0.31689453125 0.033203125 0.1298828125
0 0.015625 0.44873046875 0.03125 0.1123046875
0 0.05810546875 0.384765625 0.0693359375 0.171875
0 0.12890625 0.607421875 0.103515625 0.1328125
0 0.36279296875 0.65576171875 0.2607421875 0.1025390625
0 0.22705078125 0.64794921875 0.0478515625 0.0810546875
0 0.251953125 0.5458984375 0.12109375 0.1484375
0 0.33642578125 0.5302734375 0.0966796875 0.06640625
0 0.18115234375 0.4423828125 0.0810546875 0.115234375
0 0.37841796875 0.42138671875 0.1572265625 0.1103515625
0 0.345703125 0.38134765625 0.154296875 0.1318359375
0 0.962890625 0.14990234375 0.07421875 0.0732421875
0 0.97265625 0.0908203125 0.0546875 0.048828125
0 0.505859375 0.04296875 0.0703125 0.0625
0 0.67431640625 0.01220703125 0.0498046875 0.0244140625
0 0.74169921875 0.0166015625 0.0556640625 0.03125
0 0.80810546875 0.9931640625 0.0498046875 0.013671875
0 0.17578125 0.53857421875 0.052734375 0.0908203125
