0 0.18115234375 0.44189453125 0.1123046875 0.0908203125
0 0.25830078125 0.03076171875 0.1220703125 0.0615234375
0 0.6337890625 0.45703125 0.11328125 0.126953125
0 0.11328125 0.0234375 0.13671875 0.046875
0 0.3291015625 0.82568359375 0.15625 0.1572265625
0 0.70263671875 0.7822265625 0.0712890625 0.080078125
0 0.0859375 0.0986328125 0.09765625 0.099609375
0 0.49658203125 0.83056640625 0.0751953125 0.0810546875
0 0.34619140625 0.9609375 0.1025390625 0.072265625
0 0.04931640625 0.34912109375 0.0947265625 0.0849609375
0 0.029296875 0.26953125 0.0546875 0.07421875
0 0.0419921875 0.0283203125 0.05078125 0.056640625
0 0.03759765625 0.4013671875 0.0732421875 0.060546875
