0 0.509765625 0.63916015625 0.103515625 0.0849609375
0 0.5380859375 0.5927734375 0.095703125 0.064453125
0 0.447265625 0.23779296875 0.134765625 0.1083984375
0 0.96923828125 0.18212890625 0.0615234375 0.0986328125
0 0.32763671875 0.03271484375 0.0966796875 0.0654296875
0 0.45556640625 0.98974609375 0.1181640625 0.0205078125
0 0.66943359375 0.974609375 0.1083984375 0.05078125
0 0.31884765625 0.623046875 0.1142578125 0.095703125
0 0.6044921875 0.5078125 0.06640625 0.06640625
0 0.037109375 0.36767578125 0.07421875 0.0791015625
0 0.54443359375 0.36767578125 0.0966796875 0.0615234375
0 0.03466796875 0.6455078125 0.0693359375 0.078125
0 0.34375 0.1171875 0.12109375 0.099609375
0 0.88623046875 0.6318359375 0.1103515625 0.078125
0 0.3349609375 0.3310546875 0.087890625 0.0703125
0 0.51171875 0.91357421875 0.08203125 0.0458984375
0 0.244140625 0.6572265625 0.091796875 0.0390625
0 0.2158203125 0.4892578125 0.1171875 0.080078125
0 0.70068359375 0.2763671875 0.0517578125 0.095703125
0 0.79638671875 0.65283203125 0.0966796875 0.0810546875
0 0.0927734375 0.95361328125 0.111328125 0.0498046875
0 0.041015625 0.73974609375 0.08203125 0.0576171875
0 0.50390625 0.9345703125 0.11328125 0.072265625
0 0.97216796875 0.70703125 0.0556640625 0.0546875
0 0.5146484375 0.5966796875 0.060546875 0.0703125
0 0.77294921875 0.9521484375 0.0673828125 0.04296875
0 0.435546875 0.36376953125 0.1328125 0.0869140625
0 0.5869140625 0.54345703125 0.087890625 0.0751953125
0 0.54541015625 0.21826171875 0.0888671875 0.0673828125
0 0.9892578125 0.31787109375 0.01953125 0.0380859375
0 0.572265625 0.18359375 0.126953125 0.05859375
0 0.82373046875 0.3251953125 0.0673828125 0.099609375
0 0.92724609375 0.5009765625 0.1298828125 0.080078125
0 0.89599609375 0.53125 0.0732421875 0.080078125
0 0.04638671875 0.7939453125 0.0927734375 0.060546875
0 0.02490234375 0.40869140625 0.0498046875 0.0615234375
0 0.1435546875 0.7197265625 0.1171875 0.064453125
0 0.1953125 0.55419921875 0.083984375 0.0380859375
0 0.84619140625 0.2021484375 0.0830078125 0.0859375
0 0.7626953125 0.34130859375 0.099609375 0.0771484375
0 0.0947265625 0.26220703125 0.134765625 0.0615234375
0 0.6318359375 0.72265625 0.123046875 0.044921875
0 0.06689453125 0.48583984375 0.0732421875 0.0751953125
0 0.8046875 0.21923828125 0.09375 0.0732421875
0 0.39990234375 0.185546875 0.1103515625 0.05859375
0 0.48583984375 0.51708984375 0.0869140625 0.0498046875
0 0.7021484375 0.3486328125 0.08203125 0.060546875
0 0.810546875 0.265625 0.076171875 0.03515625
0 0.21533203125 0.0234375 0.0693359375 0.04296875
0 0.7568359375 0.2705078125 0.08203125 0.083984375
0 0.36181640625 0.9228515625 0.0693359375 0.048828125
0 0.64453125 0.134765625 0.083984375 0.091796875
0 0.14404296875 0.41455078125 0.0673828125 0.0439453125
0 0.5078125 0.8388671875 0.0859375 0.033203125
0 0.537109375 0.13037109375 0.0859375 0.0634765625
0 0.98193359375 0.359375 0.0361328125 0.052734375
0 0.6689453125 0.02294921875 0.04296875 0.0458984375
0 0.01904296875 0.04833984375 0.0380859375 0.0517578125
0 0.41845703125 0.96875 0.0751953125 0.037109375
0 0.87939453125 0.7021484375 0.1240234375 0.0859375
0 0.58251953125 0.01708984375 0.0400390625 0.0341796875
0 0.5712890625 0.0205078125 0.0546875 0.041015625
0 0.38720703125 0.27685546875 0.0634765625 0.0458984375
0 0.78955078125 0.49072265625 0.0947265625 0.0732421875
0 0.76123046875 0.49951171875 0.0771484375 0.0791015625
0 0.7958984375 0.5478515625 0.0703125 0.0625
0 0.60546875 0.052734375 0.0546875 0.0546875
