0 0.2265625 0.9609375 0.10546875 0.05078125
0 0.63525390625 0.22314453125 0.0986328125 0.1103515625
0 0.3505859375 0.13330078125 0.099609375 0.0693359375
0 0.63818359375 0.5869140625 0.0771484375 0.08984375
0 0.79150390625 0.0869140625 0.0830078125 0.0625
0 0.8408203125 0.7138671875 0.125 0.0625
0 0.53369140625 0.3515625 0.1162109375 0.111328125
0 0.072265625 0.36572265625 0.119140625 0.0771484375
0 0.1689453125 0.73046875 0.1015625 0.123046875
0 0.5390625 0.958984375 0.068359375 0.0625
0 0.46142578125 0.0361328125 0.1044921875 0.0703125
0 0.4658203125 0.396484375 0.09765625 0.0703125
0 0.40087890625 0.68994140625 0.0478515625 0.1201171875
0 0.861328125 0.1337890625 0.083984375 0.138671875
0 0.09619140625 0.17041015625 0.1103515625 0.0556640625
0 0.5859375 0.5 0.064453125 0.0546875
0 0.30419921875 0.326171875 0.0888671875 0.095703125
0 0.6796875 0.12353515625 0.103515625 0.0478515625
0 0.9892578125 0.92919921875 0.021484375 0.0439453125
0 0.14013671875 0.88916015625 0.1142578125 0.0458984375
0 0.1298828125 0.4521484375 0.1328125 0.099609375
0 0.93408203125 0.783203125 0.1298828125 0.05078125
0 0.73828125 0.71435546875 0.126953125 0.0517578125
0 0.94482421875 0.97998046875 0.0419921875 0.0400390625
0 0.3828125 0.32080078125 0.0703125 0.0830078125
0 0.279296875 0.84423828125 0.103515625 0.0849609375
0 0.58056640625 0.810546875 0.1181640625 0.060546875
0 0.453125 0.98095703125 0.06640625 0.0380859375
0 0.85986328125 0.0849609375 0.0810546875 0.07421875
0 0.0634765625 0.68359375 0.125 0.044921875
0 0.36767578125 0.033203125 0.0849609375 0.06640625
0 0.4208984375 0.84619140625 0.107421875 0.0537109375
0 0.49365234375 0.61376953125 0.0849609375 0.0283203125
0 0.85302734375 0.3466796875 0.0634765625 0.0390625
0 0.7041015625 0.375 0.171875 0.15625
0 0.15869140625 0.24169921875 0.0947265625 0.0439453125
0 0.1806640625 0.01953125 0.05078125 0.0390625
0 0.92919921875 0.3828125 0.1396484375 0.04296875
0 0.11181640625 0.36767578125 0.0322265625 0.0830078125
0 0.32763671875 0.9404296875 0.1123046875 0.1171875
0 0.67431640625 0.0693359375 0.0634765625 0.0625
0 0.62353515625 0.9716796875 0.0712890625 0.056640625
0 0.8720703125 0.619140625 0.185546875 0.0625
0 0.06201171875 0.0576171875 0.1240234375 0.064453125
0 0.05126953125 0.85986328125 0.0986328125 0.0419921875
0 0.126953125 0.03466796875 0.134765625 0.0673828125
0 0.53759765625 0.25 0.1396484375 0.263671875
0 0.9736328125 0.822265625 0.052734375 0.04296875
0 0.359375 0.3583984375 0.111328125 0.123046875
0 0.3251953125 0.14501953125 0.0625 0.0830078125
0 0.3427734375 0.8349609375 0.046875 0.07421875
0 0.57861328125 0.1318359375 0.0732421875 0.037109375
0 0.6484375 0.14013671875 0.12890625 0.0947265625
0 0.58740234375 0.3076171875 0.0615234375 0.08203125
0 0.7607421875 0.66259765625 0.115234375 0.0556640625
0 0.662109375 0.9609375 0.140625 0.078125
0 0.02587890625 0.75439453125 0.0517578125 0.0283203125
0 0.537109375 0.69775390625 0.123046875 0.0869140625
0 0.8017578125 0.46484375 0.076171875 0.05078125
0 0.244140625 0.0849609375 0.212890625 0.048828125
0 0.10302734375 0.7568359375 0.1044921875 0.025390625
0 0.4892578125 0.75244140625 0.162109375 0.0673828125
0 0.8583984375 0.40185546875 0.068359375 0.0361328125
0 0.513671875 0.81494140625 0.08984375 0.0537109375
0 0.25244140625 0.20458984375 0.1220703125 0.0537109375
0 0.54443359375 0.47607421875 0.0537109375 0.0615234375
0 0.03173828125 0.1689453125 0.0634765625 0.0625
