0 0.345703125 0.24072265625 0.107421875 0.0771484375
0 0.2880859375 0.408203125 0.107421875 0.11328125
0 0.46728515625 0.0234375 0.1845703125 0.046875
0 0.3408203125 0.908203125 0.162109375 0.13671875
0 0.72216796875 0.73974609375 0.1298828125 0.0947265625
0 0.599609375 0.3232421875 0.115234375 0.1328125
0 0.1640625 0.03955078125 0.11328125 0.0673828125
0 0.1796875 0.5185546875 0.115234375 0.107421875
0 0.09228515625 0.8349609375 0.1064453125 0.125
0 0.29345703125 0.75341796875 0.1123046875 0.1025390625
0 0.9501953125 0.23974609375 0.08984375 0.0654296875
0 0.09814453125 0.4619140625 0.1318359375 0.10546875
0 0.2373046875 0.1796875 0.115234375 0.099609375
0 0.20703125 0.23583984375 0.109375 0.1123046875
0 0.82568359375 0.70703125 0.1923828125 0.10546875
0 0.06298828125 0.36328125 0.1025390625 0.056640625
0 0.9423828125 0.13525390625 0.115234375 0.1025390625
0 0.68359375 0.94482421875 0.107421875 0.0947265625
0 0.03955078125 0.9609375 0.0791015625 0.078125
0 0.1005859375 0.0947265625 0.0859375 0.091796875
0 0.2158203125 0.08740234375 0.083984375 0.0693359375
0 0.55322265625 0.14306640625 0.1162109375 0.0634765625
