0 0.1064453125 0.16748046875 0.083984375 0.0771484375
0 0.0478515625 0.771484375 0.095703125 0.109375
0 0.15673828125 0.4228515625 0.0830078125 0.09765625
0 0.263671875 0.330078125 0.078125 0.06640625
0 0.2900390625 0.68603515625 0.0703125 0.0673828125
0 0.6806640625 0.91650390625 0.0625 0.1044921875
0 0.88232421875 0.90380859375 0.1103515625 0.1279296875
0 0.751953125 0.79345703125 0.07421875 0.0966796875
0 0.6806640625 0.81103515625 0.072265625 0.0732421875
0 0.40771484375 0.853515625 0.0927734375 0.09765625
0 0.36767578125 0.796875 0.0830078125 0.056640625
0 0.50830078125 0.6748046875 0.0673828125 0.06640625
0 0.71142578125 0.60546875 0.1005859375 0.064453125
0 0.6318359375 0.5556640625 0.099609375 0.09765625
0 0.86865234375 0.48388671875 0.0654296875 0.0693359375
0 0.94287109375 0.4384765625 0.0673828125 0.068359375
0 0.7900390625 0.392578125 0.052734375 0.0859375
0 0.634765625 0.39892578125 0.083984375 0.0888671875
0 0.72509765625 0.37646484375 0.0654296875 0.0654296875
0 0.7412109375 0.3154296875 0.072265625 0.060546875
0 0.61181640625 0.3046875 0.0673828125 0.0546875
0 0.49609375 0.3203125 0.095703125 0.087890625
0 0.4404296875 0.2255859375 0.056640625 0.078125
0 0.357421875 0.1064453125 0.08203125 0.0859375
0 0.68701171875 0.20361328125 0.0869140625 0.0615234375
0 0.78125 0.189453125 0.0703125 0.0703125
0 0.93408203125 0.2138671875 0.0869140625 0.10546875
0 0.93115234375 0.1357421875 0.1298828125 0.08203125
0 0.9248046875 0.0078125 0.048828125 0.015625
0 0.50146484375 0.0185546875 0.0908203125 0.037109375
0 0.3544921875 0.01318359375 0.078125 0.0263671875
0 0.26318359375 0.025390625 0.0634765625 0.05078125
0 0.77490234375 0.2421875 0.0888671875 0.080078125
0 0.8408203125 0.392578125 0.048828125 0.05859375
0 0.0634765625 0.63232421875 0.029296875 0.0419921875
