0 0.07861328125 0.97705078125 0.0595703125 0.0458984375
0 0.0234375 0.82958984375 0.046875 0.0654296875
0 0.0966796875 0.81201171875 0.06640625 0.0849609375
0 0.19921875 0.97802734375 0.072265625 0.0439453125
0 0.248046875 0.88671875 0.06640625 0.0546875
0 0.20849609375 0.85009765625 0.0712890625 0.0595703125
0 0.36328125 0.88671875 0.076171875 0.07421875
0 0.34716796875 0.9716796875 0.0732421875 0.056640625
0 0.4775390625 0.955078125 0.06640625 0.05859375
0 0.6005859375 0.896484375 0.07421875 0.091796875
0 0.9580078125 0.9755859375 0.05859375 0.048828125
0 0.99267578125 0.947265625 0.0146484375 0.0703125
0 0.96630859375 0.92138671875 0.0673828125 0.0595703125
0 0.83837890625 0.83642578125 0.0751953125 0.0888671875
0 0.39892578125 0.80322265625 0.1826171875 0.1416015625
0 0.49267578125 0.73388671875 0.0673828125 0.0693359375
0 0.373046875 0.57177734375 0.076171875 0.1181640625
0 0.43603515625 0.51513671875 0.0712890625 0.0712890625
0 0.51416015625 0.52783203125 0.0927734375 0.0556640625
0 0.50048828125 0.568359375 0.0595703125 0.0703125
0 0.5908203125 0.54736328125 0.0625 0.0693359375
0 0.61083984375 0.59765625 0.0615234375 0.080078125
0 0.68701171875 0.6357421875 0.0771484375 0.0625
0 0.1572265625 0.5380859375 0.0703125 0.078125
0 0.02880859375 0.533203125 0.0556640625 0.05859375
0 0.2734375 0.46875 0.0859375 0.099609375
0 0.2177734375 0.47900390625 0.05859375 0.0634765625
0 0.28759765625 0.4228515625 0.0673828125 0.056640625
0 0.06396484375 0.4140625 0.0634765625 0.06640625
0 0.0283203125 0.44189453125 0.056640625 0.0654296875
0 0.294921875 0.2470703125 0.09375 0.07421875
0 0.52880859375 0.28515625 0.0556640625 0.05078125
0 0.53857421875 0.39990234375 0.0830078125 0.0498046875
0 0.49658203125 0.431640625 0.0732421875 0.056640625
0 0.62158203125 0.4765625 0.0771484375 0.087890625
0 0.37353515625 0.1298828125 0.0732421875 0.056640625
0 0.30224609375 0.02294921875 0.0654296875 0.0458984375
0 0.87255859375 0.04248046875 0.1376953125 0.0849609375
0 0.9111328125 0.1240234375 0.068359375 0.0625
0 0.87255859375 0.4072265625 0.0712890625 0.072265625
0 0.90234375 0.615234375 0.080078125 0.08203125
0 0.38134765625 0.4921875 0.0517578125 0.05078125
0 0.3359375 0.640625 0.134765625 0.130859375
0 0.0517578125 0.98876953125 0.072265625 0.0224609375
0 0.16357421875 0.583984375 0.0830078125 0.044921875
0 0.9853515625 0.1298828125 0.029296875 0.060546875
0 0.48828125 0.64794921875 0.03125 0.0576171875
