0 0.20556640625 0.1640625 0.1474609375 0.095703125
0 0.341796875 0.21728515625 0.13671875 0.1044921875
0 0.38623046875 0.095703125 0.0966796875 0.080078125
0 0.48583984375 0.23681640625 0.0830078125 0.0927734375
0 0.57080078125 0.15869140625 0.1689453125 0.1513671875
0 0.57470703125 0.255859375 0.1416015625 0.0703125
0 0.6591796875 0.26416015625 0.126953125 0.0537109375
0 0.68017578125 0.15771484375 0.1044921875 0.1142578125
0 0.759765625 0.0927734375 0.0859375 0.076171875
0 0.9111328125 0.10302734375 0.087890625 0.1083984375
0 0.53515625 0.39013671875 0.072265625 0.0673828125
0 0.39208984375 0.60205078125 0.0673828125 0.0556640625
0 0.3232421875 0.67724609375 0.076171875 0.0615234375
0 0.07421875 0.71484375 0.146484375 0.138671875
0 0.11767578125 0.74462890625 0.0927734375 0.0986328125
0 0.2177734375 0.83056640625 0.0625 0.0615234375
0 0.56298828125 0.72607421875 0.0869140625 0.0966796875
0 0.91796875 0.796875 0.0859375 0.08984375
0 0.9599609375 0.64501953125 0.080078125 0.0927734375
0 0.8857421875 0.61474609375 0.076171875 0.0869140625
0 0.80859375 0.681640625 0.083984375 0.072265625
0 0.74609375 0.6484375 0.056640625 0.05078125
0 0.927734375 0.48681640625 0.14453125 0.1083984375
0 0.97998046875 0.2998046875 0.0400390625 0.0703125
0 0.90966796875 0.3232421875 0.0693359375 0.0625
0 0.5703125 0.12109375 0.08984375 0.05859375
