0 0.23486328125 0.54443359375 0.0439453125 0.0400390625
0 0.05078125 0.9736328125 0.05859375 0.025390625
0 0.6416015625 0.5908203125 0.0625 0.044921875
0 0.15771484375 0.8193359375 0.1279296875 0.087890625
0 0.76806640625 0.54443359375 0.0791015625 0.0693359375
0 0.40673828125 0.35498046875 0.0537109375 0.0498046875
0 0.76025390625 0.9462890625 0.1142578125 0.107421875
0 0.58544921875 0.09716796875 0.1201171875 0.0458984375
0 0.5751953125 0.7529296875 0.1015625 0.06640625
0 0.32275390625 0.33447265625 0.0830078125 0.0810546875
0 0.96826171875 0.2236328125 0.0634765625 0.0625
0 0.48095703125 0.966796875 0.0576171875 0.06640625
0 0.130859375 0.66650390625 0.078125 0.0419921875
0 0.806640625 0.0966796875 0.078125 0.060546875
0 0.5126953125 0.2548828125 0.048828125 0.056640625
0 0.07666015625 0.70654296875 0.0830078125 0.0693359375
0 0.94287109375 0.64306640625 0.0498046875 0.0634765625
0 0.39111328125 0.0498046875 0.0927734375 0.068359375
0 0.29150390625 0.63330078125 0.1064453125 0.0556640625
0 0.68310546875 0.4130859375 0.0615234375 0.056640625
0 0.66162109375 0.46435546875 0.0634765625 0.0615234375
0 0.1279296875 0.58544921875 0.0546875 0.0361328125
0 0.833984375 0.947265625 0.05859375 0.044921875
0 0.2685546875 0.57080078125 0.037109375 0.0810546875
0 0.8251953125 0.37548828125 0.07421875 0.0732421875
0 0.16748046875 0.05517578125 0.1396484375 0.0791015625
0 0.224609375 0.2841796875 0.115234375 0.068359375
0 0.46484375 0.84423828125 0.099609375 0.1083984375
0 0.46728515625 0.138671875 0.0654296875 0.048828125
0 0.0185546875 0.72607421875 0.037109375 0.0341796875
0 0.3798828125 0.5556640625 0.056640625 0.0390625
0 0.3232421875 0.0556640625 0.080078125 0.044921875
0 0.94384765625 0.03466796875 0.1025390625 0.0576171875
0 0.0302734375 0.703125 0.03515625 0.03125
0 0.560546875 0.05859375 0.115234375 0.0546875
0 0.03515625 0.96044921875 0.0703125 0.0400390625
0 0.0126953125 0.421875 0.0234375 0.078125
0 0.5517578125 0.6669921875 0.0625 0.0390625
0 0.6787109375 0.9619140625 0.056640625 0.07421875
0 0.6357421875 0.52783203125 0.064453125 0.0458984375
0 0.5966796875 0.96630859375 0.05859375 0.0458984375
0 0.96240234375 0.13232421875 0.0751953125 0.0771484375
0 0.759765625 0.193359375 0.056640625 0.05859375
0 0.70458984375 0.92529296875 0.0576171875 0.0439453125
0 0.17626953125 0.1240234375 0.0576171875 0.03515625
0 0.12744140625 0.6181640625 0.1162109375 0.05078125
0 0.7548828125 0.66015625 0.064453125 0.052734375
0 0.65576171875 0.65478515625 0.0869140625 0.0556640625
0 0.0615234375 0.91748046875 0.0859375 0.0537109375
0 0.6357421875 0.56201171875 0.0546875 0.0400390625
0 0.0771484375 0.03515625 0.0625 0.06640625
0 0.56005859375 0.369140625 0.0576171875 0.05078125
0 0.7509765625 0.052734375 0.08203125 0.099609375
0 0.90869140625 0.9541015625 0.0927734375 0.080078125
