0 0.248046875 0.83203125 0.1328125 0.080078125
0 0.6123046875 0.4208984375 0.150390625 0.087890625
0 0.6796875 0.88232421875 0.140625 0.0927734375
0 0.6796875 0.5146484375 0.125 0.080078125
0 0.12451171875 0.7919921875 0.1103515625 0.0703125
0 0.0732421875 0.64697265625 0.09765625 0.0693359375
0 0.23828125 0.58203125 0.13671875 0.064453125
0 0.8486328125 0.6884765625 0.197265625 0.087890625
0 0.78466796875 0.56103515625 0.1298828125 0.0673828125
0 0.32080078125 0.46435546875 0.1123046875 0.0654296875
0 0.06689453125 0.287109375 0.0849609375 0.109375
0 0.02978515625 0.92431640625 0.0595703125 0.0654296875
0 0.357421875 0.23193359375 0.16015625 0.0751953125
0 0.17431640625 0.703125 0.1845703125 0.078125
0 0.88427734375 0.38232421875 0.1650390625 0.0849609375
0 0.02099609375 0.373046875 0.0419921875 0.08203125
0 0.3134765625 0.1044921875 0.162109375 0.140625
0 0.103515625 0.5107421875 0.0625 0.056640625
0 0.408203125 0.39208984375 0.203125 0.0751953125
0 0.57568359375 0.35693359375 0.1572265625 0.0654296875
0 0.87060546875 0.9833984375 0.0830078125 0.033203125
0 0.3583984375 0.8681640625 0.158203125 0.171875
0 0.57470703125 0.9296875 0.1201171875 0.0703125
0 0.03369140625 0.15576171875 0.0673828125 0.1376953125
0 0.810546875 0.14208984375 0.15234375 0.1396484375
0 0.6611328125 0.2265625 0.150390625 0.0703125
0 0.55615234375 0.96875 0.1474609375 0.0625
0 0.28955078125 0.04052734375 0.1298828125 0.0478515625
0 0.845703125 0.93701171875 0.1875 0.0693359375
0 0.37109375 0.95703125 0.1328125 0.0859375
0 0.6396484375 0.283203125 0.125 0.052734375
0 0.93212890625 0.9609375 0.0849609375 0.072265625
0 0.4423828125 0.1396484375 0.125 0.08984375
0 0.53173828125 0.1923828125 0.2197265625 0.080078125
0 0.42578125 0.03466796875 0.08203125 0.0595703125
0 0.71240234375 0.10693359375 0.2001953125 0.1005859375
0 0.03076171875 0.8466796875 0.0068359375 0.078125
0 0.40087890625 0.30712890625 0.1767578125 0.0751953125
0 0.57470703125 0.103515625 0.1650390625 0.107421875
0 0.58056640625 0.13720703125 0.1728515625 0.0751953125
0 0.95947265625 0.08203125 0.0751953125 0.080078125
0 0.39990234375 0.96728515625 0.0849609375 0.0654296875
0 0.31982421875 0.01708984375 0.0947265625 0.0302734375
0 0.52197265625 0.30078125 0.1396484375 0.08203125
0 0.6796875 0.42578125 0.0546875 0.052734375
0 0.33056640625 0.484375 0.1376953125 0.0703125
0 0.982421875 0.47802734375 0.03515625 0.0478515625
0 0.96875 0.5830078125 0.0625 0.0625
0 0.05908203125 0.01611328125 0.0869140625 0.0302734375
0 0.037109375 0.2109375 0.0703125 0.072265625
0 0.87451171875 0.93115234375 0.1298828125 0.1025390625
