0 0.783203125 0.42578125 0.158203125 0.1171875
0 0.70458984375 0.22314453125 0.1298828125 0.1474609375
0 0.63720703125 0.59716796875 0.1396484375 0.0849609375
0 0.39208984375 0.4560546875 0.1298828125 0.072265625
0 0.541015625 0.8720703125 0.1171875 0.07421875
0 0.30078125 0.33056640625 0.126953125 0.1669921875
0 0.81591796875 0.86083984375 0.0927734375 0.1025390625
0 0.33349609375 0.70703125 0.0830078125 0.125
0 0.2783203125 0.6083984375 0.107421875 0.09765625
0 0.84716796875 0.162109375 0.1494140625 0.140625
0 0.6494140625 0.4345703125 0.095703125 0.095703125
0 0.44970703125 0.68212890625 0.1044921875 0.1044921875
0 0.57080078125 0.08935546875 0.1025390625 0.1748046875
0 0.91552734375 0.82958984375 0.1123046875 0.0947265625
0 0.1435546875 0.28173828125 0.142578125 0.0751953125
0 0.783203125 0.70703125 0.158203125 0.0703125
0 0.85693359375 0.287109375 0.1904296875 0.109375
0 0.15087890625 0.5556640625 0.0927734375 0.126953125
0 0.08837890625 0.90673828125 0.0673828125 0.0849609375
0 0.36767578125 0.97021484375 0.1591796875 0.0595703125
0 0.35595703125 0.87451171875 0.0927734375 0.0849609375
0 0.48828125 0.9736328125 0.169921875 0.052734375
0 0.46728515625 0.7470703125 0.1396484375 0.0546875
0 0.19091796875 0.9033203125 0.0771484375 0.078125
0 0.8623046875 0.6845703125 0.080078125 0.080078125
0 0.1533203125 0.9541015625 0.078125 0.080078125
0 0.03564453125 0.0244140625 0.0478515625 0.044921875
0 0.15234375 0.0419921875 0.0546875 0.080078125
0 0.08447265625 0.21337890625 0.0498046875 0.0673828125
0 0.20703125 0.5498046875 0.150390625 0.134765625
0 0.14306640625 0.87060546875 0.0771484375 0.1474609375
0 0.36865234375 0.03125 0.0830078125 0.0625
0 0.40869140625 0.8310546875 0.1474609375 0.142578125
0 0.943359375 0.51611328125 0.11328125 0.0673828125
0 0.9375 0.21728515625 0.125 0.1201171875
0 0.95703125 0.0869140625 0.0859375 0.125
0 0.626953125 0.06201171875 0.095703125 0.1201171875
0 0.95361328125 0.412109375 0.0927734375 0.08984375
