0 0.37158203125 0.490234375 0.0693359375 0.1015625
0 0.58251953125 0.91943359375 0.0810546875 0.0869140625
0 0.27587890625 0.4013671875 0.0751953125 0.134765625
0 0.11669921875 0.126953125 0.0830078125 0.0859375
0 0.25732421875 0.80322265625 0.1181640625 0.0869140625
0 0.81591796875 0.73876953125 0.0791015625 0.0654296875
0 0.974609375 0.06787109375 0.05078125 0.0986328125
0 0.283203125 0.0302734375 0.046875 0.060546875
0 0.24755859375 0.54931640625 0.0615234375 0.1201171875
0 0.6640625 0.04443359375 0.060546875 0.0791015625
0 0.6787109375 0.66259765625 0.068359375 0.0732421875
0 0.52734375 0.318359375 0.05859375 0.07421875
0 0.89501953125 0.19140625 0.0673828125 0.06640625
0 0.2939453125 0.68603515625 0.09765625 0.0576171875
0 0.95556640625 0.54736328125 0.0458984375 0.0771484375
0 0.67138671875 0.40673828125 0.0537109375 0.0673828125
0 0.578125 0.33251953125 0.064453125 0.1005859375
0 0.75927734375 0.3896484375 0.0615234375 0.08203125
0 0.9189453125 0.55908203125 0.076171875 0.0654296875
0 0.58740234375 0.0625 0.0673828125 0.072265625
0 0.57177734375 0.14501953125 0.0751953125 0.0732421875
0 0.79541015625 0.1630859375 0.0791015625 0.0625
0 0.953125 0.8837890625 0.044921875 0.06640625
0 0.57080078125 0.56494140625 0.0517578125 0.0849609375
0 0.95751953125 0.4326171875 0.0849609375 0.05859375
0 0.94091796875 0.2001953125 0.0634765625 0.12890625
0 0.037109375 0.1220703125 0.072265625 0.05859375
0 0.041015625 0.48974609375 0.08203125 0.0498046875
0 0.0859375 0.4306640625 0.09375 0.0390625
0 0.54541015625 0.62939453125 0.0439453125 0.0654296875
0 0.025390625 0.2548828125 0.048828125 0.056640625
0 0.72216796875 0.73583984375 0.0908203125 0.0478515625
0 0.0478515625 0.76171875 0.078125 0.041015625
0 0.27783203125 0.30419921875 0.0693359375 0.0439453125
0 0.21533203125 0.212890625 0.0634765625 0.080078125
0 0.4560546875 0.60546875 0.08984375 0.09765625
0 0.228515625 0.72412109375 0.16015625 0.0576171875
0 0.29150390625 0.5224609375 0.0634765625 0.109375
0 0.8720703125 0.427734375 0.041015625 0.080078125
0 0.31689453125 0.1533203125 0.0888671875 0.048828125
0 0.6787109375 0.87744140625 0.068359375 0.0732421875
0 0.693359375 0.93603515625 0.048828125 0.0576171875
0 0.9052734375 0.30908203125 0.099609375 0.1416015625
0 0.29052734375 0.20458984375 0.0947265625 0.0576171875
0 0.10302734375 0.74609375 0.0556640625 0.02734375
0 0.43896484375 0.98193359375 0.0361328125 0.0361328125
0 0.89111328125 0.42041015625 0.0400390625 0.0791015625
0 0.50732421875 0.12548828125 0.0556640625 0.0458984375
0 0.17529296875 0.3515625 0.0693359375 0.080078125
0 0.03369140625 0.44189453125 0.0673828125 0.0400390625
0 0.07666015625 0.9609375 0.0380859375 0.078125
0 0.7861328125 0.4716796875 0.02734375 0.06640625
0 0.1396484375 0.8017578125 0.095703125 0.048828125
0 0.11474609375 0.248046875 0.1220703125 0.1015625
0 0.23388671875 0.630859375 0.0830078125 0.0390625
0 0.56884765625 0.5458984375 0.0673828125 0.091796875
0 0.1435546875 0.89892578125 0.111328125 0.0732421875
0 0.13720703125 0.0341796875 0.0654296875 0.04296875
0 0.2001953125 0.55078125 0.078125 0.029296875
0 0.91064453125 0.97607421875 0.0654296875 0.0478515625
0 0.04052734375 0.890625 0.0263671875 0.0546875
0 0.19873046875 0.9677734375 0.1396484375 0.0390625
0 0.0556640625 0.8271484375 0.05859375 0.021484375
0 0.66796875 0.50146484375 0.03515625 0.0712890625
0 0.9287109375 0.955078125 0.044921875 0.068359375
0 0.982421875 0.0244140625 0.03515625 0.048828125
0 0.70263671875 0.3095703125 0.0439453125 0.091796875
0 0.0166015625 0.80126953125 0.033203125 0.0517578125
0 0.68408203125 0.02099609375 0.0458984375 0.0419921875
0 0.5654296875 0.78271484375 0.048828125 0.0361328125
0 0.92724609375 0.97509765625 0.0615234375 0.0498046875
0 0.10498046875 0.921875 0.0673828125 0.05078125
0 0.64013671875 0.6533203125 0.0634765625 0.048828125
0 0.95361328125 0.85205078125 0.0927734375 0.0361328125
0 0.70556640625 0.33154296875 0.0576171875 0.1201171875
0 0.57568359375 0.77880859375 0.0615234375 0.0419921875
0 0.92724609375 0.74658203125 0.0576171875 0.0556640625
0 0.07568359375 0.3779296875 0.0947265625 0.044921875
0 0.359375 0.43603515625 0.072265625 0.0634765625
0 0.4384765625 0.7763671875 0.0859375 0.04296875
0 0.64404296875 0.75244140625 0.0673828125 0.0517578125
0 0.6962890625 0.80126953125 0.0859375 0.0361328125
0 0.6552734375 0.8232421875 0.0625 0.037109375
0 0.814453125 0.912109375 0.072265625 0.068359375
0 0.15380859375 0.779296875 0.0712890625 0.033203125
0 0.1240234375 0.71484375 0.091796875 0.072265625
0 0.95947265625 0.21044921875 0.0556640625 0.1181640625
0 0.2490234375 0.16064453125 0.06640625 0.0654296875
0 0.14453125 0.189453125 0.1328125 0.05078125
0 0.04443359375 0.37255859375 0.0888671875 0.0458984375
0 0.404296875 0.10302734375 0.048828125 0.0537109375
0 0.76416015625 0.09521484375 0.0517578125 0.0576171875
