0 0.0126953125 0.654296875 0.025390625 0.14453125
0 0.02734375 0.53466796875 0.0546875 0.0751953125
0 0.1923828125 0.853515625 0.076171875 0.203125
0 0.052734375 0.75146484375 0.087890625 0.1455078125
0 0.271484375 0.72998046875 0.091796875 0.1181640625
0 0.470703125 0.92822265625 0.046875 0.0615234375
0 0.5546875 0.8671875 0.12109375 0.087890625
0 0.63671875 0.896484375 0.083984375 0.0625
0 0.7060546875 0.93505859375 0.068359375 0.1298828125
0 0.48193359375 0.97119140625 0.0517578125 0.0576171875
0 0.53466796875 0.74853515625 0.0634765625 0.0673828125
0 0.642578125 0.763671875 0.05859375 0.078125
0 0.4853515625 0.42578125 0.13671875 0.25
0 0.61181640625 0.5458984375 0.1767578125 0.18359375
0 0.35498046875 0.29638671875 0.0693359375 0.0771484375
0 0.27734375 0.34765625 0.0625 0.30078125
0 0.328125 0.47021484375 0.068359375 0.2568359375
0 0.26025390625 0.55517578125 0.0810546875 0.1025390625
0 0.12548828125 0.48095703125 0.0751953125 0.2685546875
0 0.07470703125 0.59912109375 0.0732421875 0.0810546875
0 0.2109375 0.38818359375 0.068359375 0.1552734375
0 0.060546875 0.4716796875 0.060546875 0.091796875
0 0.56591796875 0.22705078125 0.0849609375 0.1005859375
0 0.712890625 0.2666015625 0.056640625 0.154296875
0 0.25634765625 0.08935546875 0.0947265625 0.1787109375
0 0.1298828125 0.0458984375 0.099609375 0.091796875
0 0.01806640625 0.0654296875 0.0361328125 0.111328125
0 0.18505859375 0.01220703125 0.0615234375 0.0244140625
0 0.83154296875 0.240234375 0.1494140625 0.12109375
0 0.9384765625 0.19775390625 0.123046875 0.0830078125
0 0.97119140625 0.29638671875 0.0576171875 0.0888671875
0 0.765625 0.4033203125 0.166015625 0.13671875
0 0.8740234375 0.5048828125 0.1015625 0.07421875
0 0.7763671875 0.61328125 0.12109375 0.1328125
0 0.9306640625 0.7021484375 0.130859375 0.119140625
0 0.8056640625 0.84619140625 0.197265625 0.0927734375
0 0.8232421875 0.90966796875 0.111328125 0.0927734375
0 0.6142578125 0.97607421875 0.0546875 0.0478515625
0 0.748046875 0.97509765625 0.048828125 0.0498046875
