0 0.52685546875 0.341796875 0.0712890625 0.07421875
0 0.60302734375 0.56298828125 0.1064453125 0.0654296875
0 0.65576171875 0.4951171875 0.1435546875 0.125
0 0.41650390625 0.64404296875 0.0498046875 0.0576171875
0 0.96875 0.1435546875 0.0625 0.078125
0 0.47998046875 0.439453125 0.0849609375 0.068359375
0 0.73681640625 0.6826171875 0.0908203125 0.064453125
0 0.76171875 0.73974609375 0.0859375 0.0654296875
0 0.43359375 0.55712890625 0.09375 0.0654296875
0 0.9716796875 0.6796875 0.056640625 0.078125
0 0.87158203125 0.3515625 0.1103515625 0.076171875
0 0.08056640625 0.953125 0.0888671875 0.064453125
0 0.044921875 0.6337890625 0.08984375 0.064453125
0 0.02880859375 0.025390625 0.0576171875 0.05078125
0 0.37158203125 0.50537109375 0.0869140625 0.0673828125
0 0.427734375 0.3974609375 0.09765625 0.08203125
0 0.53564453125 0.55322265625 0.0732421875 0.0556640625
