0 0.04833984375 0.8359375 0.0966796875 0.1171875
0 0.11083984375 0.38916015625 0.0927734375 0.0751953125
0 0.06494140625 0.2783203125 0.0849609375 0.072265625
0 0.2333984375 0.07470703125 0.16796875 0.0947265625
0 0.0009765625 0.9033203125 0.001953125 0.126953125
0 0.06005859375 0.6640625 0.1201171875 0.06640625
0 0.0009765625 0.54296875 0.001953125 0.072265625
0 0.07470703125 0.47314453125 0.1201171875 0.1181640625
0 0.7333984375 0.81591796875 0.087890625 0.0673828125
0 0.00732421875 0.0009765625 0.0146484375 0.001953125
0 0.04296875 0.16845703125 0.0859375 0.0595703125
0 0.81103515625 0.59619140625 0.1025390625 0.0576171875
0 0.05419921875 0.11572265625 0.1044921875 0.0517578125
0 0.01708984375 0.037109375 0.0341796875 0.07421875
0 0.095703125 0.0341796875 0.123046875 0.068359375
0 0.11279296875 0.11572265625 0.1025390625 0.1611328125
0 0.1552734375 0.17236328125 0.13671875 0.0595703125
0 0.0205078125 0.48486328125 0.041015625 0.0673828125
0 0.09423828125 0.7197265625 0.1298828125 0.080078125
0 0.06591796875 0.787109375 0.1005859375 0.0625
0 0.962890625 0.193359375 0.07421875 0.0625
0 0.9521484375 0.2431640625 0.08984375 0.04296875
0 0.9697265625 0.31201171875 0.060546875 0.0595703125
