0 0.17138671875 0.2353515625 0.0830078125 0.12109375
0 0.232421875 0.0927734375 0.068359375 0.07421875
0 0.14453125 0.0732421875 0.083984375 0.087890625
0 0.37158203125 0.03515625 0.1142578125 0.068359375
0 0.3955078125 0.349609375 0.09765625 0.087890625
0 0.6455078125 0.15869140625 0.076171875 0.0732421875
0 0.48583984375 0.08349609375 0.0966796875 0.1025390625
0 0.5986328125 0.0244140625 0.12890625 0.048828125
0 0.13623046875 0.4853515625 0.0751953125 0.076171875
0 0.302734375 0.3583984375 0.076171875 0.072265625
0 0.32080078125 0.4375 0.0810546875 0.068359375
0 0.7373046875 0.47021484375 0.080078125 0.1005859375
0 0.72265625 0.38134765625 0.068359375 0.0693359375
0 0.72314453125 0.3056640625 0.0712890625 0.068359375
0 0.33349609375 0.6015625 0.0810546875 0.08203125
0 0.48486328125 0.60888671875 0.0771484375 0.0751953125
0 0.0986328125 0.72607421875 0.0859375 0.0908203125
0 0.09033203125 0.84765625 0.0771484375 0.080078125
0 0.54296875 0.90478515625 0.10546875 0.0693359375
0 0.453125 0.76025390625 0.095703125 0.0654296875
0 0.578125 0.6845703125 0.07421875 0.068359375
0 0.6650390625 0.6513671875 0.07421875 0.076171875
0 0.66943359375 0.5888671875 0.0595703125 0.0625
0 0.56640625 0.5302734375 0.068359375 0.07421875
0 0.6416015625 0.50634765625 0.07421875 0.0712890625
0 0.791015625 0.6083984375 0.07421875 0.078125
0 0.748046875 0.6767578125 0.08984375 0.115234375
0 0.865234375 0.5068359375 0.080078125 0.083984375
0 0.78076171875 0.52978515625 0.0537109375 0.0615234375
0 0.9384765625 0.58447265625 0.123046875 0.0673828125
0 0.97412109375 0.517578125 0.0517578125 0.07421875
0 0.66650390625 0.974609375 0.0771484375 0.05078125
0 0.77099609375 0.984375 0.0771484375 0.03125
0 0.86669921875 0.98046875 0.0693359375 0.0390625
0 0.57373046875 0.7890625 0.0830078125 0.099609375
0 0.97900390625 0.28662109375 0.0419921875 0.1025390625
0 0.78125 0.2109375 0.076171875 0.1171875
0 0.8994140625 0.1689453125 0.06640625 0.064453125
0 0.9619140625 0.931640625 0.072265625 0.0625
0 0.39306640625 0.40185546875 0.0771484375 0.0791015625
0 0.27197265625 0.0302734375 0.0771484375 0.05859375
0 0.2802734375 0.74755859375 0.119140625 0.0712890625
0 0.2236328125 0.59326171875 0.08984375 0.0615234375
0 0.955078125 0.41748046875 0.08984375 0.0791015625
0 0.53466796875 0.26123046875 0.0595703125 0.1044921875
0 0.03564453125 0.029296875 0.0693359375 0.05859375
0 0.18017578125 0.45751953125 0.0712890625 0.0576171875
0 0.1982421875 0.77294921875 0.068359375 0.0693359375
0 0.6298828125 0.9462890625 0.05078125 0.056640625
0 0.87451171875 0.3876953125 0.0498046875 0.064453125
0 0.11962890625 0.01708984375 0.1162109375 0.0341796875
0 0.021484375 0.65673828125 0.04296875 0.0673828125
0 0.34375 0.9912109375 0.08203125 0.015625
0 0.83447265625 0.966796875 0.0556640625 0.048828125
0 0.56005859375 0.9521484375 0.0478515625 0.048828125
0 0.25830078125 0.712890625 0.0576171875 0.044921875
0 0.44482421875 0.845703125 0.0419921875 0.060546875
