0 0.28662109375 0.18603515625 0.0869140625 0.0888671875
0 0.384765625 0.06494140625 0.09375 0.0888671875
0 0.05859375 0.17041015625 0.11328125 0.1005859375
0 0.15625 0.25244140625 0.1015625 0.0791015625
0 0.12646484375 0.36669921875 0.1318359375 0.0771484375
0 0.47705078125 0.36767578125 0.0869140625 0.0908203125
0 0.60107421875 0.38623046875 0.0654296875 0.0693359375
0 0.779296875 0.236328125 0.11328125 0.158203125
0 0.87646484375 0.3466796875 0.0966796875 0.16015625
0 0.978515625 0.01904296875 0.04296875 0.0380859375
0 0.9931640625 0.37060546875 0.013671875 0.0927734375
0 0.92333984375 0.46875 0.0791015625 0.080078125
0 0.82373046875 0.546875 0.0869140625 0.0859375
0 0.703125 0.525390625 0.111328125 0.08984375
0 0.49853515625 0.48974609375 0.0869140625 0.0888671875
0 0.18408203125 0.55078125 0.0693359375 0.1015625
0 0.044921875 0.736328125 0.0859375 0.091796875
0 0.1533203125 0.80078125 0.083984375 0.09765625
0 0.31982421875 0.6572265625 0.0869140625 0.083984375
0 0.54443359375 0.81689453125 0.0986328125 0.0732421875
0 0.45751953125 0.96435546875 0.0537109375 0.0517578125
0 0.68408203125 0.92724609375 0.1123046875 0.0966796875
0 0.80224609375 0.86962890625 0.0869140625 0.0634765625
0 0.81591796875 0.78662109375 0.0830078125 0.0869140625
0 0.904296875 0.78369140625 0.078125 0.0810546875
0 0.9873046875 0.92724609375 0.025390625 0.0791015625
0 0.95166015625 0.93994140625 0.0615234375 0.0732421875
0 0.86376953125 0.94287109375 0.0712890625 0.0673828125
0 0.60205078125 0.6787109375 0.1044921875 0.13671875
0 0.02099609375 0.3017578125 0.0419921875 0.072265625
0 0.19384765625 0.01611328125 0.0673828125 0.0322265625
0 0.287109375 0.5615234375 0.15625 0.09765625
0 0.2353515625 0.69091796875 0.08984375 0.0693359375
0 0.607421875 0.91552734375 0.08203125 0.1044921875
