0 0.986328125 0.53515625 0.02734375 0.126953125
0 0.04052734375 0.80908203125 0.0810546875 0.0615234375
0 0.5634765625 0.55419921875 0.056640625 0.1708984375
0 0.95166015625 0.6767578125 0.0966796875 0.087890625
0 0.92626953125 0.54833984375 0.0947265625 0.1435546875
0 0.8740234375 0.93408203125 0.1328125 0.0908203125
0 0.1728515625 0.27099609375 0.111328125 0.1611328125
0 0.234375 0.76123046875 0.083984375 0.0537109375
0 0.439453125 0.19482421875 0.072265625 0.0908203125
0 0.4326171875 0.62353515625 0.12890625 0.0556640625
0 0.8359375 0.15234375 0.0625 0.107421875
0 0.05517578125 0.36083984375 0.1103515625 0.1064453125
0 0.7802734375 0.447265625 0.07421875 0.09765625
0 0.3291015625 0.158203125 0.1015625 0.138671875
0 0.4189453125 0.85400390625 0.08203125 0.0478515625
0 0.28466796875 0.48046875 0.1416015625 0.0546875
0 0.88330078125 0.8017578125 0.0986328125 0.076171875
0 0.85009765625 0.97802734375 0.0751953125 0.0400390625
0 0.8134765625 0.74609375 0.060546875 0.07421875
0 0.10888671875 0.1220703125 0.1064453125 0.125
0 0.537109375 0.0361328125 0.0625 0.0703125
0 0.689453125 0.7451171875 0.181640625 0.0390625
0 0.49853515625 0.5107421875 0.0947265625 0.046875
0 0.01904296875 0.8916015625 0.0380859375 0.087890625
0 0.93505859375 0.6240234375 0.0654296875 0.0703125
0 0.18994140625 0.53564453125 0.1650390625 0.1337890625
0 0.47216796875 0.6806640625 0.1552734375 0.095703125
0 0.3828125 0.251953125 0.169921875 0.10546875
0 0.8564453125 0.822265625 0.09765625 0.03515625
0 0.3154296875 0.39208984375 0.078125 0.1103515625
0 0.65625 0.41015625 0.05078125 0.0390625
0 0.69775390625 0.8896484375 0.0595703125 0.060546875
0 0.478515625 0.7314453125 0.11328125 0.09375
0 0.20361328125 0.66796875 0.1787109375 0.0703125
0 0.62548828125 0.24365234375 0.2060546875 0.1650390625
0 0.400390625 0.203125 0.15625 0.16015625
0 0.05419921875 0.23095703125 0.1083984375 0.1044921875
0 0.064453125 0.458984375 0.126953125 0.08984375
0 0.64501953125 0.2958984375 0.1083984375 0.109375
0 0.5205078125 0.79443359375 0.177734375 0.1181640625
0 0.79736328125 0.8134765625 0.0888671875 0.09765625
0 0.28955078125 0.28955078125 0.2021484375 0.0810546875
0 0.3759765625 0.93505859375 0.142578125 0.0380859375
0 0.44677734375 0.48193359375 0.0712890625 0.0537109375
0 0.80029296875 0.44384765625 0.0732421875 0.1259765625
0 0.87744140625 0.9287109375 0.0712890625 0.09765625
0 0.1318359375 0.09326171875 0.14453125 0.1865234375
0 0.81982421875 0.8701171875 0.0517578125 0.03515625
0 0.2822265625 0.5283203125 0.103515625 0.068359375
0 0.1513671875 0.67431640625 0.21875 0.1572265625
0 0.9423828125 0.51953125 0.09765625 0.169921875
0 0.26025390625 0.02001953125 0.0458984375 0.0380859375
0 0.06396484375 0.6943359375 0.0986328125 0.109375
0 0.04443359375 0.3076171875 0.0888671875 0.109375
0 0.37939453125 0.3720703125 0.0615234375 0.029296875
0 0.53955078125 0.88818359375 0.2822265625 0.0595703125
0 0.45751953125 0.923828125 0.1259765625 0.0390625
0 0.09130859375 0.505859375 0.0673828125 0.044921875
