0 0.10302734375 0.15234375 0.0712890625 0.05859375
0 0.2763671875 0.16259765625 0.072265625 0.0576171875
0 0.36181640625 0.07958984375 0.0634765625 0.0517578125
0 0.59326171875 0.07421875 0.1064453125 0.056640625
0 0.748046875 0.13671875 0.111328125 0.0625
0 0.8447265625 0.11328125 0.048828125 0.0703125
0 0.9384765625 0.056640625 0.06640625 0.111328125
0 0.96875 0.205078125 0.0625 0.07421875
0 0.8974609375 0.27099609375 0.048828125 0.1044921875
0 0.94921875 0.2998046875 0.0625 0.0859375
0 0.8271484375 0.2841796875 0.05859375 0.06640625
0 0.935546875 0.42333984375 0.064453125 0.0751953125
0 0.64892578125 0.3203125 0.0927734375 0.080078125
0 0.5625 0.392578125 0.068359375 0.091796875
0 0.4365234375 0.3359375 0.056640625 0.0546875
0 0.3310546875 0.35888671875 0.087890625 0.1572265625
0 0.173828125 0.30126953125 0.07421875 0.0654296875
0 0.08837890625 0.271484375 0.0439453125 0.05859375
0 0.16796875 0.46337890625 0.115234375 0.0751953125
0 0.1064453125 0.54248046875 0.107421875 0.0556640625
0 0.13623046875 0.626953125 0.0712890625 0.09765625
0 0.43212890625 0.49560546875 0.0849609375 0.0791015625
0 0.5283203125 0.55517578125 0.099609375 0.0576171875
0 0.77587890625 0.671875 0.1083984375 0.072265625
0 0.8271484375 0.5625 0.083984375 0.109375
0 0.916015625 0.583984375 0.064453125 0.091796875
0 0.97900390625 0.59814453125 0.0419921875 0.1025390625
0 0.970703125 0.6943359375 0.05859375 0.08203125
0 0.7587890625 0.8115234375 0.0625 0.0703125
0 0.6103515625 0.763671875 0.103515625 0.05859375
0 0.43798828125 0.84814453125 0.0732421875 0.0693359375
0 0.33544921875 0.87109375 0.0615234375 0.0625
0 0.46875 0.92724609375 0.0703125 0.0634765625
0 0.685546875 0.8828125 0.10546875 0.078125
0 0.7666015625 0.97119140625 0.076171875 0.0576171875
0 0.9599609375 0.97021484375 0.0703125 0.0595703125
0 0.255859375 0.98876953125 0.0703125 0.0224609375
0 0.07275390625 0.8994140625 0.0498046875 0.052734375
0 0.87109375 0.43896484375 0.0625 0.0576171875
0 0.41748046875 0.1962890625 0.0556640625 0.076171875
