0 0.9375 0.869140625 0.080078125 0.08984375
0 0.927734375 0.2333984375 0.12109375 0.109375
0 0.84521484375 0.2451171875 0.0693359375 0.109375
0 0.8095703125 0.12890625 0.09375 0.166015625
0 0.67431640625 0.17919921875 0.1630859375 0.1162109375
0 0.60791015625 0.3154296875 0.0751953125 0.099609375
0 0.4111328125 0.1806640625 0.142578125 0.099609375
0 0.3701171875 0.28125 0.177734375 0.205078125
0 0.5302734375 0.4189453125 0.056640625 0.095703125
0 0.580078125 0.5263671875 0.125 0.09765625
0 0.48828125 0.56591796875 0.125 0.0576171875
0 0.474609375 0.62646484375 0.083984375 0.0947265625
0 0.4111328125 0.6328125 0.072265625 0.103515625
0 0.57373046875 0.705078125 0.1337890625 0.10546875
0 0.76513671875 0.65869140625 0.1064453125 0.1044921875
0 0.83984375 0.7392578125 0.06640625 0.091796875
0 0.9580078125 0.78271484375 0.083984375 0.0751953125
0 0.70556640625 0.8779296875 0.1123046875 0.076171875
0 0.62841796875 0.9638671875 0.1494140625 0.072265625
0 0.498046875 0.951171875 0.12890625 0.072265625
0 0.44140625 0.97119140625 0.080078125 0.0576171875
0 0.310546875 0.8427734375 0.087890625 0.08203125
0 0.18701171875 0.65625 0.0927734375 0.17578125
0 0.24609375 0.7548828125 0.076171875 0.05078125
0 0.05615234375 0.85205078125 0.0537109375 0.0478515625
0 0.03955078125 0.97607421875 0.0712890625 0.0458984375
0 0.98388671875 0.6357421875 0.0322265625 0.080078125
0 0.93603515625 0.5888671875 0.0849609375 0.064453125
0 0.82763671875 0.41748046875 0.1162109375 0.0712890625
0 0.7109375 0.49609375 0.09375 0.052734375
0 0.73974609375 0.53662109375 0.1533203125 0.1162109375
0 0.93896484375 0.06201171875 0.0556640625 0.1240234375
0 0.9140625 0.12890625 0.056640625 0.09765625
0 0.87353515625 0.04931640625 0.0595703125 0.0986328125
0 0.21435546875 0.111328125 0.0634765625 0.099609375
0 0.08740234375 0.14013671875 0.0712890625 0.0751953125
0 0.0869140625 0.26025390625 0.060546875 0.1142578125
0 0.0419921875 0.25537109375 0.083984375 0.1474609375
0 0.150390625 0.38818359375 0.1484375 0.0771484375
0 0.1513671875 0.4609375 0.11328125 0.107421875
0 0.060546875 0.5927734375 0.12109375 0.068359375
0 0.03271484375 0.484375 0.0654296875 0.095703125
0 0.080078125 0.48193359375 0.08203125 0.0517578125
0 0.2744140625 0.34912109375 0.083984375 0.0400390625
0 0.2705078125 0.61962890625 0.169921875 0.0791015625
0 0.21630859375 0.0517578125 0.0576171875 0.103515625
0 0.21435546875 0.3369140625 0.0615234375 0.037109375
0 0.23583984375 0.7490234375 0.0693359375 0.0390625
0 0.1552734375 0.79931640625 0.078125 0.0361328125
0 0.58984375 0.26953125 0.05078125 0.041015625
0 0.74951171875 0.0771484375 0.0302734375 0.060546875
0 0.72216796875 0.1884765625 0.0810546875 0.05078125
0 0.6435546875 0.458984375 0.0390625 0.099609375
