0 0.5869140625 0.943359375 0.134765625 0.072265625
0 0.2294921875 0.52685546875 0.080078125 0.0947265625
0 0.11328125 0.15185546875 0.1328125 0.2001953125
0 0.33837890625 0.4755859375 0.1181640625 0.107421875
0 0.10986328125 0.93408203125 0.0947265625 0.0849609375
0 0.7607421875 0.939453125 0.1171875 0.080078125
0 0.54443359375 0.74072265625 0.1044921875 0.0869140625
0 0.70458984375 0.41748046875 0.1005859375 0.0849609375
0 0.40869140625 0.640625 0.1025390625 0.09765625
0 0.5791015625 0.2392578125 0.080078125 0.08984375
0 0.21240234375 0.42431640625 0.0849609375 0.1103515625
0 0.77197265625 0.26708984375 0.1005859375 0.1103515625
0 0.1298828125 0.30078125 0.080078125 0.087890625
0 0.10595703125 0.62841796875 0.0869140625 0.0869140625
0 0.8134765625 0.73583984375 0.123046875 0.0732421875
0 0.2509765625 0.08935546875 0.1171875 0.1103515625
0 0.3447265625 0.91455078125 0.10546875 0.0791015625
0 0.18701171875 0.7841796875 0.0693359375 0.08984375
0 0.32470703125 0.2021484375 0.1103515625 0.109375
0 0.4072265625 0.28564453125 0.125 0.1318359375
0 0.89306640625 0.78466796875 0.1123046875 0.0654296875
0 0.08935546875 0.41064453125 0.0751953125 0.1279296875
0 0.8359375 0.541015625 0.123046875 0.072265625
0 0.87451171875 0.67919921875 0.1201171875 0.0751953125
0 0.478515625 0.14111328125 0.1171875 0.1376953125
0 0.6845703125 0.806640625 0.080078125 0.125
0 0.0732421875 0.80712890625 0.087890625 0.0751953125
0 0.7666015625 0.609375 0.080078125 0.08984375
0 0.3798828125 0.97607421875 0.08984375 0.0478515625
0 0.82080078125 0.4716796875 0.0771484375 0.08984375
0 0.7958984375 0.3408203125 0.123046875 0.078125
0 0.546875 0.49609375 0.109375 0.09765625
0 0.7431640625 0.515625 0.091796875 0.107421875
0 0.88330078125 0.2109375 0.1083984375 0.107421875
0 0.0283203125 0.5068359375 0.056640625 0.0703125
0 0.57861328125 0.03125 0.0986328125 0.0625
0 0.9560546875 0.85205078125 0.087890625 0.0654296875
0 0.0146484375 0.68359375 0.029296875 0.072265625
0 0.5869140625 0.53857421875 0.08984375 0.0771484375
0 0.728515625 0.57958984375 0.09765625 0.0693359375
0 0.93994140625 0.47216796875 0.0849609375 0.1005859375
0 0.60693359375 0.2822265625 0.1103515625 0.125
0 0.9326171875 0.044921875 0.134765625 0.0859375
0 0.84619140625 0.1337890625 0.1279296875 0.109375
0 0.77734375 0.1484375 0.1171875 0.06640625
