0 0.66845703125 0.5419921875 0.1220703125 0.119140625
0 0.8798828125 0.361328125 0.126953125 0.10546875
0 0.115234375 0.41748046875 0.111328125 0.1337890625
0 0.7998046875 0.1181640625 0.126953125 0.099609375
0 0.4755859375 0.83349609375 0.142578125 0.2177734375
0 0.7119140625 0.3583984375 0.140625 0.123046875
0 0.57568359375 0.7294921875 0.0869140625 0.09765625
0 0.14990234375 0.611328125 0.0927734375 0.09765625
0 0.6669921875 0.0830078125 0.095703125 0.09765625
0 0.306640625 0.20849609375 0.09375 0.0849609375
0 0.79833984375 0.9443359375 0.1123046875 0.087890625
0 0.603515625 0.87939453125 0.09765625 0.0751953125
0 0.724609375 0.64599609375 0.10546875 0.0927734375
0 0.2109375 0.3486328125 0.08203125 0.0703125
0 0.21484375 0.1865234375 0.095703125 0.078125
0 0.09521484375 0.8232421875 0.0771484375 0.064453125
0 0.22802734375 0.9638671875 0.1123046875 0.072265625
0 0.04345703125 0.6591796875 0.0830078125 0.109375
0 0.03076171875 0.939453125 0.0576171875 0.115234375
0 0.0732421875 0.720703125 0.091796875 0.072265625
0 0.28857421875 0.26708984375 0.0888671875 0.0732421875
0 0.037109375 0.53564453125 0.072265625 0.1064453125
0 0.09912109375 0.958984375 0.0830078125 0.072265625
0 0.3544921875 0.7763671875 0.095703125 0.080078125
