0 0.525390625 0.9619140625 0.091796875 0.029296875
0 0.6904296875 0.79443359375 0.091796875 0.0576171875
0 0.4658203125 0.0439453125 0.109375 0.087890625
0 0.6181640625 0.21533203125 0.07421875 0.0556640625
0 0.04833984375 0.869140625 0.0966796875 0.080078125
0 0.50390625 0.12939453125 0.09765625 0.0751953125
0 0.57421875 0.0908203125 0.09765625 0.080078125
0 0.626953125 0.14599609375 0.083984375 0.1064453125
0 0.53076171875 0.9814453125 0.0927734375 0.037109375
0 0.04541015625 0.16064453125 0.0908203125 0.0556640625
0 0.46923828125 0.408203125 0.0849609375 0.064453125
0 0.822265625 0.16845703125 0.0703125 0.0869140625
0 0.14306640625 0.435546875 0.1455078125 0.150390625
0 0.71337890625 0.58251953125 0.0810546875 0.0986328125
0 0.79736328125 0.03857421875 0.0693359375 0.0771484375
0 0.8759765625 0.298828125 0.0703125 0.09375
0 0.740234375 0.857421875 0.103515625 0.06640625
0 0.53564453125 0.26318359375 0.0966796875 0.0771484375
0 0.71435546875 0.275390625 0.1298828125 0.052734375
0 0.314453125 0.1416015625 0.07421875 0.072265625
0 0.72119140625 0.0322265625 0.0810546875 0.064453125
0 0.62646484375 0.4599609375 0.0869140625 0.0703125
0 0.6875 0.919921875 0.056640625 0.05859375
0 0.77392578125 0.4921875 0.0810546875 0.078125
0 0.96875 0.837890625 0.0625 0.078125
0 0.3779296875 0.9814453125 0.123046875 0.037109375
0 0.4248046875 0.33544921875 0.1328125 0.0673828125
0 0.765625 0.228515625 0.08984375 0.0546875
0 0.9140625 0.84619140625 0.07421875 0.0927734375
0 0.2490234375 0.02001953125 0.1171875 0.0400390625
0 0.91259765625 0.35302734375 0.0576171875 0.1064453125
0 0.44873046875 0.625 0.1005859375 0.072265625
0 0.60009765625 0.55029296875 0.1025390625 0.0712890625
0 0.44921875 0.47900390625 0.103515625 0.0654296875
0 0.5048828125 0.908203125 0.134765625 0.07421875
0 0.28857421875 0.65673828125 0.1435546875 0.0771484375
0 0.50146484375 0.82177734375 0.1416015625 0.0849609375
0 0.615234375 0.94287109375 0.060546875 0.0615234375
0 0.73681640625 0.791015625 0.0576171875 0.06640625
0 0.51708984375 0.3681640625 0.0673828125 0.064453125
0 0.02392578125 0.78955078125 0.0458984375 0.0537109375
0 0.0400390625 0.10986328125 0.0625 0.0595703125
0 0.12255859375 0.05126953125 0.0869140625 0.0791015625
0 0.05322265625 0.0439453125 0.1064453125 0.0625
0 0.51953125 0.021484375 0.064453125 0.04296875
0 0.029296875 0.27685546875 0.05859375 0.0595703125
