0 0.11083984375 0.0205078125 0.0712890625 0.041015625
0 0.17919921875 0.15478515625 0.0615234375 0.0908203125
0 0.07763671875 0.21630859375 0.1181640625 0.0771484375
0 0.28173828125 0.15234375 0.0791015625 0.099609375
0 0.2880859375 0.21826171875 0.0546875 0.0517578125
0 0.02734375 0.32177734375 0.0546875 0.0712890625
0 0.275390625 0.39111328125 0.107421875 0.0791015625
0 0.12890625 0.4326171875 0.08984375 0.1796875
0 0.39013671875 0.44873046875 0.1025390625 0.0751953125
0 0.49365234375 0.4755859375 0.0654296875 0.0703125
0 0.6142578125 0.42333984375 0.056640625 0.0576171875
0 0.443359375 0.24609375 0.060546875 0.0625
0 0.4873046875 0.1279296875 0.06640625 0.072265625
0 0.53076171875 0.2119140625 0.0712890625 0.056640625
0 0.53125 0.31201171875 0.060546875 0.0537109375
0 0.7119140625 0.3125 0.0859375 0.095703125
0 0.6787109375 0.1318359375 0.111328125 0.15625
0 0.2275390625 0.626953125 0.095703125 0.083984375
0 0.22705078125 0.71533203125 0.1337890625 0.0888671875
0 0.0947265625 0.73828125 0.125 0.103515625
0 0.1748046875 0.8740234375 0.1171875 0.123046875
0 0.24755859375 0.83544921875 0.0712890625 0.0693359375
0 0.36083984375 0.8037109375 0.1025390625 0.068359375
0 0.39453125 0.87451171875 0.103515625 0.0654296875
0 0.23681640625 0.97998046875 0.0693359375 0.0400390625
0 0.6103515625 0.9541015625 0.080078125 0.068359375
0 0.921875 0.8095703125 0.103515625 0.107421875
0 0.85546875 0.93896484375 0.080078125 0.0869140625
0 0.7626953125 0.931640625 0.07421875 0.06640625
0 0.57568359375 0.62646484375 0.0595703125 0.1123046875
0 0.46142578125 0.64404296875 0.0654296875 0.0771484375
0 0.52490234375 0.7177734375 0.0615234375 0.0546875
0 0.39501953125 0.716796875 0.0869140625 0.080078125
0 0.5966796875 0.8056640625 0.07421875 0.064453125
0 0.87060546875 0.45166015625 0.0947265625 0.0517578125
0 0.76416015625 0.40771484375 0.0947265625 0.0517578125
0 0.86767578125 0.34228515625 0.0947265625 0.0615234375
0 0.8408203125 0.26171875 0.078125 0.109375
0 0.7783203125 0.20947265625 0.0546875 0.0751953125
0 0.46533203125 0.9296875 0.0732421875 0.060546875
0 0.32763671875 0.90771484375 0.0712890625 0.0615234375
0 0.73583984375 0.8994140625 0.0888671875 0.07421875
0 0.2666015625 0.2783203125 0.0625 0.0703125
0 0.6298828125 0.25048828125 0.05859375 0.0615234375
0 0.63134765625 0.33984375 0.0576171875 0.06640625
0 0.990234375 0.779296875 0.01953125 0.05078125
0 0.85986328125 0.79931640625 0.0615234375 0.0556640625
0 0.015625 0.77392578125 0.03125 0.0458984375
0 0.05517578125 0.88916015625 0.0400390625 0.0361328125
