0 0.0185546875 0.1806640625 0.037109375 0.0859375
0 0.3837890625 0.03515625 0.05078125 0.0703125
0 0.12158203125 0.29248046875 0.0595703125 0.1025390625
0 0.5712890625 0.18994140625 0.064453125 0.0849609375
0 0.64501953125 0.76025390625 0.0400390625 0.0966796875
0 0.28759765625 0.20068359375 0.0693359375 0.0927734375
0 0.19970703125 0.27392578125 0.0849609375 0.0830078125
0 0.1875 0.63818359375 0.04296875 0.0888671875
0 0.10546875 0.54052734375 0.07421875 0.0908203125
0 0.4541015625 0.59375 0.056640625 0.091796875
0 0.25341796875 0.86962890625 0.0712890625 0.0595703125
0 0.0966796875 0.18212890625 0.05859375 0.0712890625
0 0.0322265625 0.02978515625 0.02734375 0.0595703125
0 0.79296875 0.47119140625 0.037109375 0.0810546875
0 0.15283203125 0.18017578125 0.0634765625 0.0849609375
0 0.658203125 0.6962890625 0.060546875 0.076171875
0 0.234375 0.22998046875 0.07421875 0.0849609375
0 0.63818359375 0.24755859375 0.0400390625 0.0771484375
0 0.38818359375 0.72021484375 0.0458984375 0.0791015625
0 0.92138671875 0.20751953125 0.0712890625 0.0888671875
0 0.0869140625 0.3916015625 0.046875 0.080078125
0 0.72998046875 0.14306640625 0.0478515625 0.0791015625
0 0.93408203125 0.03369140625 0.0458984375 0.0673828125
0 0.54296875 0.3134765625 0.056640625 0.078125
0 0.2392578125 0.56591796875 0.064453125 0.0615234375
0 0.7236328125 0.28759765625 0.06640625 0.0693359375
0 0.9365234375 0.5703125 0.037109375 0.06640625
0 0.65869140625 0.66650390625 0.0654296875 0.0693359375
0 0.13037109375 0.88134765625 0.0693359375 0.1005859375
0 0.66943359375 0.3291015625 0.0634765625 0.06640625
0 0.7744140625 0.5361328125 0.04296875 0.068359375
0 0.32275390625 0.50048828125 0.0419921875 0.1103515625
0 0.01025390625 0.66796875 0.0205078125 0.033203125
0 0.224609375 0.79345703125 0.06640625 0.0498046875
0 0.46533203125 0.54443359375 0.0361328125 0.0791015625
0 0.009765625 0.8828125 0.01953125 0.060546875
0 0.60498046875 0.5302734375 0.0322265625 0.080078125
0 0.35986328125 0.22607421875 0.0400390625 0.0986328125
0 0.72021484375 0.97705078125 0.0634765625 0.0458984375
0 0.88671875 0.5419921875 0.02734375 0.072265625
0 0.25732421875 0.02783203125 0.0517578125 0.0517578125
0 0.84619140625 0.62548828125 0.0458984375 0.0927734375
0 0.52685546875 0.53564453125 0.0537109375 0.0556640625
0 0.17578125 0.7998046875 0.099609375 0.083984375
0 0.7041015625 0.21875 0.02734375 0.08984375
0 0.07177734375 0.58349609375 0.0322265625 0.0791015625
0 0.1240234375 0.83447265625 0.0625 0.0615234375
0 0.65283203125 0.58154296875 0.0615234375 0.0517578125
0 0.54736328125 0.869140625 0.0537109375 0.05078125
0 0.13427734375 0.615234375 0.0615234375 0.029296875
0 0.8876953125 0.90185546875 0.04296875 0.0693359375
0 0.7021484375 0.908203125 0.029296875 0.0546875
0 0.31298828125 0.93017578125 0.0556640625 0.0302734375
0 0.1240234375 0.97900390625 0.076171875 0.0419921875
0 0.96240234375 0.87255859375 0.0537109375 0.0556640625
0 0.205078125 0.85595703125 0.05078125 0.0576171875
0 0.521484375 0.5869140625 0.048828125 0.02734375
0 0.54638671875 0.42041015625 0.0634765625 0.0302734375
0 0.091796875 0.0146484375 0.037109375 0.029296875
0 0.35107421875 0.84619140625 0.0400390625 0.0712890625
0 0.224609375 0.94482421875 0.029296875 0.0537109375
0 0.28759765625 0.8623046875 0.0458984375 0.05078125
0 0.87939453125 0.01708984375 0.0341796875 0.0341796875
0 0.1533203125 0.1064453125 0.087890625 0.037109375
0 0.5869140625 0.669921875 0.02734375 0.080078125
0 0.3369140625 0.58056640625 0.0703125 0.0380859375
0 0.806640625 0.24560546875 0.029296875 0.0576171875
0 0.98046875 0.841796875 0.0390625 0.03515625
0 0.07568359375 0.828125 0.0341796875 0.056640625
0 0.7744140625 0.65576171875 0.03515625 0.0537109375
0 0.51123046875 0.92236328125 0.0263671875 0.0693359375
0 0.75341796875 0.06005859375 0.0361328125 0.0791015625
0 0.38671875 0.767578125 0.076171875 0.037109375
0 0.12548828125 0.939453125 0.0439453125 0.048828125
0 0.78271484375 0.89404296875 0.0439453125 0.0419921875
0 0.18408203125 0.59375 0.0458984375 0.068359375
0 0.93994140625 0.34765625 0.0419921875 0.068359375
0 0.72802734375 0.85498046875 0.0439453125 0.0517578125
0 0.2158203125 0.58935546875 0.037109375 0.0654296875
0 0.82470703125 0.9775390625 0.0400390625 0.044921875
0 0.37744140625 0.11328125 0.0419921875 0.025390625
0 0.88671875 0.62939453125 0.0546875 0.0576171875
0 0.06884765625 0.9501953125 0.0458984375 0.037109375
0 0.51708984375 0.041015625 0.0693359375 0.05859375
0 0.31396484375 0.67529296875 0.1025390625 0.0400390625
0 0.3837890625 0.97119140625 0.046875 0.0576171875
0 0.56787109375 0.0478515625 0.0888671875 0.060546875
0 0.7939453125 0.97314453125 0.02734375 0.0419921875
0 0.8125 0.63037109375 0.037109375 0.0458984375
