0 0.10986328125 0.6533203125 0.0673828125 0.060546875
0 0.16943359375 0.61767578125 0.0576171875 0.0751953125
0 0.2685546875 0.583984375 0.0625 0.08203125
0 0.21728515625 0.63427734375 0.0419921875 0.0615234375
0 0.27099609375 0.64990234375 0.0654296875 0.0498046875
0 0.27783203125 0.70849609375 0.0712890625 0.0849609375
0 0.22265625 0.75048828125 0.0546875 0.0791015625
0 0.20703125 0.82470703125 0.08203125 0.0615234375
0 0.08349609375 0.8564453125 0.0595703125 0.05859375
0 0.08544921875 0.0419921875 0.0888671875 0.0703125
0 0.16015625 0.02880859375 0.046875 0.0576171875
0 0.3173828125 0.0380859375 0.064453125 0.076171875
0 0.18359375 0.19384765625 0.0703125 0.0673828125
0 0.56494140625 0.09423828125 0.0498046875 0.0712890625
0 0.60693359375 0.1689453125 0.0830078125 0.111328125
0 0.455078125 0.30224609375 0.072265625 0.0751953125
0 0.37646484375 0.30615234375 0.0517578125 0.0498046875
0 0.6728515625 0.32421875 0.138671875 0.080078125
0 0.8291015625 0.17724609375 0.076171875 0.0810546875
0 0.76220703125 0.12158203125 0.0556640625 0.0771484375
0 0.87744140625 0.06982421875 0.0556640625 0.0986328125
0 0.9658203125 0.02880859375 0.05078125 0.0576171875
0 0.98046875 0.15380859375 0.0390625 0.0751953125
0 0.93505859375 0.337890625 0.0576171875 0.08203125
0 0.74365234375 0.6533203125 0.1201171875 0.111328125
0 0.974609375 0.55810546875 0.05078125 0.0615234375
0 0.5849609375 0.89453125 0.068359375 0.068359375
0 0.923828125 0.97314453125 0.109375 0.0537109375
0 0.3837890625 0.63818359375 0.125 0.1572265625
0 0.33203125 0.7783203125 0.09375 0.09765625
