0 0.88330078125 0.91943359375 0.1220703125 0.0693359375
0 0.80078125 0.1435546875 0.13671875 0.0625
0 0.826171875 0.8408203125 0.15234375 0.068359375
0 0.91455078125 0.7607421875 0.1005859375 0.091796875
0 0.61572265625 0.75927734375 0.0869140625 0.0947265625
0 0.58447265625 0.94970703125 0.0693359375 0.0751953125
0 0.349609375 0.52685546875 0.115234375 0.0751953125
0 0.85302734375 0.3193359375 0.0771484375 0.10546875
0 0.82080078125 0.75341796875 0.0966796875 0.0830078125
0 0.36572265625 0.40673828125 0.0927734375 0.0849609375
0 0.1123046875 0.92724609375 0.115234375 0.1396484375
0 0.14453125 0.7783203125 0.14453125 0.08203125
0 0.9169921875 0.37109375 0.095703125 0.107421875
0 0.33935546875 0.3359375 0.1103515625 0.087890625
0 0.15185546875 0.65576171875 0.1005859375 0.0869140625
0 0.22216796875 0.18798828125 0.1904296875 0.1123046875
0 0.34326171875 0.1630859375 0.0732421875 0.1171875
0 0.6845703125 0.22314453125 0.080078125 0.0771484375
0 0.97119140625 0.51806640625 0.0576171875 0.0830078125
0 0.33056640625 0.0458984375 0.1826171875 0.087890625
0 0.62451171875 0.49951171875 0.0908203125 0.1103515625
0 0.0517578125 0.08935546875 0.08984375 0.0849609375
0 0.63330078125 0.318359375 0.0927734375 0.078125
0 0.4521484375 0.07373046875 0.142578125 0.0791015625
0 0.97998046875 0.8994140625 0.0400390625 0.095703125
0 0.12109375 0.5107421875 0.072265625 0.056640625
0 0.06201171875 0.37451171875 0.1005859375 0.0751953125
0 0.7021484375 0.56201171875 0.060546875 0.0595703125
0 0.5595703125 0.4658203125 0.095703125 0.1171875
0 0.71826171875 0.974609375 0.0478515625 0.05078125
0 0.90869140625 0.533203125 0.0673828125 0.0625
0 0.6259765625 0.25439453125 0.087890625 0.0693359375
0 0.92822265625 0.67431640625 0.0869140625 0.0654296875
0 0.3193359375 0.72607421875 0.060546875 0.0576171875
0 0.95361328125 0.65087890625 0.0927734375 0.1572265625
0 0.20361328125 0.07080078125 0.0576171875 0.0478515625
0 0.65087890625 0.38330078125 0.2021484375 0.0869140625
0 0.4970703125 0.96875 0.064453125 0.0625
0 0.07470703125 0.826171875 0.1455078125 0.0625
0 0.2841796875 0.28076171875 0.080078125 0.1083984375
0 0.33984375 0.82568359375 0.080078125 0.1181640625
0 0.0419921875 0.4560546875 0.080078125 0.09765625
0 0.849609375 0.98828125 0.095703125 0.0234375
0 0.80322265625 0.03076171875 0.0869140625 0.0576171875
0 0.54931640625 0.0244140625 0.0732421875 0.04296875
0 0.3857421875 0.8046875 0.158203125 0.259765625
0 0.81396484375 0.49609375 0.0673828125 0.10546875
0 0.3984375 0.01318359375 0.064453125 0.0263671875
0 0.73828125 0.10595703125 0.033203125 0.0322265625
0 0.04833984375 0.814453125 0.0927734375 0.095703125
0 0.5576171875 0.08203125 0.056640625 0.046875
