0 0.93994140625 0.099609375 0.0732421875 0.119140625
0 0.96533203125 0.25830078125 0.0693359375 0.1279296875
0 0.71240234375 0.35693359375 0.0869140625 0.1396484375
0 0.90966796875 0.578125 0.0693359375 0.09765625
0 0.81201171875 0.64453125 0.1044921875 0.16015625
0 0.8349609375 0.25244140625 0.099609375 0.1298828125
0 0.919921875 0.38720703125 0.080078125 0.1005859375
0 0.85302734375 0.49609375 0.1318359375 0.140625
0 0.8154296875 0.84716796875 0.0859375 0.0810546875
0 0.9306640625 0.81591796875 0.078125 0.0771484375
0 0.93212890625 0.48095703125 0.0947265625 0.0869140625
0 0.77734375 0.33544921875 0.044921875 0.1123046875
0 0.90478515625 0.66796875 0.0751953125 0.072265625
0 0.74853515625 0.880859375 0.1025390625 0.107421875
