0 0.3349609375 0.966796875 0.0703125 0.06640625
0 0.14208984375 0.701171875 0.0751953125 0.107421875
0 0.0185546875 0.63525390625 0.037109375 0.1162109375
0 0.18798828125 0.52587890625 0.0732421875 0.0712890625
0 0.08984375 0.1376953125 0.078125 0.09375
0 0.1708984375 0.09423828125 0.05859375 0.0517578125
0 0.22119140625 0.134765625 0.0693359375 0.11328125
0 0.97265625 0.30810546875 0.0546875 0.0439453125
0 0.77734375 0.0380859375 0.064453125 0.064453125
0 0.68994140625 0.13623046875 0.0732421875 0.1494140625
0 0.62451171875 0.14404296875 0.0595703125 0.1064453125
0 0.31396484375 0.3759765625 0.1279296875 0.109375
0 0.44189453125 0.62451171875 0.0771484375 0.1142578125
0 0.52880859375 0.4609375 0.0751953125 0.072265625
0 0.6064453125 0.42529296875 0.068359375 0.0634765625
0 0.611328125 0.5244140625 0.12890625 0.08203125
0 0.71875 0.37060546875 0.09765625 0.0771484375
0 0.66259765625 0.8662109375 0.1044921875 0.078125
0 0.5458984375 0.9775390625 0.1015625 0.044921875
0 0.79638671875 0.8955078125 0.1044921875 0.07421875
0 0.84423828125 0.9580078125 0.1396484375 0.083984375
0 0.9833984375 0.92919921875 0.033203125 0.0712890625
0 0.9931640625 0.802734375 0.013671875 0.080078125
0 0.93798828125 0.6787109375 0.0771484375 0.06640625
0 0.916015625 0.59765625 0.09765625 0.0625
0 0.84423828125 0.5126953125 0.1162109375 0.111328125
0 0.91015625 0.47021484375 0.09375 0.0634765625
0 0.9931640625 0.5 0.013671875 0.03515625
0 0.978515625 0.44189453125 0.04296875 0.0576171875
0 0.9736328125 0.37109375 0.052734375 0.099609375
0 0.54931640625 0.5234375 0.0615234375 0.068359375
0 0.73486328125 0.40625 0.0673828125 0.05078125
