0 0.8310546875 0.517578125 0.091796875 0.08203125
0 0.67578125 0.16259765625 0.044921875 0.0732421875
0 0.06005859375 0.55322265625 0.0791015625 0.0693359375
0 0.8544921875 0.83984375 0.109375 0.0546875
0 0.71728515625 0.73388671875 0.0771484375 0.1005859375
0 0.07421875 0.1142578125 0.138671875 0.0703125
0 0.30810546875 0.15185546875 0.0419921875 0.0908203125
0 0.2236328125 0.41162109375 0.05078125 0.0888671875
0 0.07861328125 0.775390625 0.0810546875 0.052734375
0 0.5419921875 0.92431640625 0.095703125 0.0478515625
0 0.86669921875 0.4521484375 0.0673828125 0.060546875
0 0.69775390625 0.13330078125 0.0634765625 0.0888671875
0 0.1884765625 0.50830078125 0.060546875 0.0556640625
0 0.580078125 0.24609375 0.10546875 0.064453125
0 0.71826171875 0.85693359375 0.1005859375 0.0419921875
0 0.44384765625 0.5966796875 0.0400390625 0.044921875
0 0.23974609375 0.08349609375 0.0986328125 0.0830078125
0 0.96826171875 0.7646484375 0.0634765625 0.0703125
0 0.45947265625 0.76416015625 0.0908203125 0.0791015625
0 0.0966796875 0.45556640625 0.05859375 0.0615234375
0 0.2119140625 0.55810546875 0.05859375 0.0400390625
0 0.462890625 0.9638671875 0.076171875 0.072265625
0 0.96728515625 0.298828125 0.0556640625 0.0546875
0 0.64990234375 0.52490234375 0.1064453125 0.0517578125
0 0.0439453125 0.947265625 0.083984375 0.09375
0 0.623046875 0.22509765625 0.109375 0.0380859375
0 0.50390625 0.1611328125 0.064453125 0.056640625
0 0.55810546875 0.767578125 0.0673828125 0.05078125
0 0.01708984375 0.52587890625 0.0322265625 0.0439453125
0 0.3642578125 0.43994140625 0.072265625 0.0556640625
0 0.12060546875 0.8935546875 0.0498046875 0.078125
0 0.62158203125 0.02880859375 0.0654296875 0.0556640625
0 0.79443359375 0.943359375 0.0908203125 0.037109375
0 0.91552734375 0.5380859375 0.0537109375 0.064453125
0 0.48681640625 0.51806640625 0.0693359375 0.0517578125
0 0.16845703125 0.62158203125 0.0556640625 0.0517578125
0 0.97802734375 0.55029296875 0.0439453125 0.0400390625
0 0.515625 0.55419921875 0.0703125 0.0517578125
0 0.615234375 0.1826171875 0.076171875 0.05859375
0 0.9091796875 0.29931640625 0.0625 0.0400390625
0 0.8828125 0.19091796875 0.126953125 0.0693359375
0 0.326171875 0.51318359375 0.0546875 0.0849609375
0 0.08837890625 0.17236328125 0.0341796875 0.0458984375
0 0.7333984375 0.59521484375 0.0546875 0.0517578125
0 0.27685546875 0.5693359375 0.0751953125 0.033203125
0 0.75439453125 0.4833984375 0.0712890625 0.0625
0 0.94677734375 0.0224609375 0.0498046875 0.044921875
0 0.72509765625 0.4091796875 0.0615234375 0.080078125
0 0.03515625 0.42333984375 0.06640625 0.0986328125
0 0.8896484375 0.0224609375 0.048828125 0.04296875
0 0.03369140625 0.2412109375 0.0673828125 0.03515625
0 0.80810546875 0.6748046875 0.0517578125 0.0625
0 0.80419921875 0.8583984375 0.0595703125 0.0390625
0 0.42529296875 0.5693359375 0.0908203125 0.037109375
0 0.564453125 0.62109375 0.087890625 0.05078125
0 0.8046875 0.72607421875 0.080078125 0.0673828125
0 0.14453125 0.42529296875 0.08203125 0.0986328125
0 0.77978515625 0.396484375 0.0634765625 0.064453125
0 0.4921875 0.48193359375 0.060546875 0.0498046875
0 0.40576171875 0.53564453125 0.0634765625 0.0380859375
0 0.0751953125 0.40966796875 0.109375 0.0712890625
0 0.04345703125 0.99072265625 0.0615234375 0.0126953125
0 0.384765625 0.9775390625 0.095703125 0.0390625
0 0.46044921875 0.8681640625 0.1455078125 0.046875
0 0.74169921875 0.0078125 0.0498046875 0.015625
0 0.02685546875 0.20263671875 0.0537109375 0.0439453125
0 0.85595703125 0.787109375 0.0439453125 0.029296875
0 0.11572265625 0.5029296875 0.0869140625 0.0625
0 0.59619140625 0.56982421875 0.0888671875 0.0517578125
0 0.0205078125 0.30126953125 0.041015625 0.0341796875
0 0.05810546875 0.18896484375 0.0498046875 0.0380859375
0 0.98486328125 0.1806640625 0.0302734375 0.0390625
0 0.8642578125 0.8076171875 0.044921875 0.0234375
0 0.373046875 0.05322265625 0.07421875 0.0869140625
0 0.86767578125 0.15185546875 0.0537109375 0.0556640625
0 0.57470703125 0.47802734375 0.0537109375 0.0478515625
0 0.98095703125 0.9453125 0.0361328125 0.03515625
0 0.6796875 0.4052734375 0.046875 0.076171875
