0 0.361328125 0.26416015625 0.060546875 0.0927734375
0 0.15966796875 0.3955078125 0.0751953125 0.099609375
0 0.7001953125 0.58837890625 0.08984375 0.1162109375
0 0.3515625 0.10595703125 0.072265625 0.0986328125
0 0.4658203125 0.7841796875 0.068359375 0.07421875
0 0.04248046875 0.7353515625 0.0849609375 0.064453125
0 0.47412109375 0.10302734375 0.0751953125 0.0517578125
0 0.31103515625 0.0419921875 0.0517578125 0.083984375
0 0.23876953125 0.29296875 0.0517578125 0.06640625
0 0.14990234375 0.5361328125 0.0654296875 0.056640625
0 0.8134765625 0.048828125 0.03515625 0.080078125
0 0.125 0.95068359375 0.146484375 0.0498046875
0 0.91748046875 0.056640625 0.0634765625 0.0546875
0 0.32421875 0.3759765625 0.041015625 0.08984375
0 0.7236328125 0.1865234375 0.064453125 0.0546875
0 0.2958984375 0.8935546875 0.046875 0.07421875
0 0.2001953125 0.041015625 0.02734375 0.080078125
0 0.08740234375 0.0673828125 0.0830078125 0.056640625
0 0.55029296875 0.3203125 0.0849609375 0.048828125
0 0.60546875 0.93359375 0.083984375 0.068359375
0 0.51123046875 0.4130859375 0.0654296875 0.05078125
0 0.95263671875 0.6826171875 0.0693359375 0.0390625
0 0.537109375 0.69677734375 0.087890625 0.0322265625
0 0.95458984375 0.9267578125 0.0517578125 0.052734375
0 0.12158203125 0.3232421875 0.0498046875 0.0625
0 0.30615234375 0.65869140625 0.0615234375 0.0712890625
0 0.0908203125 0.517578125 0.068359375 0.03125
0 0.9638671875 0.16748046875 0.06640625 0.0341796875
0 0.7783203125 0.59033203125 0.041015625 0.0712890625
0 0.4833984375 0.51806640625 0.05859375 0.0615234375
0 0.8115234375 0.9404296875 0.03125 0.091796875
0 0.03173828125 0.1494140625 0.0634765625 0.03515625
0 0.521484375 0.2421875 0.078125 0.07421875
0 0.14013671875 0.212890625 0.0654296875 0.0234375
0 0.79150390625 0.83349609375 0.0263671875 0.0712890625
0 0.90966796875 0.52294921875 0.0732421875 0.0439453125
0 0.1572265625 0.8125 0.0703125 0.017578125
0 0.88623046875 0.4560546875 0.0712890625 0.03125
0 0.255859375 0.35791015625 0.05078125 0.0478515625
0 0.248046875 0.2080078125 0.056640625 0.0390625
0 0.7255859375 0.0830078125 0.041015625 0.0625
0 0.21875 0.51611328125 0.048828125 0.0224609375
0 0.3935546875 0.9375 0.03125 0.099609375
0 0.39453125 0.50244140625 0.0703125 0.0498046875
0 0.09521484375 0.2216796875 0.1279296875 0.06640625
0 0.93603515625 0.79296875 0.0439453125 0.03515625
0 0.08935546875 0.85107421875 0.0751953125 0.0498046875
0 0.30419921875 0.97314453125 0.0458984375 0.0322265625
0 0.068359375 0.18994140625 0.0703125 0.0400390625
0 0.1796875 0.98828125 0.029296875 0.0234375
0 0.728515625 0.66748046875 0.0625 0.0380859375
0 0.7001953125 0.3408203125 0.08203125 0.04296875
0 0.044921875 0.78466796875 0.087890625 0.0322265625
0 0.87255859375 0.55712890625 0.0478515625 0.0537109375
0 0.67626953125 0.21044921875 0.0302734375 0.0400390625
0 0.017578125 0.109375 0.03515625 0.037109375
0 0.56689453125 0.90234375 0.0712890625 0.03515625
0 0.45361328125 0.935546875 0.0419921875 0.037109375
0 0.91650390625 0.947265625 0.0478515625 0.021484375
0 0.83203125 0.2294921875 0.046875 0.044921875
0 0.509765625 0.61279296875 0.048828125 0.0380859375
0 0.58056640625 0.72998046875 0.0478515625 0.0361328125
0 0.46728515625 0.740234375 0.0654296875 0.041015625
0 0.2998046875 0.69189453125 0.0859375 0.0419921875
0 0.18701171875 0.9130859375 0.0693359375 0.041015625
0 0.97314453125 0.2314453125 0.0537109375 0.05078125
0 0.990234375 0.40283203125 0.01953125 0.0439453125
0 0.9052734375 0.40576171875 0.12109375 0.0458984375
0 0.95947265625 0.3583984375 0.0478515625 0.056640625
0 0.5478515625 0.3896484375 0.052734375 0.041015625
0 0.9462890625 0.84375 0.056640625 0.04296875
0 0.0361328125 0.904296875 0.072265625 0.07421875
0 0.49853515625 0.9755859375 0.0712890625 0.02734375
