0 0.85595703125 0.9541015625 0.0732421875 0.087890625
0 0.1083984375 0.578125 0.08984375 0.087890625
0 0.7412109375 0.87109375 0.046875 0.09765625
0 0.64404296875 0.662109375 0.0791015625 0.087890625
0 0.60205078125 0.7119140625 0.0693359375 0.080078125
0 0.3154296875 0.388671875 0.056640625 0.103515625
0 0.37890625 0.5751953125 0.068359375 0.1171875
0 0.8212890625 0.26806640625 0.109375 0.0673828125
0 0.1748046875 0.2021484375 0.060546875 0.080078125
0 0.42578125 0.5126953125 0.091796875 0.1328125
0 0.53955078125 0.51611328125 0.0634765625 0.0888671875
0 0.90478515625 0.6650390625 0.1298828125 0.080078125
0 0.67431640625 0.77783203125 0.0849609375 0.0693359375
0 0.0224609375 0.072265625 0.044921875 0.068359375
0 0.02294921875 0.84228515625 0.0458984375 0.0908203125
0 0.64794921875 0.1904296875 0.0732421875 0.083984375
0 0.94921875 0.55859375 0.041015625 0.080078125
0 0.97998046875 0.138671875 0.0361328125 0.09765625
0 0.72900390625 0.61083984375 0.0615234375 0.0751953125
0 0.20703125 0.9140625 0.15625 0.1171875
0 0.19189453125 0.501953125 0.0986328125 0.125
0 0.09619140625 0.775390625 0.0654296875 0.056640625
0 0.68310546875 0.5361328125 0.0302734375 0.0859375
0 0.87646484375 0.22802734375 0.0478515625 0.1005859375
0 0.85009765625 0.4404296875 0.0615234375 0.1484375
0 0.5966796875 0.50634765625 0.080078125 0.0634765625
0 0.75341796875 0.1162109375 0.0419921875 0.119140625
0 0.5478515625 0.3154296875 0.05078125 0.072265625
0 0.50390625 0.86572265625 0.080078125 0.0439453125
0 0.73291015625 0.953125 0.0615234375 0.0546875
0 0.7041015625 0.16162109375 0.12890625 0.1181640625
0 0.62841796875 0.572265625 0.0517578125 0.0859375
0 0.89404296875 0.8076171875 0.0849609375 0.095703125
0 0.93701171875 0.0927734375 0.0341796875 0.123046875
0 0.0869140625 0.33837890625 0.068359375 0.0693359375
0 0.642578125 0.873046875 0.111328125 0.125
0 0.7861328125 0.07958984375 0.03125 0.0771484375
0 0.869140625 0.1455078125 0.05859375 0.103515625
0 0.58056640625 0.17529296875 0.0478515625 0.1279296875
0 0.07666015625 0.97998046875 0.0556640625 0.0361328125
0 0.6025390625 0.9404296875 0.0625 0.076171875
0 0.44580078125 0.09423828125 0.1162109375 0.1220703125
0 0.587890625 0.89501953125 0.068359375 0.0439453125
0 0.77880859375 0.18994140625 0.0341796875 0.0732421875
0 0.9189453125 0.94580078125 0.041015625 0.0693359375
0 0.15087890625 0.33349609375 0.0341796875 0.0654296875
0 0.8720703125 0.41015625 0.03125 0.09765625
0 0.0625 0.39306640625 0.125 0.1259765625
0 0.349609375 0.02294921875 0.080078125 0.0458984375
0 0.42041015625 0.92138671875 0.0517578125 0.0419921875
0 0.15234375 0.68505859375 0.12890625 0.0439453125
0 0.7060546875 0.189453125 0.10546875 0.0703125
0 0.4541015625 0.49267578125 0.03125 0.0771484375
0 0.00927734375 0.75048828125 0.0185546875 0.0400390625
0 0.4697265625 0.017578125 0.048828125 0.033203125
0 0.44921875 0.673828125 0.1015625 0.05859375
0 0.958984375 0.880859375 0.046875 0.06640625
0 0.6357421875 0.03466796875 0.05859375 0.0498046875
0 0.3974609375 0.021484375 0.033203125 0.04296875
0 0.958984375 0.15478515625 0.041015625 0.0927734375
0 0.98388671875 0.50537109375 0.0322265625 0.0361328125
0 0.03955078125 0.2685546875 0.0791015625 0.091796875
0 0.6025390625 0.2783203125 0.05078125 0.080078125
0 0.5849609375 0.9873046875 0.03515625 0.025390625
0 0.1259765625 0.6337890625 0.052734375 0.037109375
0 0.8994140625 0.9033203125 0.029296875 0.05078125
0 0.986328125 0.439453125 0.02734375 0.052734375
0 0.5888671875 0.55078125 0.060546875 0.08203125
0 0.12158203125 0.6689453125 0.0458984375 0.029296875
0 0.98486328125 0.89599609375 0.0302734375 0.0517578125
0 0.61962890625 0.978515625 0.0341796875 0.033203125
0 0.927734375 0.9853515625 0.046875 0.029296875
