0 0.33447265625 0.7568359375 0.1005859375 0.099609375
0 0.27587890625 0.61474609375 0.1220703125 0.0654296875
0 0.7353515625 0.26416015625 0.1171875 0.0595703125
0 0.36083984375 0.08203125 0.1376953125 0.109375
0 0.658203125 0.349609375 0.107421875 0.0703125
0 0.22802734375 0.43115234375 0.1025390625 0.0673828125
0 0.46826171875 0.12109375 0.1279296875 0.072265625
0 0.05078125 0.208984375 0.1015625 0.109375
0 0.7333984375 0.61083984375 0.1171875 0.0830078125
0 0.62548828125 0.513671875 0.1025390625 0.09765625
0 0.6796875 0.1435546875 0.205078125 0.1328125
0 0.2705078125 0.19580078125 0.162109375 0.1083984375
0 0.07958984375 0.5947265625 0.0908203125 0.0703125
0 0.76953125 0.3720703125 0.134765625 0.064453125
0 0.90234375 0.27587890625 0.150390625 0.1748046875
0 0.1572265625 0.3935546875 0.10546875 0.087890625
0 0.18701171875 0.11083984375 0.0908203125 0.0771484375
0 0.42578125 0.4189453125 0.140625 0.07421875
0 0.33203125 0.5634765625 0.125 0.052734375
0 0.166015625 0.8623046875 0.107421875 0.080078125
0 0.611328125 0.79638671875 0.068359375 0.0400390625
0 0.80810546875 0.6904296875 0.1220703125 0.177734375
0 0.37548828125 0.51953125 0.1376953125 0.060546875
0 0.8291015625 0.78662109375 0.080078125 0.0849609375
0 0.17724609375 0.19482421875 0.1298828125 0.0849609375
0 0.36572265625 0.47119140625 0.0869140625 0.0576171875
0 0.23095703125 0.36962890625 0.0927734375 0.0595703125
0 0.74951171875 0.29833984375 0.1396484375 0.0322265625
0 0.1337890625 0.17919921875 0.0625 0.0751953125
0 0.5556640625 0.11181640625 0.123046875 0.0849609375
0 0.50341796875 0.04052734375 0.0927734375 0.0771484375
0 0.83935546875 0.03076171875 0.1572265625 0.0595703125
0 0.65087890625 0.1025390625 0.0634765625 0.05078125
0 0.654296875 0.7509765625 0.076171875 0.044921875
