0 0.73046875 0.0126953125 0.1484375 0.025390625
0 0.36181640625 0.29052734375 0.0888671875 0.2685546875
0 0.84912109375 0.3154296875 0.0947265625 0.060546875
0 0.4873046875 0.58447265625 0.146484375 0.1318359375
0 0.58837890625 0.79736328125 0.1005859375 0.1064453125
0 0.7275390625 0.6923828125 0.154296875 0.189453125
0 0.875 0.81396484375 0.158203125 0.1103515625
0 0.02392578125 0.3828125 0.0478515625 0.115234375
0 0.01171875 0.2158203125 0.0234375 0.09765625
0 0.24853515625 0.89501953125 0.1123046875 0.2060546875
0 0.33447265625 0.63720703125 0.0927734375 0.1591796875
0 0.85107421875 0.18017578125 0.1650390625 0.1396484375
0 0.97412109375 0.1142578125 0.0517578125 0.07421875
0 0.0205078125 0.53271484375 0.041015625 0.0751953125
0 0.0439453125 0.97216796875 0.06640625 0.0556640625
0 0.4365234375 0.8642578125 0.099609375 0.203125
0 0.17626953125 0.5595703125 0.0869140625 0.11328125
0 0.19580078125 0.41796875 0.1181640625 0.0625
0 0.09765625 0.42724609375 0.091796875 0.0537109375
0 0.146484375 0.32421875 0.083984375 0.052734375
0 0.16845703125 0.25146484375 0.0751953125 0.0830078125
0 0.05810546875 0.17431640625 0.0771484375 0.1318359375
0 0.1953125 0.1005859375 0.146484375 0.0703125
0 0.3330078125 0.080078125 0.10546875 0.142578125
0 0.4423828125 0.04638671875 0.0546875 0.0927734375
0 0.56494140625 0.1201171875 0.0576171875 0.076171875
0 0.2353515625 0.0078125 0.0859375 0.015625
0 0.08544921875 0.02294921875 0.0927734375 0.0458984375
0 0.45263671875 0.2685546875 0.1318359375 0.236328125
0 0.6259765625 0.22119140625 0.109375 0.2451171875
0 0.43505859375 0.47998046875 0.0419921875 0.0595703125
0 0.47314453125 0.46435546875 0.0556640625 0.0498046875
0 0.25732421875 0.6767578125 0.0537109375 0.091796875
0 0.326171875 0.76708984375 0.06640625 0.0927734375
0 0.3896484375 0.65673828125 0.0546875 0.1318359375
0 0.63671875 0.927734375 0.072265625 0.041015625
0 0.6494140625 0.984375 0.064453125 0.03125
0 0.8447265625 0.93310546875 0.083984375 0.1337890625
0 0.98095703125 0.9541015625 0.0380859375 0.087890625
0 0.93408203125 0.72802734375 0.0595703125 0.0498046875
0 0.84033203125 0.5458984375 0.0986328125 0.0625
0 0.70361328125 0.52294921875 0.1259765625 0.0830078125
0 0.7333984375 0.45361328125 0.06640625 0.0810546875
0 0.98974609375 0.4443359375 0.0205078125 0.048828125
0 0.9228515625 0.3994140625 0.04296875 0.060546875
0 0.95068359375 0.25146484375 0.0654296875 0.0654296875
0 0.5400390625 0.01806640625 0.052734375 0.0361328125
0 0.72802734375 0.16162109375 0.1123046875 0.1884765625
0 0.74169921875 0.2890625 0.1044921875 0.087890625
0 0.49658203125 0.97021484375 0.0869140625 0.0595703125
