0 0.1640625 0.1943359375 0.0703125 0.083984375
0 0.4033203125 0.18505859375 0.142578125 0.1318359375
0 0.27490234375 0.322265625 0.0810546875 0.115234375
0 0.0439453125 0.3818359375 0.087890625 0.083984375
0 0.134765625 0.3935546875 0.072265625 0.115234375
0 0.15625 0.724609375 0.109375 0.142578125
0 0.35107421875 0.42041015625 0.1162109375 0.1455078125
0 0.48876953125 0.4267578125 0.0556640625 0.068359375
0 0.54248046875 0.48193359375 0.0888671875 0.0771484375
0 0.6357421875 0.37255859375 0.09765625 0.0712890625
0 0.48095703125 0.6630859375 0.0771484375 0.12890625
0 0.408203125 0.712890625 0.1015625 0.091796875
0 0.2158203125 0.916015625 0.087890625 0.0625
0 0.365234375 0.96728515625 0.068359375 0.0654296875
0 0.30029296875 0.978515625 0.0654296875 0.04296875
0 0.98095703125 0.9404296875 0.0361328125 0.05078125
0 0.72021484375 0.9794921875 0.1142578125 0.041015625
0 0.6337890625 0.85107421875 0.08203125 0.0791015625
0 0.5966796875 0.73291015625 0.0625 0.0927734375
0 0.6240234375 0.66015625 0.0859375 0.076171875
0 0.7412109375 0.66455078125 0.06640625 0.0966796875
0 0.7978515625 0.595703125 0.08203125 0.103515625
0 0.74365234375 0.4296875 0.0673828125 0.052734375
0 0.75146484375 0.46240234375 0.0810546875 0.0458984375
0 0.87109375 0.50341796875 0.064453125 0.0458984375
0 0.896484375 0.41943359375 0.08203125 0.0576171875
0 0.93505859375 0.380859375 0.0498046875 0.052734375
0 0.8896484375 0.37060546875 0.060546875 0.0556640625
0 0.0966796875 0.37353515625 0.064453125 0.1220703125
0 0.0185546875 0.4794921875 0.037109375 0.076171875
0 0.98291015625 0.28466796875 0.0341796875 0.0732421875
0 0.708984375 0.416015625 0.04296875 0.041015625
0 0.85595703125 0.44384765625 0.0751953125 0.0517578125
0 0.80078125 0.41845703125 0.099609375 0.0712890625
0 0.85009765625 0.515625 0.0849609375 0.056640625
0 0.939453125 0.951171875 0.0625 0.048828125
