0 0.10693359375 0.02783203125 0.0947265625 0.0556640625
0 0.03369140625 0.0400390625 0.0615234375 0.080078125
0 0.2275390625 0.04638671875 0.064453125 0.0927734375
0 0.16357421875 0.0732421875 0.0869140625 0.146484375
0 0.5078125 0.0166015625 0.080078125 0.033203125
0 0.5751953125 0.2998046875 0.083984375 0.134765625
0 0.5126953125 0.4638671875 0.125 0.109375
0 0.4150390625 0.56591796875 0.076171875 0.1533203125
0 0.291015625 0.58544921875 0.16796875 0.1533203125
0 0.11669921875 0.541015625 0.1416015625 0.095703125
0 0.0498046875 0.66357421875 0.091796875 0.0849609375
0 0.17236328125 0.62890625 0.1572265625 0.134765625
0 0.17431640625 0.84375 0.2255859375 0.126953125
0 0.21923828125 0.900390625 0.0732421875 0.115234375
0 0.41015625 0.955078125 0.115234375 0.08984375
0 0.52490234375 0.65576171875 0.1181640625 0.1708984375
0 0.7890625 0.62939453125 0.103515625 0.0947265625
0 0.861328125 0.62548828125 0.064453125 0.0654296875
0 0.49853515625 0.98095703125 0.0771484375 0.0380859375
0 0.71240234375 0.94580078125 0.0869140625 0.1083984375
0 0.751953125 0.95849609375 0.130859375 0.0830078125
0 0.81396484375 0.44921875 0.1240234375 0.12109375
0 0.95166015625 0.35888671875 0.0654296875 0.0771484375
0 0.22314453125 0.7353515625 0.1767578125 0.09375
0 0.025390625 0.935546875 0.048828125 0.119140625
0 0.458984375 0.15869140625 0.083984375 0.0810546875
0 0.02978515625 0.83642578125 0.0595703125 0.0791015625
0 0.1884765625 0.89306640625 0.1015625 0.0986328125
