0 0.96337890625 0.96240234375 0.0693359375 0.0537109375
0 0.04345703125 0.8193359375 0.0849609375 0.05078125
0 0.70361328125 0.17724609375 0.1142578125 0.0439453125
0 0.88134765625 0.56982421875 0.1298828125 0.0654296875
0 0.2060546875 0.20263671875 0.080078125 0.0693359375
0 0.4052734375 0.50439453125 0.109375 0.0498046875
0 0.04150390625 0.5224609375 0.0830078125 0.05078125
0 0.447265625 0.6376953125 0.10546875 0.0390625
0 0.28857421875 0.16845703125 0.1435546875 0.0927734375
0 0.599609375 0.2509765625 0.099609375 0.06640625
0 0.62646484375 0.76025390625 0.0771484375 0.0712890625
0 0.30908203125 0.58740234375 0.0849609375 0.0498046875
0 0.03515625 0.30029296875 0.0703125 0.0419921875
0 0.18212890625 0.4697265625 0.1005859375 0.060546875
0 0.5390625 0.14892578125 0.08984375 0.0615234375
0 0.482421875 0.1630859375 0.1171875 0.0625
0 0.26904296875 0.6640625 0.1025390625 0.046875
0 0.43896484375 0.86328125 0.0732421875 0.060546875
0 0.46484375 0.24853515625 0.11328125 0.0595703125
0 0.21484375 0.96240234375 0.083984375 0.0537109375
0 0.06689453125 0.92529296875 0.1044921875 0.0322265625
0 0.8955078125 0.35302734375 0.06640625 0.0263671875
0 0.61083984375 0.31982421875 0.1162109375 0.0439453125
0 0.689453125 0.94580078125 0.068359375 0.0478515625
0 0.78076171875 0.94677734375 0.1103515625 0.0576171875
0 0.845703125 0.88427734375 0.08984375 0.0673828125
0 0.958984375 0.80615234375 0.08203125 0.0498046875
0 0.74951171875 0.37109375 0.0712890625 0.0390625
0 0.31396484375 0.322265625 0.0986328125 0.05859375
0 0.798828125 0.59521484375 0.07421875 0.0439453125
0 0.1318359375 0.0205078125 0.078125 0.041015625
0 0.3427734375 0.8427734375 0.056640625 0.033203125
0 0.6865234375 0.2685546875 0.099609375 0.0546875
0 0.10791015625 0.06884765625 0.0576171875 0.0322265625
0 0.78076171875 0.17822265625 0.1787109375 0.0986328125
0 0.5869140625 0.0224609375 0.06640625 0.044921875
0 0.26953125 0.93994140625 0.115234375 0.0283203125
0 0.89892578125 0.19384765625 0.0810546875 0.0361328125
0 0.56884765625 0.90771484375 0.1201171875 0.0322265625
0 0.90478515625 0.22607421875 0.0888671875 0.0458984375
0 0.94384765625 0.5 0.0927734375 0.060546875
0 0.04296875 0.16748046875 0.0859375 0.0498046875
0 0.96337890625 0.0185546875 0.0341796875 0.037109375
0 0.62060546875 0.17236328125 0.1044921875 0.0576171875
0 0.30859375 0.2109375 0.107421875 0.06640625
0 0.978515625 0.48583984375 0.04296875 0.0400390625
0 0.44091796875 0.81005859375 0.0556640625 0.0341796875
0 0.32763671875 0.26513671875 0.1259765625 0.0419921875
0 0.041015625 0.66015625 0.08203125 0.048828125
0 0.18896484375 0.5185546875 0.1435546875 0.04296875
0 0.1787109375 0.5625 0.12109375 0.078125
0 0.80908203125 0.02099609375 0.0810546875 0.0419921875
0 0.9755859375 0.88232421875 0.048828125 0.0537109375
0 0.43115234375 0.56103515625 0.1396484375 0.0458984375
0 0.251953125 0.86083984375 0.119140625 0.0537109375
0 0.88623046875 0.85595703125 0.1064453125 0.0400390625
0 0.259765625 0.5478515625 0.119140625 0.0390625
0 0.251953125 0.26953125 0.0703125 0.0390625
0 0.189453125 0.2783203125 0.095703125 0.048828125
0 0.04541015625 0.03857421875 0.0673828125 0.0478515625
0 0.3359375 0.91357421875 0.130859375 0.0439453125
0 0.802734375 0.90869140625 0.099609375 0.0380859375
0 0.591796875 0.88330078125 0.0625 0.0361328125
0 0.568359375 0.78955078125 0.1328125 0.0478515625
0 0.12060546875 0.697265625 0.0888671875 0.041015625
0 0.091796875 0.61865234375 0.08984375 0.0341796875
0 0.2685546875 0.01171875 0.064453125 0.0234375
0 0.15869140625 0.92041015625 0.1044921875 0.0419921875
0 0.14892578125 0.19921875 0.0673828125 0.033203125
0 0.43798828125 0.93701171875 0.1240234375 0.0556640625
0 0.21728515625 0.55419921875 0.1025390625 0.0732421875
0 0.0947265625 0.591796875 0.095703125 0.048828125
0 0.12646484375 0.2060546875 0.1220703125 0.10546875
0 0.037109375 0.5439453125 0.07421875 0.03125
0 0.158203125 0.9736328125 0.103515625 0.04296875
0 0.10693359375 0.96728515625 0.0751953125 0.0458984375
0 0.4443359375 0.87548828125 0.111328125 0.0283203125
