0 0.8740234375 0.28955078125 0.05078125 0.0927734375
0 0.77294921875 0.7265625 0.0673828125 0.087890625
0 0.373046875 0.91015625 0.125 0.06640625
0 0.22314453125 0.6142578125 0.1162109375 0.109375
0 0.7353515625 0.48095703125 0.06640625 0.0830078125
0 0.4072265625 0.40869140625 0.125 0.0615234375
0 0.3515625 0.76513671875 0.080078125 0.0849609375
0 0.48486328125 0.13671875 0.0927734375 0.08984375
0 0.41748046875 0.47021484375 0.1181640625 0.0712890625
0 0.92822265625 0.177734375 0.0517578125 0.103515625
0 0.96630859375 0.9580078125 0.0673828125 0.0625
0 0.09912109375 0.40771484375 0.0947265625 0.0400390625
0 0.77587890625 0.8369140625 0.1103515625 0.07421875
0 0.33056640625 0.07275390625 0.0947265625 0.1064453125
0 0.08740234375 0.5810546875 0.0634765625 0.130859375
0 0.23193359375 0.08642578125 0.0751953125 0.0830078125
0 0.97998046875 0.52099609375 0.0400390625 0.0673828125
0 0.09521484375 0.7890625 0.1005859375 0.0703125
0 0.37353515625 0.8388671875 0.0888671875 0.052734375
0 0.60546875 0.64208984375 0.095703125 0.0478515625
0 0.5791015625 0.2431640625 0.05859375 0.087890625
0 0.3427734375 0.13427734375 0.080078125 0.0791015625
0 0.10693359375 0.0078125 0.0615234375 0.015625
0 0.5927734375 0.6875 0.08984375 0.046875
0 0.74462890625 0.59814453125 0.0751953125 0.0537109375
0 0.98095703125 0.623046875 0.0380859375 0.0546875
0 0.3681640625 0.35888671875 0.091796875 0.0537109375
0 0.33837890625 0.2314453125 0.0869140625 0.07421875
0 0.16455078125 0.8642578125 0.1083984375 0.060546875
0 0.88720703125 0.55029296875 0.0634765625 0.0478515625
0 0.67578125 0.14404296875 0.125 0.0810546875
0 0.544921875 0.04443359375 0.076171875 0.0576171875
0 0.7685546875 0.15869140625 0.08203125 0.0830078125
0 0.171875 0.92431640625 0.109375 0.0556640625
0 0.43701171875 0.376953125 0.0400390625 0.072265625
0 0.7373046875 0.369140625 0.0703125 0.048828125
0 0.4072265625 0.30859375 0.041015625 0.095703125
0 0.0283203125 0.54443359375 0.056640625 0.0517578125
0 0.48583984375 0.75830078125 0.0869140625 0.0478515625
0 0.2421875 0.95654296875 0.080078125 0.0322265625
0 0.04052734375 0.1220703125 0.0810546875 0.0703125
0 0.427734375 0.68603515625 0.095703125 0.0498046875
0 0.939453125 0.45849609375 0.06640625 0.0634765625
0 0.32421875 0.98974609375 0.0625 0.0205078125
0 0.37744140625 0.97412109375 0.0791015625 0.0400390625
0 0.34619140625 0.01708984375 0.1083984375 0.0341796875
0 0.69287109375 0.30859375 0.0576171875 0.046875
0 0.83447265625 0.1767578125 0.0771484375 0.06640625
0 0.861328125 0.908203125 0.078125 0.048828125
0 0.2294921875 0.7841796875 0.068359375 0.0546875
0 0.458984375 0.984375 0.06640625 0.03125
0 0.68701171875 0.1025390625 0.0693359375 0.052734375
0 0.0107421875 0.16796875 0.021484375 0.03515625
0 0.146484375 0.0439453125 0.052734375 0.072265625
0 0.02490234375 0.33935546875 0.0498046875 0.0302734375
0 0.68359375 0.98974609375 0.05859375 0.0205078125
0 0.51904296875 0.93798828125 0.1240234375 0.0361328125
0 0.90380859375 0.95703125 0.0517578125 0.044921875
0 0.08251953125 0.724609375 0.0927734375 0.052734375
0 0.71875 0.0556640625 0.060546875 0.0546875
0 0.623046875 0.0771484375 0.07421875 0.0625
0 0.69873046875 0.03369140625 0.1083984375 0.0673828125
0 0.66796875 0.9560546875 0.064453125 0.03125
0 0.6611328125 0.935546875 0.072265625 0.0390625
0 0.0185546875 0.97998046875 0.037109375 0.0400390625
0 0.02490234375 0.146484375 0.0498046875 0.041015625
0 0.94677734375 0.8076171875 0.0732421875 0.046875
0 0.955078125 0.86279296875 0.056640625 0.0439453125
0 0.21826171875 0.064453125 0.1103515625 0.111328125
0 0.2431640625 0.02587890625 0.072265625 0.0517578125
0 0.265625 0.02197265625 0.052734375 0.0439453125
