0 0.09423828125 0.74560546875 0.0947265625 0.0966796875
0 0.03125 0.91845703125 0.0625 0.0556640625
0 0.56201171875 0.95751953125 0.0888671875 0.0849609375
0 0.21044921875 0.9453125 0.1044921875 0.068359375
0 0.14990234375 0.85302734375 0.0732421875 0.1162109375
0 0.205078125 0.84521484375 0.078125 0.0810546875
0 0.35009765625 0.83447265625 0.0576171875 0.0849609375
0 0.44091796875 0.8994140625 0.0810546875 0.076171875
0 0.41650390625 0.7783203125 0.0556640625 0.064453125
0 0.4482421875 0.82861328125 0.06640625 0.0673828125
0 0.5322265625 0.79736328125 0.068359375 0.0673828125
0 0.54248046875 0.85986328125 0.0947265625 0.0615234375
0 0.65673828125 0.8388671875 0.0751953125 0.068359375
0 0.69287109375 0.80419921875 0.0927734375 0.0869140625
0 0.72998046875 0.77880859375 0.0615234375 0.0791015625
0 0.90380859375 0.8662109375 0.0732421875 0.064453125
0 0.89599609375 0.92431640625 0.0693359375 0.0576171875
0 0.9521484375 0.8056640625 0.080078125 0.072265625
0 0.97509765625 0.87109375 0.0478515625 0.0546875
0 0.8193359375 0.05615234375 0.072265625 0.0888671875
0 0.6953125 0.23974609375 0.068359375 0.0595703125
0 0.87158203125 0.203125 0.0576171875 0.07421875
0 0.8037109375 0.2666015625 0.109375 0.083984375
0 0.91162109375 0.30908203125 0.0673828125 0.0537109375
0 0.8583984375 0.37890625 0.0546875 0.0625
0 0.740234375 0.33935546875 0.0625 0.0498046875
0 0.71435546875 0.39501953125 0.0908203125 0.0810546875
0 0.48828125 0.447265625 0.1640625 0.080078125
0 0.4990234375 0.37646484375 0.07421875 0.0654296875
0 0.39453125 0.35107421875 0.095703125 0.0849609375
0 0.48681640625 0.22607421875 0.0712890625 0.0751953125
0 0.498046875 0.15234375 0.12109375 0.103515625
0 0.12109375 0.20751953125 0.162109375 0.0869140625
0 0.30078125 0.2763671875 0.05859375 0.0703125
0 0.25 0.30322265625 0.06640625 0.0634765625
0 0.30322265625 0.34375 0.0615234375 0.0703125
0 0.2451171875 0.3564453125 0.068359375 0.064453125
0 0.09130859375 0.26416015625 0.0478515625 0.0556640625
0 0.26025390625 0.57958984375 0.0654296875 0.1005859375
0 0.28662109375 0.66162109375 0.0947265625 0.1396484375
0 0.3818359375 0.6650390625 0.068359375 0.064453125
0 0.439453125 0.2333984375 0.05078125 0.056640625
0 0.20263671875 0.234375 0.0458984375 0.0546875
0 0.27685546875 0.38037109375 0.0439453125 0.0439453125
0 0.31005859375 0.96484375 0.0439453125 0.048828125
0 0.900390625 0.33544921875 0.05859375 0.0380859375
0 0.83544921875 0.29931640625 0.0458984375 0.0400390625
0 0.01171875 0.4296875 0.0234375 0.05859375
