0 0.0400390625 0.14013671875 0.052734375 0.0693359375
0 0.04833984375 0.4541015625 0.0615234375 0.10546875
0 0.16552734375 0.50244140625 0.0849609375 0.0810546875
0 0.29931640625 0.64599609375 0.1083984375 0.1025390625
0 0.18408203125 0.7197265625 0.0712890625 0.060546875
0 0.0986328125 0.7568359375 0.072265625 0.068359375
0 0.31689453125 0.783203125 0.1298828125 0.076171875
0 0.1923828125 0.88134765625 0.16015625 0.0830078125
0 0.07568359375 0.9296875 0.0810546875 0.11328125
0 0.92919921875 0.96484375 0.0908203125 0.0703125
0 0.58740234375 0.7236328125 0.0869140625 0.11328125
0 0.66943359375 0.68359375 0.0673828125 0.09765625
0 0.79736328125 0.72265625 0.0927734375 0.1015625
0 0.89404296875 0.6708984375 0.0947265625 0.0859375
0 0.802734375 0.61474609375 0.072265625 0.0771484375
0 0.6279296875 0.61376953125 0.1015625 0.0673828125
0 0.60986328125 0.46875 0.1025390625 0.08203125
0 0.53857421875 0.4853515625 0.1142578125 0.064453125
0 0.8115234375 0.48876953125 0.078125 0.0751953125
0 0.775390625 0.546875 0.0859375 0.05859375
0 0.95263671875 0.384765625 0.0576171875 0.12890625
0 0.8056640625 0.21435546875 0.064453125 0.1025390625
0 0.9521484375 0.20556640625 0.095703125 0.0751953125
0 0.40380859375 0.38818359375 0.0771484375 0.1748046875
0 0.42578125 0.50732421875 0.1640625 0.0791015625
0 0.4228515625 0.67822265625 0.080078125 0.0751953125
0 0.17578125 0.19970703125 0.087890625 0.0576171875
0 0.2392578125 0.2568359375 0.091796875 0.083984375
0 0.36767578125 0.19873046875 0.0673828125 0.0693359375
0 0.28271484375 0.10546875 0.0751953125 0.060546875
0 0.203125 0.04736328125 0.072265625 0.0732421875
0 0.0546875 0.05615234375 0.052734375 0.0537109375
0 0.40087890625 0.091796875 0.0732421875 0.0703125
0 0.52978515625 0.0478515625 0.0947265625 0.06640625
0 0.60986328125 0.11962890625 0.0810546875 0.0810546875
0 0.5908203125 0.201171875 0.06640625 0.072265625
0 0.72607421875 0.04638671875 0.0673828125 0.0810546875
0 0.08642578125 0.23828125 0.0654296875 0.048828125
0 0.40185546875 0.259765625 0.0615234375 0.05859375
0 0.4638671875 0.27783203125 0.05859375 0.0693359375
0 0.1181640625 0.189453125 0.05859375 0.08203125
0 0.61279296875 0.556640625 0.0791015625 0.05078125
