0 0.7119140625 0.609375 0.109375 0.09765625
0 0.72705078125 0.384765625 0.1005859375 0.12109375
0 0.86279296875 0.7236328125 0.0966796875 0.103515625
0 0.263671875 0.94091796875 0.1875 0.1181640625
0 0.58203125 0.95361328125 0.125 0.0830078125
0 0.376953125 0.78955078125 0.220703125 0.1455078125
0 0.720703125 0.279296875 0.115234375 0.1171875
0 0.759765625 0.7783203125 0.11328125 0.087890625
0 0.22412109375 0.76708984375 0.1650390625 0.1650390625
0 0.89599609375 0.15087890625 0.1376953125 0.1220703125
0 0.56201171875 0.0556640625 0.2705078125 0.107421875
0 0.87548828125 0.63330078125 0.1572265625 0.0927734375
0 0.166015625 0.72021484375 0.109375 0.1044921875
0 0.9296875 0.2294921875 0.140625 0.169921875
0 0.78466796875 0.03955078125 0.1396484375 0.0751953125
0 0.94775390625 0.78857421875 0.1044921875 0.0830078125
0 0.91357421875 0.07470703125 0.1728515625 0.1455078125
0 0.24609375 0.0341796875 0.138671875 0.064453125
0 0.94140625 0.67529296875 0.107421875 0.1279296875
