0 0.02392578125 0.154296875 0.0478515625 0.109375
0 0.05419921875 0.068359375 0.0634765625 0.0625
0 0.0986328125 0.02734375 0.099609375 0.046875
0 0.17529296875 0.17041015625 0.1005859375 0.0693359375
0 0.017578125 0.27685546875 0.03515625 0.0869140625
0 0.15185546875 0.35791015625 0.0595703125 0.0830078125
0 0.25390625 0.30322265625 0.0625 0.1064453125
0 0.314453125 0.3115234375 0.060546875 0.0546875
0 0.087890625 0.41748046875 0.095703125 0.0712890625
0 0.08740234375 0.48583984375 0.1083984375 0.0986328125
0 0.15673828125 0.6103515625 0.1181640625 0.0625
0 0.2587890625 0.5234375 0.087890625 0.083984375
0 0.29052734375 0.42919921875 0.0849609375 0.0673828125
0 0.265625 0.666015625 0.0703125 0.068359375
0 0.1904296875 0.6845703125 0.0546875 0.048828125
0 0.04296875 0.7822265625 0.0859375 0.083984375
0 0.037109375 0.853515625 0.07421875 0.0625
0 0.0966796875 0.8681640625 0.048828125 0.0703125
0 0.02880859375 0.97216796875 0.0576171875 0.0556640625
0 0.1875 0.9755859375 0.07421875 0.048828125
0 0.337890625 0.91357421875 0.068359375 0.0673828125
0 0.4990234375 0.96337890625 0.0625 0.0517578125
0 0.5458984375 0.939453125 0.0625 0.068359375
0 0.37060546875 0.83935546875 0.0576171875 0.0615234375
0 0.43310546875 0.810546875 0.0966796875 0.05859375
0 0.60302734375 0.8212890625 0.0556640625 0.0859375
0 0.72314453125 0.80615234375 0.1123046875 0.0634765625
0 0.75927734375 0.873046875 0.0751953125 0.07421875
0 0.96484375 0.94091796875 0.0703125 0.0830078125
0 0.87939453125 0.9716796875 0.0634765625 0.056640625
0 0.9765625 0.697265625 0.046875 0.140625
0 0.74853515625 0.60546875 0.0712890625 0.0859375
0 0.82275390625 0.6416015625 0.0517578125 0.072265625
0 0.96142578125 0.5068359375 0.0517578125 0.0546875
0 0.9169921875 0.44091796875 0.07421875 0.0830078125
0 0.9755859375 0.419921875 0.048828125 0.078125
0 0.7744140625 0.35498046875 0.046875 0.1005859375
0 0.9755859375 0.30517578125 0.048828125 0.0751953125
0 0.4228515625 0.60791015625 0.076171875 0.0693359375
0 0.50341796875 0.65380859375 0.0732421875 0.0556640625
0 0.4365234375 0.7412109375 0.06640625 0.068359375
0 0.58984375 0.7490234375 0.10546875 0.076171875
0 0.55517578125 0.5302734375 0.0517578125 0.052734375
0 0.53759765625 0.39306640625 0.0966796875 0.0751953125
0 0.54833984375 0.31591796875 0.0673828125 0.0771484375
0 0.662109375 0.26708984375 0.0703125 0.0595703125
0 0.6796875 0.2021484375 0.12109375 0.072265625
0 0.93896484375 0.23681640625 0.0654296875 0.0771484375
0 0.91650390625 0.19140625 0.1474609375 0.08203125
0 0.74462890625 0.12939453125 0.0810546875 0.1142578125
0 0.53564453125 0.0791015625 0.0654296875 0.10546875
0 0.5078125 0.14990234375 0.091796875 0.1044921875
0 0.6201171875 0.03662109375 0.05078125 0.0517578125
0 0.693359375 0.111328125 0.046875 0.080078125
0 0.31884765625 0.08203125 0.0595703125 0.046875
0 0.8349609375 0.0361328125 0.0703125 0.072265625
0 0.4873046875 0.6103515625 0.07421875 0.078125
0 0.96044921875 0.01123046875 0.0537109375 0.0224609375
0 0.88671875 0.3525390625 0.076171875 0.05859375
0 0.6923828125 0.48388671875 0.05078125 0.0439453125
0 0.80078125 0.53271484375 0.044921875 0.0537109375
0 0.98974609375 0.3681640625 0.0205078125 0.04296875
0 0.9716796875 0.38671875 0.03125 0.041015625
0 0.6376953125 0.81689453125 0.025390625 0.0380859375
0 0.01123046875 0.5703125 0.0224609375 0.0625
