0 0.97705078125 0.353515625 0.0458984375 0.107421875
0 0.95361328125 0.51220703125 0.0927734375 0.1650390625
0 0.33740234375 0.95849609375 0.1298828125 0.0830078125
0 0.6298828125 0.97119140625 0.080078125 0.0576171875
0 0.9609375 0.85302734375 0.078125 0.0771484375
0 0.3369140625 0.08740234375 0.099609375 0.1708984375
0 0.6591796875 0.8193359375 0.240234375 0.33984375
0 0.96240234375 0.1162109375 0.0751953125 0.095703125
0 0.5322265625 0.8310546875 0.150390625 0.337890625
0 0.1494140625 0.80419921875 0.294921875 0.1201171875
0 0.5078125 0.2568359375 0.2109375 0.44921875
0 0.5009765625 0.0546875 0.1171875 0.10546875
0 0.17236328125 0.73095703125 0.2548828125 0.2177734375
0 0.9072265625 0.7783203125 0.185546875 0.1171875
0 0.142578125 0.66455078125 0.28125 0.1044921875
0 0.63232421875 0.15087890625 0.1103515625 0.2978515625
0 0.916015625 0.6494140625 0.16796875 0.154296875
0 0.29150390625 0.9208984375 0.0517578125 0.0546875
0 0.92578125 0.0419921875 0.142578125 0.080078125
0 0.24951171875 0.0693359375 0.1044921875 0.134765625
0 0.27392578125 0.18212890625 0.2724609375 0.3486328125
0 0.46630859375 0.2568359375 0.1259765625 0.173828125
0 0.1259765625 0.83984375 0.248046875 0.25
0 0.18212890625 0.947265625 0.0771484375 0.0625
