0 0.1083984375 0.90087890625 0.126953125 0.0869140625
0 0.30712890625 0.54833984375 0.1201171875 0.0869140625
0 0.76806640625 0.96728515625 0.0927734375 0.0654296875
0 0.1669921875 0.96728515625 0.07421875 0.0654296875
0 0.19091796875 0.5771484375 0.1279296875 0.060546875
0 0.34228515625 0.671875 0.1103515625 0.125
0 0.64453125 0.38232421875 0.0703125 0.0751953125
0 0.0361328125 0.8046875 0.072265625 0.109375
0 0.16455078125 0.63818359375 0.1103515625 0.0869140625
0 0.1982421875 0.126953125 0.126953125 0.115234375
0 0.265625 0.77978515625 0.142578125 0.0947265625
0 0.84912109375 0.74951171875 0.1650390625 0.0849609375
0 0.52099609375 0.29736328125 0.1025390625 0.1201171875
0 0.07373046875 0.13330078125 0.1474609375 0.0869140625
0 0.0908203125 0.44580078125 0.181640625 0.0830078125
0 0.07177734375 0.7607421875 0.0751953125 0.107421875
0 0.25341796875 0.8642578125 0.0673828125 0.0546875
0 0.068359375 0.2734375 0.13671875 0.0625
0 0.3857421875 0.77685546875 0.091796875 0.0595703125
0 0.50439453125 0.52685546875 0.1298828125 0.1005859375
0 0.01416015625 0.32763671875 0.0283203125 0.0751953125
0 0.470703125 0.86572265625 0.052734375 0.0966796875
0 0.693359375 0.10986328125 0.142578125 0.0751953125
0 0.939453125 0.45703125 0.07421875 0.134765625
0 0.59326171875 0.2685546875 0.1630859375 0.107421875
0 0.62841796875 0.98486328125 0.1376953125 0.0302734375
0 0.9072265625 0.609375 0.125 0.115234375
0 0.83447265625 0.412109375 0.0947265625 0.1953125
0 0.6533203125 0.53466796875 0.123046875 0.1396484375
0 0.78076171875 0.03564453125 0.1025390625 0.0673828125
0 0.287109375 0.10986328125 0.134765625 0.1201171875
0 0.1982421875 0.32568359375 0.126953125 0.1630859375
0 0.08984375 0.0546875 0.08984375 0.099609375
0 0.89697265625 0.97705078125 0.1650390625 0.0458984375
0 0.82177734375 0.6318359375 0.0654296875 0.064453125
0 0.234375 0.720703125 0.060546875 0.087890625
0 0.52197265625 0.7431640625 0.1806640625 0.107421875
0 0.78564453125 0.14453125 0.0927734375 0.0546875
0 0.57568359375 0.37060546875 0.0732421875 0.2119140625
0 0.328125 0.380859375 0.08203125 0.091796875
0 0.64599609375 0.9482421875 0.1728515625 0.04296875
0 0.27734375 0.42822265625 0.0703125 0.1572265625
0 0.9267578125 0.54931640625 0.080078125 0.0654296875
0 0.66845703125 0.732421875 0.1669921875 0.25
0 0.9599609375 0.94580078125 0.080078125 0.0517578125
0 0.02978515625 0.8994140625 0.0595703125 0.111328125
0 0.59716796875 0.52685546875 0.1494140625 0.1103515625
0 0.189453125 0.2021484375 0.0546875 0.060546875
0 0.72998046875 0.01513671875 0.0869140625 0.0302734375
0 0.95068359375 0.31591796875 0.0732421875 0.0869140625
0 0.693359375 0.86572265625 0.08203125 0.0673828125
0 0.46484375 0.12060546875 0.0703125 0.2373046875
0 0.49462890625 0.7197265625 0.1142578125 0.1953125
0 0.9619140625 0.38818359375 0.064453125 0.0576171875
0 0.171875 0.0283203125 0.060546875 0.052734375
0 0.880859375 0.33837890625 0.072265625 0.0830078125
0 0.66455078125 0.91455078125 0.1845703125 0.0498046875
0 0.3720703125 0.22802734375 0.234375 0.2724609375
0 0.20068359375 0.94873046875 0.0771484375 0.0537109375
0 0.09375 0.498046875 0.1875 0.0546875
0 0.55712890625 0.873046875 0.0556640625 0.072265625
0 0.7392578125 0.88671875 0.080078125 0.044921875
0 0.83203125 0.77099609375 0.19921875 0.0830078125
0 0.62060546875 0.88232421875 0.0478515625 0.0302734375
0 0.34228515625 0.7216796875 0.0947265625 0.080078125
0 0.60205078125 0.6494140625 0.2099609375 0.095703125
0 0.55615234375 0.462890625 0.1923828125 0.09765625
0 0.13916015625 0.384765625 0.0751953125 0.1796875
0 0.79443359375 0.46923828125 0.0751953125 0.0947265625
0 0.94091796875 0.443359375 0.1181640625 0.046875
0 0.62451171875 0.185546875 0.1494140625 0.052734375
0 0.724609375 0.1357421875 0.095703125 0.04296875
0 0.12939453125 0.03564453125 0.0654296875 0.0478515625
0 0.978515625 0.1044921875 0.04296875 0.08984375
