0 0.08935546875 0.46337890625 0.1787109375 0.1201171875
0 0.14990234375 0.08251953125 0.1533203125 0.1064453125
0 0.06494140625 0.0283203125 0.1298828125 0.056640625
0 0.05810546875 0.578125 0.0908203125 0.10546875
0 0.0556640625 0.8896484375 0.111328125 0.09765625
0 0.09814453125 0.8134765625 0.1416015625 0.107421875
0 0.33349609375 0.8525390625 0.1279296875 0.2109375
0 0.39599609375 0.73095703125 0.0654296875 0.0888671875
0 0.43212890625 0.94287109375 0.0966796875 0.1142578125
0 0.4765625 0.80419921875 0.08203125 0.2080078125
0 0.52880859375 0.736328125 0.0712890625 0.1796875
0 0.46875 0.51220703125 0.09765625 0.1943359375
0 0.51171875 0.43310546875 0.091796875 0.2001953125
0 0.28125 0.388671875 0.1171875 0.197265625
0 0.3857421875 0.2392578125 0.095703125 0.171875
0 0.6552734375 0.53369140625 0.099609375 0.1728515625
0 0.64111328125 0.576171875 0.0654296875 0.11328125
0 0.7431640625 0.6962890625 0.107421875 0.15625
0 0.833984375 0.65673828125 0.076171875 0.0634765625
0 0.93505859375 0.66650390625 0.0927734375 0.0888671875
0 0.8359375 0.4541015625 0.095703125 0.154296875
0 0.794921875 0.265625 0.076171875 0.08203125
0 0.7021484375 0.1513671875 0.08984375 0.05859375
0 0.54150390625 0.12841796875 0.1533203125 0.0693359375
0 0.81640625 0.0712890625 0.076171875 0.130859375
0 0.91552734375 0.14794921875 0.0732421875 0.0693359375
0 0.966796875 0.2138671875 0.06640625 0.078125
0 0.970703125 0.32568359375 0.056640625 0.0810546875
0 0.96337890625 0.07666015625 0.0732421875 0.0615234375
0 0.85595703125 0.95751953125 0.1005859375 0.0478515625
0 0.80517578125 0.984375 0.0791015625 0.03125
0 0.98193359375 0.92529296875 0.0361328125 0.0908203125
0 0.6103515625 0.708984375 0.064453125 0.060546875
0 0.71044921875 0.8310546875 0.0654296875 0.099609375
0 0.65380859375 0.9658203125 0.0849609375 0.068359375
0 0.61083984375 0.7998046875 0.1259765625 0.173828125
0 0.64501953125 0.85302734375 0.0712890625 0.1728515625
