0 0.083984375 0.060546875 0.138671875 0.12109375
0 0.16748046875 0.0947265625 0.0830078125 0.1015625
0 0.14501953125 0.1845703125 0.0986328125 0.06640625
0 0.1552734375 0.22265625 0.0859375 0.0703125
0 0.53369140625 0.07470703125 0.0712890625 0.0810546875
0 0.64111328125 0.06201171875 0.1103515625 0.0888671875
0 0.76611328125 0.04541015625 0.0751953125 0.0908203125
0 0.8193359375 0.0966796875 0.103515625 0.083984375
0 0.98095703125 0.01416015625 0.0380859375 0.0283203125
0 0.9794921875 0.20166015625 0.041015625 0.0654296875
0 0.88623046875 0.35009765625 0.0771484375 0.0673828125
0 0.6298828125 0.3544921875 0.111328125 0.056640625
0 0.55419921875 0.2607421875 0.0771484375 0.083984375
0 0.3857421875 0.27001953125 0.0859375 0.1279296875
0 0.203125 0.41552734375 0.099609375 0.0791015625
0 0.20068359375 0.609375 0.0654296875 0.1640625
0 0.33544921875 0.56787109375 0.0556640625 0.0498046875
0 0.36865234375 0.498046875 0.0751953125 0.078125
0 0.4814453125 0.484375 0.080078125 0.091796875
0 0.47119140625 0.576171875 0.2353515625 0.10546875
0 0.421875 0.72998046875 0.162109375 0.1083984375
0 0.5087890625 0.76220703125 0.068359375 0.1318359375
0 0.6015625 0.7919921875 0.095703125 0.154296875
0 0.73486328125 0.7216796875 0.0791015625 0.13671875
0 0.787109375 0.56298828125 0.107421875 0.0947265625
0 0.92919921875 0.46337890625 0.0986328125 0.0751953125
0 0.14404296875 0.8876953125 0.0634765625 0.205078125
0 0.26806640625 0.712890625 0.0908203125 0.08203125
0 0.0283203125 0.681640625 0.056640625 0.05859375
0 0.68017578125 0.93896484375 0.0693359375 0.0791015625
0 0.84521484375 0.6416015625 0.1025390625 0.09765625
0 0.95263671875 0.63818359375 0.0947265625 0.0810546875
0 0.927734375 0.74609375 0.13671875 0.181640625
