0 0.0546875 0.037109375 0.06640625 0.07421875
0 0.205078125 0.02294921875 0.083984375 0.0458984375
0 0.1826171875 0.22021484375 0.056640625 0.0556640625
0 0.0537109375 0.560546875 0.0625 0.072265625
0 0.1328125 0.68115234375 0.091796875 0.0654296875
0 0.16259765625 0.54296875 0.0634765625 0.078125
0 0.22119140625 0.4775390625 0.1103515625 0.0546875
0 0.31396484375 0.39599609375 0.1064453125 0.0595703125
0 0.2255859375 0.33740234375 0.060546875 0.1044921875
0 0.44091796875 0.3271484375 0.0732421875 0.09765625
0 0.54296875 0.47412109375 0.060546875 0.0927734375
0 0.77587890625 0.34423828125 0.0517578125 0.0732421875
0 0.6982421875 0.3369140625 0.052734375 0.056640625
0 0.7158203125 0.42041015625 0.087890625 0.0732421875
0 0.74365234375 0.2451171875 0.0634765625 0.07421875
0 0.59619140625 0.15576171875 0.0732421875 0.0478515625
0 0.4169921875 0.16455078125 0.158203125 0.0595703125
0 0.35400390625 0.08203125 0.0791015625 0.087890625
0 0.6416015625 0.0791015625 0.087890625 0.076171875
0 0.78466796875 0.09423828125 0.0556640625 0.0517578125
0 0.8486328125 0.216796875 0.060546875 0.0546875
0 0.31494140625 0.6474609375 0.0478515625 0.05078125
0 0.39306640625 0.6845703125 0.0634765625 0.091796875
0 0.46240234375 0.6533203125 0.0888671875 0.107421875
0 0.48486328125 0.5517578125 0.0634765625 0.048828125
0 0.56640625 0.59033203125 0.060546875 0.0595703125
0 0.62744140625 0.62890625 0.0439453125 0.080078125
0 0.703125 0.6240234375 0.10546875 0.07421875
0 0.71337890625 0.58056640625 0.0615234375 0.0517578125
0 0.85791015625 0.5244140625 0.1220703125 0.05078125
0 0.73486328125 0.71923828125 0.0927734375 0.0771484375
0 0.65234375 0.7568359375 0.095703125 0.10546875
0 0.5791015625 0.80810546875 0.080078125 0.0673828125
0 0.435546875 0.8154296875 0.19921875 0.1796875
0 0.333984375 0.77978515625 0.060546875 0.0673828125
0 0.79296875 0.78662109375 0.142578125 0.1025390625
0 0.90380859375 0.7822265625 0.1396484375 0.05859375
0 0.845703125 0.72021484375 0.0625 0.0576171875
0 0.931640625 0.68896484375 0.078125 0.0654296875
0 0.8310546875 0.66796875 0.068359375 0.048828125
0 0.80419921875 0.58349609375 0.0654296875 0.0576171875
0 0.95361328125 0.23974609375 0.0517578125 0.1103515625
0 0.951171875 0.0498046875 0.076171875 0.099609375
0 0.91015625 0.0244140625 0.115234375 0.048828125
0 0.919921875 0.96533203125 0.083984375 0.0498046875
0 0.111328125 0.85302734375 0.078125 0.1240234375
0 0.095703125 0.1591796875 0.056640625 0.056640625
0 0.90283203125 0.140625 0.0888671875 0.0546875
0 0.0947265625 0.60498046875 0.0546875 0.0439453125
0 0.0341796875 0.60498046875 0.068359375 0.0458984375
0 0.92578125 0.79345703125 0.1015625 0.1162109375
0 0.36865234375 0.01318359375 0.0517578125 0.0263671875
0 0.009765625 0.01171875 0.01953125 0.0234375
0 0.98828125 0.11572265625 0.0234375 0.0634765625
0 0.94970703125 0.2294921875 0.0810546875 0.0859375
0 0.98193359375 0.62939453125 0.0361328125 0.0693359375
0 0.97412109375 0.82275390625 0.0517578125 0.0712890625
