0 0.0224609375 0.91650390625 0.04296875 0.0556640625
0 0.09912109375 0.453125 0.0791015625 0.123046875
0 0.1591796875 0.7119140625 0.091796875 0.083984375
0 0.06396484375 0.3583984375 0.0810546875 0.10546875
0 0.14599609375 0.2939453125 0.0615234375 0.068359375
0 0.0712890625 0.0625 0.068359375 0.068359375
0 0.29541015625 0.072265625 0.1474609375 0.11328125
0 0.359375 0.11181640625 0.0703125 0.0869140625
0 0.33642578125 0.3203125 0.0888671875 0.06640625
0 0.4833984375 0.07861328125 0.080078125 0.1572265625
0 0.51123046875 0.1767578125 0.1044921875 0.08203125
0 0.63525390625 0.2236328125 0.1162109375 0.0859375
0 0.69140625 0.1494140625 0.0859375 0.0703125
0 0.53857421875 0.400390625 0.0927734375 0.09375
0 0.484375 0.63623046875 0.107421875 0.1181640625
0 0.57958984375 0.6845703125 0.0634765625 0.064453125
0 0.60009765625 0.73046875 0.0556640625 0.0546875
0 0.4794921875 0.767578125 0.10546875 0.1015625
0 0.36376953125 0.82275390625 0.0966796875 0.1083984375
0 0.26953125 0.93408203125 0.119140625 0.1103515625
0 0.529296875 0.912109375 0.087890625 0.072265625
0 0.66748046875 0.796875 0.0517578125 0.07421875
0 0.96337890625 0.18017578125 0.0712890625 0.1396484375
0 0.93115234375 0.1728515625 0.0771484375 0.06640625
0 0.9462890625 0.4033203125 0.107421875 0.0625
0 0.8671875 0.6044921875 0.1484375 0.076171875
0 0.80078125 0.68701171875 0.0625 0.0810546875
0 0.9697265625 0.86181640625 0.060546875 0.0634765625
0 0.81982421875 0.80029296875 0.0849609375 0.0791015625
0 0.74609375 0.82275390625 0.060546875 0.0693359375
0 0.81591796875 0.2548828125 0.0751953125 0.08203125
0 0.79931640625 0.18603515625 0.0595703125 0.0712890625
0 0.755859375 0.0341796875 0.076171875 0.06640625
0 0.2294921875 0.8603515625 0.064453125 0.046875
0 0.0107421875 0.87060546875 0.021484375 0.0439453125
0 0.34033203125 0.89013671875 0.0576171875 0.0595703125
0 0.88037109375 0.41015625 0.0693359375 0.056640625
0 0.6806640625 0.22119140625 0.068359375 0.0712890625
0 0.115234375 0.1806640625 0.078125 0.0703125
