0 0.421875 0.0400390625 0.1015625 0.080078125
0 0.34765625 0.107421875 0.078125 0.0625
0 0.91064453125 0.0283203125 0.0751953125 0.0546875
0 0.888671875 0.0947265625 0.076171875 0.05859375
0 0.83154296875 0.18896484375 0.0810546875 0.0673828125
0 0.47314453125 0.1630859375 0.0693359375 0.083984375
0 0.45947265625 0.2177734375 0.0966796875 0.07421875
0 0.56982421875 0.2431640625 0.0771484375 0.0625
0 0.36279296875 0.30712890625 0.0693359375 0.0830078125
0 0.1083984375 0.18505859375 0.07421875 0.0791015625
0 0.18896484375 0.248046875 0.0791015625 0.0859375
0 0.02392578125 0.3486328125 0.0478515625 0.08984375
0 0.82080078125 0.2724609375 0.0927734375 0.083984375
0 0.958984375 0.31494140625 0.080078125 0.0966796875
0 0.830078125 0.4423828125 0.076171875 0.078125
0 0.74072265625 0.408203125 0.1181640625 0.125
0 0.19970703125 0.4501953125 0.0576171875 0.083984375
0 0.10986328125 0.4462890625 0.0517578125 0.0546875
0 0.1669921875 0.5927734375 0.087890625 0.08203125
0 0.30126953125 0.619140625 0.1201171875 0.072265625
0 0.5048828125 0.55615234375 0.12109375 0.0791015625
0 0.64501953125 0.6494140625 0.0947265625 0.05859375
0 0.78955078125 0.62646484375 0.1201171875 0.0693359375
0 0.9619140625 0.6259765625 0.0703125 0.076171875
0 0.06591796875 0.6875 0.0732421875 0.052734375
0 0.30029296875 0.7744140625 0.1142578125 0.080078125
0 0.46826171875 0.798828125 0.0966796875 0.109375
0 0.701171875 0.79052734375 0.091796875 0.0654296875
0 0.70458984375 0.71826171875 0.1201171875 0.0498046875
0 0.9248046875 0.7509765625 0.14453125 0.095703125
0 0.8828125 0.89306640625 0.1328125 0.1083984375
0 0.96337890625 0.92431640625 0.0732421875 0.0966796875
0 0.97265625 0.8515625 0.0546875 0.052734375
0 0.63818359375 0.8701171875 0.0888671875 0.068359375
0 0.04296875 0.8154296875 0.072265625 0.0625
0 0.08203125 0.91357421875 0.08984375 0.1220703125
0 0.42236328125 0.94384765625 0.0888671875 0.1123046875
0 0.5654296875 0.9462890625 0.072265625 0.0703125
0 0.35009765625 0.77685546875 0.0712890625 0.0986328125
0 0.2197265625 0.0732421875 0.07421875 0.0546875
0 0.0615234375 0.5302734375 0.0546875 0.056640625
