0 0.0654296875 0.462890625 0.08984375 0.080078125
0 0.11181640625 0.64453125 0.0849609375 0.0859375
0 0.177734375 0.54638671875 0.09765625 0.0654296875
0 0.10791015625 0.8017578125 0.1123046875 0.08984375
0 0.818359375 0.0830078125 0.080078125 0.072265625
0 0.85595703125 0.37158203125 0.1025390625 0.0849609375
0 0.94189453125 0.5419921875 0.1103515625 0.080078125
0 0.87353515625 0.82470703125 0.1025390625 0.0654296875
0 0.85107421875 0.51220703125 0.1025390625 0.1044921875
0 0.90185546875 0.1845703125 0.1005859375 0.099609375
0 0.9384765625 0.37451171875 0.09765625 0.0908203125
0 0.921875 0.8984375 0.109375 0.072265625
0 0.03955078125 0.23828125 0.0556640625 0.11328125
0 0.7431640625 0.505859375 0.09765625 0.091796875
0 0.2099609375 0.97119140625 0.080078125 0.0576171875
0 0.099609375 0.08349609375 0.10546875 0.1123046875
0 0.94580078125 0.60693359375 0.1083984375 0.0693359375
0 0.16796875 0.880859375 0.09765625 0.091796875
0 0.81201171875 0.92431640625 0.0791015625 0.0595703125
0 0.06201171875 0.93994140625 0.0908203125 0.0849609375
0 0.96484375 0.728515625 0.0703125 0.07421875
0 0.09228515625 0.23828125 0.0947265625 0.142578125
0 0.77099609375 0.03466796875 0.0576171875 0.0654296875
0 0.9111328125 0.0322265625 0.126953125 0.0625
0 0.97216796875 0.12060546875 0.0556640625 0.0771484375
