0 0.580078125 0.5517578125 0.068359375 0.083984375
0 0.84765625 0.625 0.05078125 0.09375
0 0.1298828125 0.03955078125 0.072265625 0.0771484375
0 0.9931640625 0.69091796875 0.013671875 0.0927734375
0 0.71875 0.865234375 0.08203125 0.09765625
0 0.8896484375 0.50439453125 0.08203125 0.0810546875
0 0.4482421875 0.3916015625 0.08203125 0.087890625
0 0.72900390625 0.6572265625 0.0693359375 0.0546875
0 0.44091796875 0.3447265625 0.0966796875 0.064453125
0 0.798828125 0.8310546875 0.08203125 0.083984375
0 0.35400390625 0.2919921875 0.0830078125 0.083984375
0 0.0634765625 0.6552734375 0.123046875 0.06640625
0 0.27587890625 0.6416015625 0.1826171875 0.0546875
0 0.98828125 0.033203125 0.0234375 0.0625
0 0.29345703125 0.1982421875 0.0947265625 0.05078125
0 0.55419921875 0.1484375 0.0419921875 0.083984375
0 0.59423828125 0.54736328125 0.0673828125 0.0771484375
0 0.7978515625 0.35107421875 0.078125 0.0634765625
0 0.15869140625 0.59033203125 0.1318359375 0.0263671875
0 0.6748046875 0.50390625 0.056640625 0.076171875
0 0.05126953125 0.43115234375 0.0947265625 0.0361328125
0 0.11474609375 0.56298828125 0.0966796875 0.0361328125
0 0.61279296875 0.7548828125 0.1318359375 0.048828125
0 0.49267578125 0.1455078125 0.0771484375 0.107421875
0 0.39208984375 0.16357421875 0.0595703125 0.0751953125
0 0.7685546875 0.73681640625 0.06640625 0.0380859375
0 0.87353515625 0.89599609375 0.0419921875 0.0732421875
0 0.3525390625 0.97021484375 0.072265625 0.0263671875
0 0.24609375 0.5205078125 0.08203125 0.037109375
0 0.845703125 0.08935546875 0.046875 0.1240234375
0 0.50048828125 0.3212890625 0.0615234375 0.0390625
0 0.05712890625 0.2001953125 0.1142578125 0.072265625
0 0.79248046875 0.9033203125 0.0556640625 0.10546875
0 0.08349609375 0.60693359375 0.1064453125 0.0576171875
0 0.73046875 0.59423828125 0.173828125 0.0634765625
0 0.45947265625 0.76123046875 0.1435546875 0.0498046875
0 0.85498046875 0.56591796875 0.0517578125 0.0439453125
0 0.88720703125 0.1103515625 0.0556640625 0.14453125
0 0.3994140625 0.7158203125 0.09375 0.044921875
0 0.2548828125 0.3056640625 0.078125 0.041015625
0 0.5361328125 0.154296875 0.033203125 0.08203125
0 0.3173828125 0.5234375 0.0703125 0.072265625
0 0.4609375 0.203125 0.095703125 0.060546875
0 0.13232421875 0.2021484375 0.0654296875 0.048828125
0 0.505859375 0.26025390625 0.05078125 0.0439453125
0 0.12353515625 0.97216796875 0.1357421875 0.0537109375
0 0.9052734375 0.6142578125 0.083984375 0.0390625
0 0.9892578125 0.16259765625 0.021484375 0.0185546875
0 0.66455078125 0.046875 0.0478515625 0.046875
0 0.03369140625 0.53173828125 0.0673828125 0.0732421875
0 0.14892578125 0.990234375 0.0400390625 0.01953125
0 0.33642578125 0.990234375 0.0498046875 0.01953125
