0 0.92919921875 0.23095703125 0.0830078125 0.1279296875
0 0.9833984375 0.35546875 0.033203125 0.0703125
0 0.83837890625 0.34375 0.0693359375 0.0703125
0 0.71533203125 0.267578125 0.0595703125 0.078125
0 0.609375 0.44775390625 0.06640625 0.0595703125
0 0.48681640625 0.32861328125 0.0888671875 0.0732421875
0 0.51953125 0.2216796875 0.076171875 0.072265625
0 0.38525390625 0.5234375 0.0849609375 0.119140625
0 0.1025390625 0.3525390625 0.125 0.087890625
0 0.201171875 0.2470703125 0.076171875 0.05859375
0 0.19873046875 0.30029296875 0.0830078125 0.0693359375
0 0.2099609375 0.1337890625 0.0546875 0.080078125
0 0.2802734375 0.09423828125 0.080078125 0.0947265625
0 0.373046875 0.06201171875 0.0703125 0.0712890625
0 0.80908203125 0.05712890625 0.0654296875 0.1142578125
0 0.97412109375 0.044921875 0.0517578125 0.0703125
0 0.732421875 0.70654296875 0.07421875 0.0732421875
0 0.85400390625 0.6005859375 0.0673828125 0.0625
0 0.94287109375 0.76611328125 0.0830078125 0.0732421875
0 0.794921875 0.95166015625 0.05078125 0.0791015625
0 0.67578125 0.970703125 0.068359375 0.05859375
0 0.59228515625 0.89208984375 0.0615234375 0.1005859375
0 0.546875 0.86865234375 0.056640625 0.0595703125
0 0.36083984375 0.73974609375 0.1044921875 0.0810546875
0 0.21630859375 0.78662109375 0.0751953125 0.1240234375
0 0.41748046875 0.91552734375 0.0791015625 0.0517578125
0 0.49072265625 0.92822265625 0.0615234375 0.0537109375
0 0.04345703125 0.662109375 0.0869140625 0.115234375
0 0.17138671875 0.52099609375 0.0888671875 0.0791015625
0 0.05322265625 0.12548828125 0.1025390625 0.1064453125
0 0.73486328125 0.13427734375 0.0888671875 0.0732421875
0 0.71484375 0.19677734375 0.078125 0.0654296875
0 0.033203125 0.8486328125 0.06640625 0.0625
