0 0.34765625 0.2802734375 0.06640625 0.091796875
0 0.81396484375 0.1171875 0.0908203125 0.1015625
0 0.240234375 0.8115234375 0.1328125 0.130859375
0 0.513671875 0.5283203125 0.060546875 0.091796875
0 0.73876953125 0.51171875 0.0302734375 0.083984375
0 0.40380859375 0.7880859375 0.0908203125 0.115234375
0 0.453125 0.16796875 0.134765625 0.083984375
0 0.5166015625 0.80517578125 0.03125 0.0712890625
0 0.27294921875 0.6015625 0.0263671875 0.099609375
0 0.3037109375 0.51123046875 0.029296875 0.0693359375
0 0.716796875 0.0302734375 0.03125 0.060546875
0 0.10888671875 0.79296875 0.1201171875 0.04296875
0 0.13623046875 0.41357421875 0.0751953125 0.0517578125
0 0.625 0.52978515625 0.189453125 0.0693359375
0 0.23095703125 0.38330078125 0.0791015625 0.0986328125
0 0.5185546875 0.02734375 0.037109375 0.052734375
0 0.31201171875 0.3994140625 0.0673828125 0.138671875
0 0.86669921875 0.400390625 0.0576171875 0.21875
0 0.52099609375 0.92236328125 0.0771484375 0.1396484375
0 0.294921875 0.41015625 0.0390625 0.1171875
0 0.12353515625 0.48291015625 0.0302734375 0.0673828125
0 0.12744140625 0.83740234375 0.0498046875 0.0361328125
0 0.2275390625 0.52783203125 0.03125 0.0556640625
0 0.9501953125 0.39697265625 0.03515625 0.0419921875
0 0.84912109375 0.58056640625 0.0400390625 0.1044921875
0 0.337890625 0.513671875 0.0234375 0.068359375
0 0.087890625 0.4365234375 0.033203125 0.05859375
0 0.0419921875 0.88525390625 0.083984375 0.0302734375
0 0.0234375 0.98291015625 0.041015625 0.0341796875
0 0.87841796875 0.9677734375 0.0654296875 0.0390625
0 0.02294921875 0.9287109375 0.0458984375 0.125
0 0.64501953125 0.68359375 0.0771484375 0.09765625
0 0.86474609375 0.52880859375 0.0595703125 0.0576171875
0 0.837890625 0.453125 0.078125 0.05859375
0 0.80322265625 0.212890625 0.0439453125 0.181640625
0 0.509765625 0.8701171875 0.04296875 0.05078125
0 0.40234375 0.86865234375 0.185546875 0.0439453125
0 0.9111328125 0.62255859375 0.177734375 0.0498046875
0 0.51416015625 0.5849609375 0.1689453125 0.1484375
0 0.23095703125 0.26806640625 0.0615234375 0.1962890625
