0 0.28955078125 0.47412109375 0.0634765625 0.1005859375
0 0.38916015625 0.52880859375 0.0615234375 0.0830078125
0 0.52099609375 0.099609375 0.0751953125 0.115234375
0 0.87060546875 0.2080078125 0.0693359375 0.099609375
0 0.59423828125 0.57958984375 0.0634765625 0.0751953125
0 0.48388671875 0.20849609375 0.0751953125 0.0654296875
0 0.6103515625 0.77978515625 0.1171875 0.0732421875
0 0.078125 0.5966796875 0.052734375 0.0859375
0 0.87841796875 0.2734375 0.0908203125 0.0546875
0 0.2958984375 0.2353515625 0.091796875 0.09765625
0 0.72021484375 0.939453125 0.1005859375 0.05859375
0 0.41650390625 0.732421875 0.0673828125 0.037109375
0 0.74169921875 0.380859375 0.0732421875 0.08203125
0 0.076171875 0.7255859375 0.09375 0.0546875
0 0.89453125 0.5947265625 0.1015625 0.052734375
0 0.18359375 0.3798828125 0.044921875 0.083984375
0 0.3837890625 0.63037109375 0.0625 0.0693359375
0 0.1015625 0.47021484375 0.0859375 0.0556640625
0 0.15283203125 0.6005859375 0.1142578125 0.072265625
0 0.384765625 0.78564453125 0.078125 0.0517578125
0 0.603515625 0.46240234375 0.06640625 0.0712890625
0 0.5673828125 0.41259765625 0.130859375 0.0732421875
0 0.07666015625 0.04052734375 0.0986328125 0.0654296875
0 0.6279296875 0.0986328125 0.0703125 0.068359375
0 0.1162109375 0.0888671875 0.083984375 0.048828125
0 0.201171875 0.23095703125 0.1015625 0.0732421875
0 0.224609375 0.59423828125 0.080078125 0.0595703125
0 0.9677734375 0.5615234375 0.064453125 0.07421875
0 0.1748046875 0.890625 0.091796875 0.046875
0 0.4775390625 0.2265625 0.07421875 0.0625
0 0.626953125 0.73095703125 0.0703125 0.0654296875
0 0.59326171875 0.171875 0.0654296875 0.0625
0 0.5048828125 0.80859375 0.09375 0.048828125
0 0.47314453125 0.82958984375 0.0556640625 0.0634765625
0 0.70703125 0.279296875 0.0703125 0.05078125
0 0.33544921875 0.5693359375 0.0751953125 0.046875
0 0.1630859375 0.48046875 0.07421875 0.052734375
0 0.4091796875 0.1484375 0.0546875 0.0625
0 0.0302734375 0.40625 0.060546875 0.05078125
0 0.89990234375 0.3671875 0.0693359375 0.0546875
0 0.7119140625 0.47998046875 0.076171875 0.0693359375
0 0.70654296875 0.96728515625 0.0732421875 0.0654296875
0 0.17041015625 0.69580078125 0.0966796875 0.0439453125
0 0.869140625 0.74755859375 0.0859375 0.0517578125
0 0.064453125 0.64990234375 0.1171875 0.0322265625
0 0.767578125 0.064453125 0.060546875 0.0625
0 0.28759765625 0.30712890625 0.1259765625 0.0791015625
0 0.17822265625 0.77880859375 0.0673828125 0.0458984375
0 0.65966796875 0.04736328125 0.0615234375 0.0400390625
0 0.43017578125 0.68994140625 0.0537109375 0.0615234375
0 0.25439453125 0.8271484375 0.0771484375 0.048828125
0 0.880859375 0.10009765625 0.095703125 0.1103515625
0 0.796875 0.318359375 0.060546875 0.044921875
0 0.6533203125 0.5234375 0.138671875 0.080078125
0 0.81396484375 0.037109375 0.0830078125 0.0546875
0 0.748046875 0.76220703125 0.048828125 0.0322265625
0 0.76171875 0.47216796875 0.046875 0.1298828125
0 0.978515625 0.826171875 0.04296875 0.0390625
0 0.7265625 0.517578125 0.05078125 0.078125
0 0.517578125 0.0146484375 0.0390625 0.029296875
0 0.28759765625 0.92041015625 0.0576171875 0.0341796875
0 0.0283203125 0.50830078125 0.056640625 0.0498046875
0 0.21435546875 0.01220703125 0.0400390625 0.0244140625
0 0.94482421875 0.01025390625 0.0263671875 0.0185546875
0 0.68798828125 0.783203125 0.0361328125 0.05078125
0 0.27099609375 0.87890625 0.0849609375 0.033203125
0 0.63623046875 0.96630859375 0.0673828125 0.0380859375
0 0.09423828125 0.248046875 0.1064453125 0.03515625
0 0.5380859375 0.48486328125 0.037109375 0.0341796875
0 0.08056640625 0.02099609375 0.0654296875 0.0419921875
0 0.017578125 0.705078125 0.03515625 0.025390625
0 0.8681640625 0.015625 0.044921875 0.03125
0 0.83544921875 0.61865234375 0.1494140625 0.0458984375
