0 0.11181640625 0.1640625 0.1025390625 0.099609375
0 0.02978515625 0.79052734375 0.0595703125 0.0966796875
0 0.939453125 0.76513671875 0.08203125 0.0751953125
0 0.0419921875 0.6083984375 0.083984375 0.09765625
0 0.95458984375 0.6279296875 0.0908203125 0.080078125
0 0.88818359375 0.2802734375 0.0751953125 0.080078125
0 0.84326171875 0.7041015625 0.0849609375 0.080078125
0 0.75146484375 0.93310546875 0.0849609375 0.1181640625
0 0.6279296875 0.7919921875 0.09765625 0.109375
0 0.88330078125 0.41552734375 0.0908203125 0.0673828125
0 0.73974609375 0.3056640625 0.0810546875 0.06640625
0 0.751953125 0.18603515625 0.16015625 0.0576171875
0 0.755859375 0.12060546875 0.1015625 0.0712890625
0 0.04296875 0.04638671875 0.0859375 0.0927734375
0 0.0283203125 0.70751953125 0.056640625 0.0751953125
0 0.9404296875 0.95703125 0.107421875 0.0859375
0 0.96923828125 0.3740234375 0.0615234375 0.078125
0 0.97314453125 0.30078125 0.0537109375 0.068359375
0 0.81103515625 0.4365234375 0.0810546875 0.05859375
