0 0.5126953125 0.54638671875 0.107421875 0.0615234375
0 0.732421875 0.69287109375 0.09765625 0.1044921875
0 0.54345703125 0.0205078125 0.1005859375 0.041015625
0 0.30908203125 0.0283203125 0.1025390625 0.056640625
0 0.775390625 0.14208984375 0.078125 0.0673828125
0 0.0546875 0.86376953125 0.109375 0.0634765625
0 0.43701171875 0.71630859375 0.0947265625 0.1005859375
0 0.5908203125 0.04345703125 0.09765625 0.0869140625
0 0.79150390625 0.66162109375 0.2158203125 0.1142578125
0 0.33251953125 0.61328125 0.1630859375 0.087890625
0 0.17236328125 0.8916015625 0.1552734375 0.064453125
0 0.8955078125 0.28662109375 0.07421875 0.1064453125
0 0.998046875 0.8046875 0.00390625 0.083984375
0 0.5087890625 0.97119140625 0.095703125 0.0576171875
0 0.91748046875 0.22119140625 0.1650390625 0.1083984375
0 0.23095703125 0.11376953125 0.1005859375 0.1103515625
0 0.5380859375 0.501953125 0.130859375 0.107421875
0 0.3779296875 0.03955078125 0.09765625 0.0791015625
0 0.1494140625 0.95654296875 0.16796875 0.0654296875
0 0.482421875 0.8291015625 0.1953125 0.107421875
0 0.73388671875 0.412109375 0.0439453125 0.033203125
0 0.962890625 0.4326171875 0.072265625 0.048828125
0 0.11376953125 0.1796875 0.2275390625 0.076171875
0 0.18994140625 0.998046875 0.2158203125 0.00390625
0 0.92578125 0.60400390625 0.1484375 0.0712890625
0 0.29296875 0.806640625 0.138671875 0.068359375
0 0.21630859375 0.69873046875 0.1240234375 0.0712890625
0 0.419921875 0.392578125 0.1171875 0.166015625
0 0.935546875 0.658203125 0.12890625 0.07421875
0 0.6005859375 0.669921875 0.1171875 0.0703125
0 0.50048828125 0.6337890625 0.1005859375 0.0703125
0 0.34326171875 0.701171875 0.1142578125 0.078125
0 0.38427734375 0.55908203125 0.1005859375 0.0927734375
0 0.58642578125 0.5537109375 0.0419921875 0.060546875
0 0.37548828125 0.07421875 0.0419921875 0.0625
