0 0.12255859375 0.2744140625 0.0595703125 0.068359375
0 0.05615234375 0.03466796875 0.0556640625 0.0673828125
0 0.13916015625 0.0302734375 0.0517578125 0.060546875
0 0.82568359375 0.93115234375 0.2314453125 0.1376953125
0 0.650390625 0.86376953125 0.0859375 0.0947265625
0 0.119140625 0.87109375 0.06640625 0.072265625
0 0.158203125 0.73046875 0.060546875 0.05078125
0 0.64404296875 0.71630859375 0.0458984375 0.0615234375
0 0.7666015625 0.6953125 0.068359375 0.130859375
0 0.548828125 0.24462890625 0.068359375 0.0576171875
0 0.68359375 0.1611328125 0.060546875 0.0703125
0 0.8115234375 0.0537109375 0.06640625 0.103515625
0 0.65625 0.048828125 0.0703125 0.095703125
0 0.31591796875 0.13037109375 0.0693359375 0.1455078125
0 0.3583984375 0.05615234375 0.041015625 0.0888671875
0 0.40869140625 0.234375 0.0849609375 0.056640625
0 0.3505859375 0.2255859375 0.072265625 0.06640625
0 0.40625 0.59228515625 0.056640625 0.0712890625
0 0.4443359375 0.6953125 0.046875 0.046875
0 0.21435546875 0.501953125 0.0537109375 0.0546875
0 0.0771484375 0.4912109375 0.0703125 0.126953125
0 0.16015625 0.58154296875 0.0625 0.0830078125
0 0.18212890625 0.6826171875 0.0712890625 0.0546875
0 0.07080078125 0.6669921875 0.0810546875 0.109375
0 0.0751953125 0.74267578125 0.05859375 0.0517578125
0 0.73974609375 0.36376953125 0.0634765625 0.0791015625
0 0.82275390625 0.15625 0.0537109375 0.041015625
0 0.58203125 0.2109375 0.072265625 0.0546875
0 0.80224609375 0.70751953125 0.0322265625 0.0673828125
0 0.29931640625 0.27783203125 0.0615234375 0.0771484375
0 0.9560546875 0.89013671875 0.052734375 0.0673828125
0 0.548828125 0.021484375 0.0546875 0.04296875
0 0.994140625 0.28759765625 0.01171875 0.0498046875
0 0.98876953125 0.23193359375 0.0224609375 0.0439453125
0 0.34375 0.2841796875 0.05859375 0.06640625
0 0.427734375 0.04931640625 0.12890625 0.0556640625
0 0.33984375 0.06884765625 0.0625 0.1005859375
0 0.98291015625 0.64306640625 0.0341796875 0.0830078125
0 0.2109375 0.669921875 0.05078125 0.03515625
0 0.201171875 0.6396484375 0.0546875 0.041015625
