0 0.34423828125 0.29931640625 0.1064453125 0.0517578125
0 0.37353515625 0.21728515625 0.1123046875 0.0693359375
0 0.435546875 0.15478515625 0.068359375 0.1005859375
0 0.48291015625 0.25244140625 0.0673828125 0.0849609375
0 0.18017578125 0.19677734375 0.0478515625 0.0751953125
0 0.14404296875 0.296875 0.0537109375 0.076171875
0 0.09130859375 0.26904296875 0.0439453125 0.0498046875
0 0.064453125 0.28125 0.04296875 0.072265625
0 0.033203125 0.2607421875 0.06640625 0.056640625
0 0.4033203125 0.34375 0.068359375 0.0546875
0 0.49658203125 0.3291015625 0.0595703125 0.05078125
0 0.5341796875 0.31689453125 0.0625 0.0498046875
0 0.654296875 0.31689453125 0.083984375 0.0439453125
0 0.494140625 0.65869140625 0.0625 0.0830078125
0 0.5869140625 0.6728515625 0.078125 0.0625
0 0.5703125 0.74560546875 0.076171875 0.0615234375
0 0.6787109375 0.7451171875 0.09375 0.068359375
0 0.7080078125 0.6728515625 0.06640625 0.091796875
0 0.80419921875 0.7080078125 0.0673828125 0.06640625
0 0.82763671875 0.669921875 0.0888671875 0.076171875
0 0.75244140625 0.4345703125 0.0830078125 0.05859375
0 0.87890625 0.45654296875 0.087890625 0.0478515625
0 0.82568359375 0.29443359375 0.0634765625 0.0869140625
0 0.791015625 0.3564453125 0.064453125 0.05078125
0 0.96875 0.3876953125 0.0625 0.076171875
0 0.921875 0.14892578125 0.083984375 0.0927734375
0 0.8095703125 0.01953125 0.06640625 0.0390625
0 0.18603515625 0.6435546875 0.0732421875 0.07421875
0 0.28125 0.64453125 0.095703125 0.0546875
0 0.08154296875 0.6572265625 0.0634765625 0.0546875
0 0.15380859375 0.703125 0.0986328125 0.05078125
0 0.05517578125 0.7109375 0.1064453125 0.056640625
0 0.12548828125 0.7607421875 0.0751953125 0.041015625
0 0.2001953125 0.84814453125 0.111328125 0.1435546875
0 0.37158203125 0.86279296875 0.0869140625 0.0986328125
0 0.4248046875 0.79296875 0.0625 0.091796875
0 0.47021484375 0.828125 0.0927734375 0.072265625
0 0.3388671875 0.76513671875 0.08203125 0.0615234375
0 0.408203125 0.71923828125 0.064453125 0.0576171875
0 0.33544921875 0.7001953125 0.0732421875 0.05859375
0 0.0283203125 0.75537109375 0.056640625 0.0556640625
0 0.5771484375 0.85302734375 0.087890625 0.0947265625
0 0.65185546875 0.8330078125 0.0771484375 0.099609375
0 0.8994140625 0.74853515625 0.068359375 0.0771484375
0 0.9609375 0.79248046875 0.078125 0.0693359375
0 0.87890625 0.88671875 0.056640625 0.06640625
0 0.8681640625 0.9560546875 0.07421875 0.072265625
0 0.03271484375 0.65380859375 0.0615234375 0.0751953125
0 0.978515625 0.916015625 0.04296875 0.056640625
0 0.7412109375 0.37646484375 0.0625 0.0439453125
0 0.8505859375 0.40673828125 0.1015625 0.0419921875
0 0.6318359375 0.3818359375 0.06640625 0.06640625
