0 0.64794921875 0.00830078125 0.1123046875 0.0166015625
0 0.57861328125 0.009765625 0.0830078125 0.01953125
0 0.35693359375 0.0302734375 0.0712890625 0.060546875
0 0.43994140625 0.05810546875 0.1513671875 0.1162109375
0 0.146484375 0.12060546875 0.103515625 0.1376953125
0 0.08642578125 0.1650390625 0.1103515625 0.125
0 0.01611328125 0.0986328125 0.0322265625 0.177734375
0 0.46044921875 0.203125 0.1650390625 0.048828125
0 0.6650390625 0.1962890625 0.138671875 0.275390625
0 0.34521484375 0.28271484375 0.0634765625 0.1142578125
0 0.4609375 0.298828125 0.12109375 0.078125
0 0.35009765625 0.37890625 0.0966796875 0.099609375
0 0.44482421875 0.3994140625 0.1064453125 0.09375
0 0.6455078125 0.3544921875 0.052734375 0.083984375
0 0.7021484375 0.39404296875 0.140625 0.2197265625
0 0.20361328125 0.39208984375 0.0849609375 0.1396484375
0 0.06396484375 0.2890625 0.1279296875 0.16015625
0 0.078125 0.4765625 0.15625 0.111328125
0 0.1123046875 0.6015625 0.091796875 0.123046875
0 0.24462890625 0.71044921875 0.0986328125 0.2060546875
0 0.3056640625 0.70654296875 0.072265625 0.1494140625
0 0.31005859375 0.56005859375 0.0947265625 0.1240234375
0 0.5615234375 0.66259765625 0.060546875 0.1689453125
0 0.63232421875 0.62890625 0.0830078125 0.22265625
0 0.46484375 0.64892578125 0.0859375 0.2373046875
0 0.43212890625 0.7353515625 0.0908203125 0.169921875
0 0.14013671875 0.7255859375 0.0869140625 0.1328125
0 0.0078125 0.8837890625 0.015625 0.05859375
0 0.0673828125 0.89306640625 0.1171875 0.0693359375
0 0.20263671875 0.94677734375 0.1201171875 0.1064453125
0 0.25634765625 0.89306640625 0.0615234375 0.0771484375
0 0.50927734375 0.96826171875 0.0576171875 0.0537109375
0 0.55517578125 0.984375 0.0458984375 0.03125
0 0.69580078125 0.90185546875 0.0810546875 0.0908203125
0 0.7880859375 0.54638671875 0.09375 0.1181640625
0 0.84521484375 0.6865234375 0.1259765625 0.1640625
0 0.9638671875 0.654296875 0.072265625 0.14453125
0 0.9814453125 0.53466796875 0.037109375 0.0751953125
0 0.81005859375 0.2587890625 0.1455078125 0.0703125
0 0.89697265625 0.31787109375 0.1201171875 0.0869140625
0 0.892578125 0.9482421875 0.07421875 0.103515625
0 0.96923828125 0.0654296875 0.0615234375 0.111328125
0 0.90478515625 0.02294921875 0.0849609375 0.0458984375
