0 0.42822265625 0.8447265625 0.0771484375 0.080078125
0 0.77734375 0.6396484375 0.115234375 0.099609375
0 0.9306640625 0.484375 0.107421875 0.080078125
0 0.35498046875 0.56884765625 0.1455078125 0.1220703125
0 0.2314453125 0.7294921875 0.107421875 0.107421875
0 0.4521484375 0.46044921875 0.099609375 0.0927734375
0 0.90576171875 0.17724609375 0.1142578125 0.0673828125
0 0.9375 0.373046875 0.099609375 0.072265625
0 0.8310546875 0.25341796875 0.087890625 0.0478515625
0 0.255859375 0.95361328125 0.08203125 0.0927734375
0 0.67333984375 0.45166015625 0.1669921875 0.1298828125
0 0.69580078125 0.81103515625 0.0869140625 0.0927734375
0 0.294921875 0.09716796875 0.076171875 0.0966796875
0 0.734375 0.34716796875 0.08984375 0.0693359375
0 0.17822265625 0.05859375 0.0732421875 0.0625
0 0.2216796875 0.3759765625 0.08984375 0.072265625
0 0.9306640625 0.640625 0.087890625 0.078125
0 0.09716796875 0.408203125 0.0947265625 0.08203125
0 0.13232421875 0.77587890625 0.0751953125 0.0830078125
0 0.9375 0.02294921875 0.08984375 0.0458984375
0 0.7021484375 0.9521484375 0.115234375 0.095703125
0 0.85205078125 0.82958984375 0.1396484375 0.1044921875
0 0.76708984375 0.943359375 0.0966796875 0.09765625
0 0.78515625 0.1884765625 0.09765625 0.08203125
0 0.16064453125 0.97607421875 0.0771484375 0.0478515625
0 0.974609375 0.60693359375 0.05078125 0.0849609375
0 0.15576171875 0.19677734375 0.0478515625 0.0654296875
0 0.30029296875 0.0283203125 0.0537109375 0.044921875
0 0.85498046875 0.95166015625 0.0927734375 0.0810546875
0 0.9326171875 0.9697265625 0.04296875 0.048828125
