0 0.0107421875 0.03955078125 0.021484375 0.0791015625
0 0.02490234375 0.48291015625 0.0498046875 0.0556640625
0 0.09814453125 0.513671875 0.0576171875 0.072265625
0 0.1044921875 0.40576171875 0.05859375 0.0478515625
0 0.19921875 0.40478515625 0.0546875 0.0576171875
0 0.125 0.19677734375 0.0546875 0.0634765625
0 0.1298828125 0.24365234375 0.10546875 0.0654296875
0 0.2861328125 0.23095703125 0.0703125 0.0966796875
0 0.3623046875 0.140625 0.0625 0.11328125
0 0.6455078125 0.27978515625 0.099609375 0.0693359375
0 0.43896484375 0.36962890625 0.0830078125 0.1044921875
0 0.2607421875 0.54150390625 0.0703125 0.0751953125
0 0.30810546875 0.6201171875 0.0712890625 0.060546875
0 0.68017578125 0.5654296875 0.0615234375 0.07421875
0 0.76708984375 0.427734375 0.0986328125 0.080078125
0 0.77392578125 0.20263671875 0.1162109375 0.0771484375
0 0.93994140625 0.21728515625 0.1201171875 0.0791015625
0 0.9306640625 0.0361328125 0.07421875 0.072265625
0 0.9072265625 0.0908203125 0.0625 0.052734375
0 0.638671875 0.02197265625 0.087890625 0.0439453125
0 0.6494140625 0.06103515625 0.1015625 0.0654296875
0 0.60888671875 0.13623046875 0.1162109375 0.0830078125
0 0.0166015625 0.6787109375 0.033203125 0.072265625
0 0.044921875 0.759765625 0.08984375 0.0625
0 0.33154296875 0.8388671875 0.0791015625 0.1171875
0 0.40478515625 0.84423828125 0.0634765625 0.0712890625
0 0.484375 0.79736328125 0.06640625 0.0556640625
0 0.49853515625 0.74658203125 0.0830078125 0.0615234375
0 0.3984375 0.6884765625 0.083984375 0.083984375
0 0.68310546875 0.80810546875 0.0830078125 0.1044921875
0 0.80615234375 0.7412109375 0.0732421875 0.0546875
0 0.861328125 0.79296875 0.087890625 0.068359375
0 0.94482421875 0.8447265625 0.1103515625 0.099609375
0 0.96728515625 0.67724609375 0.0654296875 0.0849609375
0 0.5283203125 0.8984375 0.056640625 0.091796875
0 0.599609375 0.96533203125 0.091796875 0.0693359375
0 0.263671875 0.87158203125 0.076171875 0.0673828125
0 0.1875 0.84423828125 0.068359375 0.0634765625
0 0.22998046875 0.9521484375 0.0732421875 0.080078125
0 0.037109375 0.912109375 0.0625 0.08984375
0 0.02001953125 0.8583984375 0.0400390625 0.076171875
0 0.10888671875 0.87841796875 0.0654296875 0.0732421875
0 0.2373046875 0.43505859375 0.087890625 0.0771484375
