0 0.0126953125 0.27587890625 0.025390625 0.0654296875
0 0.09326171875 0.1845703125 0.0771484375 0.076171875
0 0.22265625 0.03125 0.06640625 0.0625
0 0.4287109375 0.02197265625 0.0703125 0.0439453125
0 0.44921875 0.07373046875 0.109375 0.0947265625
0 0.57958984375 0.09765625 0.0869140625 0.07421875
0 0.7138671875 0.169921875 0.10546875 0.076171875
0 0.6982421875 0.20947265625 0.052734375 0.0615234375
0 0.76416015625 0.244140625 0.1181640625 0.140625
0 0.84716796875 0.2353515625 0.0439453125 0.076171875
0 0.904296875 0.392578125 0.087890625 0.080078125
0 0.966796875 0.357421875 0.05859375 0.080078125
0 0.97119140625 0.435546875 0.0576171875 0.068359375
0 0.958984375 0.59912109375 0.056640625 0.0849609375
0 0.75634765625 0.49853515625 0.0615234375 0.0693359375
0 0.8134765625 0.48876953125 0.08984375 0.0751953125
0 0.52001953125 0.35107421875 0.0615234375 0.0908203125
0 0.4619140625 0.44482421875 0.0703125 0.0673828125
0 0.36865234375 0.3583984375 0.0732421875 0.119140625
0 0.2109375 0.3681640625 0.052734375 0.0859375
0 0.1865234375 0.44482421875 0.080078125 0.1025390625
0 0.2275390625 0.4228515625 0.0859375 0.052734375
0 0.2705078125 0.5634765625 0.091796875 0.083984375
0 0.5234375 0.54638671875 0.0625 0.1025390625
0 0.765625 0.572265625 0.072265625 0.064453125
0 0.638671875 0.6982421875 0.06640625 0.1328125
0 0.6806640625 0.73486328125 0.0703125 0.0537109375
0 0.73486328125 0.8046875 0.0615234375 0.076171875
0 0.7333984375 0.8818359375 0.0859375 0.076171875
0 0.91015625 0.8115234375 0.068359375 0.07421875
0 0.27978515625 0.6708984375 0.0693359375 0.06640625
0 0.31494140625 0.796875 0.0712890625 0.078125
0 0.37548828125 0.85888671875 0.1005859375 0.0927734375
0 0.1591796875 0.81787109375 0.06640625 0.0654296875
0 0.14013671875 0.873046875 0.0712890625 0.0625
0 0.033203125 0.666015625 0.05859375 0.0703125
0 0.03125 0.603515625 0.0625 0.076171875
0 0.0517578125 0.36962890625 0.080078125 0.0693359375
0 0.10986328125 0.53564453125 0.0615234375 0.0712890625
0 0.1201171875 0.6044921875 0.080078125 0.072265625
0 0.1611328125 0.6748046875 0.080078125 0.056640625
0 0.41796875 0.9892578125 0.068359375 0.021484375
0 0.7470703125 0.970703125 0.06640625 0.056640625
0 0.705078125 0.9892578125 0.0625 0.021484375
0 0.96826171875 0.8125 0.0400390625 0.05859375
0 0.57421875 0.7158203125 0.0625 0.080078125
0 0.40478515625 0.17822265625 0.0654296875 0.0654296875
0 0.10205078125 0.08056640625 0.0556640625 0.0498046875
0 0.56591796875 0.53125 0.0498046875 0.07421875
0 0.8974609375 0.056640625 0.05078125 0.06640625
0 0.677734375 0.44287109375 0.0703125 0.0693359375
0 0.9541015625 0.67236328125 0.05078125 0.0380859375
0 0.5830078125 0.9853515625 0.05859375 0.029296875
0 0.04736328125 0.73388671875 0.0576171875 0.0615234375
0 0.16943359375 0.53857421875 0.0771484375 0.0595703125
