0 0.255859375 0.37451171875 0.0546875 0.0908203125
0 0.87353515625 0.365234375 0.0654296875 0.09765625
0 0.06494140625 0.0458984375 0.0400390625 0.091796875
0 0.71337890625 0.6328125 0.0517578125 0.103515625
0 0.69384765625 0.0390625 0.0732421875 0.078125
0 0.15966796875 0.44921875 0.0888671875 0.099609375
0 0.0869140625 0.4228515625 0.083984375 0.107421875
0 0.7998046875 0.119140625 0.052734375 0.091796875
0 0.96728515625 0.359375 0.0537109375 0.08203125
0 0.70556640625 0.68359375 0.0439453125 0.09375
0 0.501953125 0.373046875 0.044921875 0.083984375
0 0.94921875 0.29931640625 0.037109375 0.0849609375
0 0.7998046875 0.93798828125 0.080078125 0.0830078125
0 0.45947265625 0.06103515625 0.0634765625 0.1220703125
0 0.7353515625 0.83447265625 0.056640625 0.0830078125
0 0.54345703125 0.66650390625 0.0458984375 0.0869140625
0 0.392578125 0.81689453125 0.095703125 0.0771484375
0 0.0341796875 0.04638671875 0.05078125 0.0908203125
0 0.43212890625 0.96533203125 0.0732421875 0.0693359375
0 0.974609375 0.6708984375 0.041015625 0.103515625
0 0.07421875 0.9384765625 0.05859375 0.0625
0 0.29248046875 0.138671875 0.0732421875 0.060546875
0 0.06640625 0.54296875 0.125 0.048828125
0 0.94189453125 0.4326171875 0.0830078125 0.123046875
0 0.486328125 0.568359375 0.0625 0.091796875
0 0.03076171875 0.142578125 0.0380859375 0.083984375
0 0.166015625 0.212890625 0.05859375 0.060546875
0 0.91064453125 0.76708984375 0.0947265625 0.0654296875
0 0.05517578125 0.78564453125 0.1103515625 0.0947265625
0 0.63720703125 0.27001953125 0.0283203125 0.0634765625
0 0.98486328125 0.79150390625 0.0302734375 0.0849609375
0 0.45068359375 0.75146484375 0.0947265625 0.0751953125
0 0.75048828125 0.0478515625 0.0322265625 0.091796875
0 0.74853515625 0.3330078125 0.1044921875 0.087890625
0 0.1533203125 0.56103515625 0.060546875 0.0751953125
0 0.15185546875 0.751953125 0.0908203125 0.068359375
0 0.5634765625 0.06494140625 0.078125 0.1298828125
0 0.828125 0.703125 0.02734375 0.05859375
0 0.57666015625 0.89404296875 0.0615234375 0.0322265625
0 0.00830078125 0.537109375 0.0166015625 0.05859375
0 0.0126953125 0.4716796875 0.025390625 0.05078125
0 0.732421875 0.9619140625 0.068359375 0.07421875
0 0.20654296875 0.611328125 0.0771484375 0.04296875
0 0.29736328125 0.95068359375 0.0537109375 0.0830078125
0 0.8857421875 0.03125 0.0390625 0.0625
0 0.97607421875 0.0712890625 0.0478515625 0.13671875
0 0.50341796875 0.48095703125 0.0634765625 0.0615234375
0 0.47119140625 0.29296875 0.0400390625 0.072265625
0 0.822265625 0.591796875 0.046875 0.072265625
0 0.56298828125 0.84033203125 0.0478515625 0.0361328125
0 0.86181640625 0.85205078125 0.0322265625 0.0517578125
0 0.30126953125 0.814453125 0.0478515625 0.025390625
0 0.341796875 0.326171875 0.046875 0.072265625
0 0.08349609375 0.85498046875 0.0751953125 0.0498046875
0 0.24658203125 0.5712890625 0.0654296875 0.04296875
0 0.87060546875 0.5830078125 0.0791015625 0.072265625
0 0.65625 0.87060546875 0.03125 0.0791015625
0 0.13232421875 0.9111328125 0.0810546875 0.046875
0 0.31591796875 0.880859375 0.0712890625 0.064453125
0 0.4609375 0.49267578125 0.0546875 0.0966796875
0 0.41357421875 0.4765625 0.0341796875 0.05859375
0 0.2138671875 0.86279296875 0.0546875 0.0498046875
0 0.23583984375 0.0888671875 0.0751953125 0.052734375
0 0.45068359375 0.1728515625 0.0380859375 0.064453125
0 0.66552734375 0.69482421875 0.0224609375 0.0673828125
0 0.71533203125 0.2607421875 0.0556640625 0.04296875
0 0.30224609375 0.74267578125 0.0849609375 0.0517578125
0 0.10595703125 0.98583984375 0.0341796875 0.0283203125
0 0.06982421875 0.650390625 0.0400390625 0.04296875
0 0.36865234375 0.021484375 0.0400390625 0.04296875
0 0.609375 0.83740234375 0.052734375 0.0419921875
