0 0.05419921875 0.056640625 0.1083984375 0.0703125
0 0.033203125 0.21630859375 0.06640625 0.1494140625
0 0.095703125 0.27978515625 0.09765625 0.0771484375
0 0.04296875 0.52001953125 0.06640625 0.0751953125
0 0.05419921875 0.712890625 0.0751953125 0.107421875
0 0.26611328125 0.7236328125 0.0810546875 0.134765625
0 0.00830078125 0.876953125 0.0166015625 0.056640625
0 0.07861328125 0.94140625 0.0615234375 0.087890625
0 0.29296875 0.9296875 0.068359375 0.072265625
0 0.22265625 0.958984375 0.05859375 0.05859375
0 0.13427734375 0.8759765625 0.0595703125 0.05859375
0 0.3720703125 0.5791015625 0.07421875 0.07421875
0 0.408203125 0.66455078125 0.109375 0.1201171875
0 0.546875 0.65966796875 0.115234375 0.1005859375
0 0.58251953125 0.724609375 0.1064453125 0.083984375
0 0.615234375 0.93115234375 0.146484375 0.1064453125
0 0.962890625 0.962890625 0.07421875 0.05078125
0 0.97412109375 0.9072265625 0.0517578125 0.05078125
0 0.9638671875 0.841796875 0.072265625 0.0625
0 0.9384765625 0.69482421875 0.09765625 0.0673828125
0 0.8955078125 0.76416015625 0.060546875 0.0478515625
0 0.7578125 0.68505859375 0.095703125 0.0947265625
0 0.642578125 0.55224609375 0.076171875 0.0849609375
0 0.70556640625 0.40869140625 0.0693359375 0.0673828125
0 0.767578125 0.28369140625 0.13671875 0.0791015625
0 0.89453125 0.45361328125 0.076171875 0.0849609375
0 0.8173828125 0.4755859375 0.130859375 0.13671875
0 0.966796875 0.40087890625 0.06640625 0.0810546875
0 0.38525390625 0.02099609375 0.0849609375 0.0419921875
0 0.56884765625 0.12353515625 0.0888671875 0.0654296875
0 0.39404296875 0.26220703125 0.1005859375 0.0595703125
0 0.2861328125 0.287109375 0.0703125 0.0625
0 0.3388671875 0.14990234375 0.044921875 0.0615234375
0 0.2080078125 0.05810546875 0.05859375 0.0634765625
0 0.140625 0.60693359375 0.0625 0.0615234375
0 0.2568359375 0.4482421875 0.056640625 0.056640625
0 0.02099609375 0.3525390625 0.0419921875 0.076171875
0 0.796875 0.869140625 0.068359375 0.056640625
0 0.29248046875 0.61328125 0.0986328125 0.08203125
0 0.32763671875 0.41015625 0.0634765625 0.0703125
0 0.509765625 0.509765625 0.06640625 0.05859375
0 0.7724609375 0.37451171875 0.080078125 0.0830078125
