0 0.00732421875 0.31201171875 0.0146484375 0.0673828125
0 0.0810546875 0.29833984375 0.109375 0.0751953125
0 0.12451171875 0.2119140625 0.0888671875 0.1328125
0 0.0283203125 0.1064453125 0.056640625 0.048828125
0 0.056640625 0.06884765625 0.11328125 0.1123046875
0 0.23193359375 0.08056640625 0.0693359375 0.1005859375
0 0.17724609375 0.0537109375 0.0595703125 0.107421875
0 0.19970703125 0.166015625 0.0576171875 0.078125
0 0.29345703125 0.333984375 0.0927734375 0.076171875
0 0.322265625 0.25830078125 0.21875 0.0673828125
0 0.44970703125 0.0966796875 0.0537109375 0.0859375
0 0.5263671875 0.19873046875 0.162109375 0.1474609375
0 0.638671875 0.3203125 0.0859375 0.123046875
0 0.529296875 0.0537109375 0.0546875 0.107421875
0 0.7373046875 0.2236328125 0.13671875 0.09375
0 0.79150390625 0.16015625 0.0654296875 0.10546875
0 0.0888671875 0.57080078125 0.12109375 0.1923828125
0 0.0283203125 0.76025390625 0.056640625 0.1396484375
0 0.06396484375 0.80810546875 0.0712890625 0.0830078125
0 0.08154296875 0.68701171875 0.0947265625 0.0751953125
0 0.17822265625 0.73291015625 0.0458984375 0.0556640625
0 0.15771484375 0.77587890625 0.0751953125 0.0654296875
0 0.2109375 0.67626953125 0.064453125 0.0576171875
0 0.23486328125 0.74169921875 0.0478515625 0.0537109375
0 0.56103515625 0.634765625 0.1083984375 0.1328125
0 0.50048828125 0.79736328125 0.0751953125 0.0693359375
0 0.39208984375 0.7724609375 0.0693359375 0.068359375
0 0.265625 0.83544921875 0.109375 0.1630859375
0 0.3076171875 0.853515625 0.142578125 0.150390625
0 0.1455078125 0.9248046875 0.103515625 0.150390625
0 0.02294921875 0.9736328125 0.0458984375 0.052734375
0 0.5029296875 0.94677734375 0.134765625 0.1064453125
0 0.7314453125 0.76806640625 0.0859375 0.0751953125
0 0.986328125 0.7119140625 0.02734375 0.12890625
0 0.95556640625 0.85498046875 0.0888671875 0.0927734375
0 0.833984375 0.8486328125 0.134765625 0.09765625
0 0.90185546875 0.7001953125 0.0673828125 0.15625
0 0.8818359375 0.50634765625 0.099609375 0.1982421875
0 0.95849609375 0.57080078125 0.0830078125 0.1162109375
0 0.8974609375 0.10205078125 0.181640625 0.0830078125
0 0.900390625 0.1630859375 0.0859375 0.072265625
0 0.1220703125 0.01953125 0.0390625 0.0390625
0 0.78662109375 0.267578125 0.0400390625 0.0390625
0 0.9228515625 0.8896484375 0.095703125 0.1484375
