0 0.38427734375 0.021484375 0.0830078125 0.04296875
0 0.4091796875 0.07666015625 0.083984375 0.0849609375
0 0.47607421875 0.1787109375 0.0888671875 0.091796875
0 0.640625 0.0634765625 0.083984375 0.05859375
0 0.7236328125 0.1162109375 0.0625 0.064453125
0 0.5556640625 0.1123046875 0.060546875 0.076171875
0 0.119140625 0.26171875 0.06640625 0.068359375
0 0.0439453125 0.2646484375 0.0625 0.07421875
0 0.130859375 0.3505859375 0.119140625 0.09375
0 0.42138671875 0.36376953125 0.0595703125 0.0634765625
0 0.205078125 0.42236328125 0.076171875 0.0791015625
0 0.3095703125 0.48876953125 0.12890625 0.0712890625
0 0.4345703125 0.49365234375 0.056640625 0.0751953125
0 0.1533203125 0.5361328125 0.09375 0.078125
0 0.0400390625 0.568359375 0.07421875 0.0859375
0 0.0322265625 0.423828125 0.060546875 0.076171875
0 0.0634765625 0.765625 0.0859375 0.076171875
0 0.16943359375 0.7666015625 0.0712890625 0.07421875
0 0.28857421875 0.80615234375 0.0615234375 0.0673828125
0 0.1259765625 0.873046875 0.126953125 0.09765625
0 0.28955078125 0.91845703125 0.0927734375 0.0888671875
0 0.79296875 0.96484375 0.06640625 0.0703125
0 0.92138671875 0.96875 0.0869140625 0.0625
0 0.75830078125 0.8798828125 0.0732421875 0.076171875
0 0.6572265625 0.8154296875 0.123046875 0.0859375
0 0.52880859375 0.86767578125 0.1259765625 0.0693359375
0 0.533203125 0.91748046875 0.080078125 0.0654296875
0 0.79248046875 0.7646484375 0.0732421875 0.130859375
0 0.88330078125 0.75146484375 0.0654296875 0.1142578125
0 0.71875 0.64599609375 0.07421875 0.1142578125
0 0.6220703125 0.5849609375 0.0703125 0.064453125
0 0.53076171875 0.65087890625 0.0673828125 0.0888671875
0 0.6142578125 0.69140625 0.09765625 0.12109375
0 0.6630859375 0.46630859375 0.134765625 0.0908203125
0 0.8359375 0.40478515625 0.07421875 0.0888671875
0 0.75439453125 0.39599609375 0.0654296875 0.0673828125
0 0.9404296875 0.578125 0.068359375 0.068359375
0 0.9501953125 0.69482421875 0.080078125 0.1162109375
0 0.6044921875 0.25732421875 0.0703125 0.0947265625
0 0.68212890625 0.3056640625 0.0654296875 0.083984375
0 0.708984375 0.232421875 0.140625 0.173828125
0 0.80126953125 0.24462890625 0.0830078125 0.0615234375
0 0.9306640625 0.32763671875 0.080078125 0.0771484375
0 0.939453125 0.09423828125 0.12109375 0.1025390625
0 0.76220703125 0.20947265625 0.0556640625 0.0576171875
0 0.98876953125 0.24853515625 0.0224609375 0.0439453125
0 0.09765625 0.982421875 0.12109375 0.03515625
0 0.2470703125 0.3251953125 0.03515625 0.052734375
0 0.859375 0.501953125 0.044921875 0.052734375
0 0.82861328125 0.3076171875 0.0654296875 0.052734375
