0 0.24658203125 0.51318359375 0.1103515625 0.0576171875
0 0.8857421875 0.119140625 0.107421875 0.091796875
0 0.89794921875 0.66064453125 0.0927734375 0.0830078125
0 0.59423828125 0.34912109375 0.1044921875 0.1533203125
0 0.85205078125 0.18359375 0.1064453125 0.080078125
0 0.50830078125 0.9150390625 0.0576171875 0.095703125
0 0.302734375 0.46142578125 0.138671875 0.0830078125
0 0.6962890625 0.4267578125 0.130859375 0.1171875
0 0.91015625 0.951171875 0.087890625 0.09765625
0 0.14013671875 0.66015625 0.1435546875 0.103515625
0 0.0009765625 0.83642578125 0.001953125 0.1005859375
0 0.369140625 0.1953125 0.12109375 0.078125
0 0.451171875 0.06689453125 0.06640625 0.1298828125
0 0.5498046875 0.1865234375 0.087890625 0.09765625
0 0.34326171875 0.533203125 0.1201171875 0.1171875
0 0.9111328125 0.56884765625 0.177734375 0.1669921875
0 0.22265625 0.02587890625 0.142578125 0.0498046875
0 0.376953125 0.77490234375 0.103515625 0.2158203125
0 0.84423828125 0.3837890625 0.2158203125 0.083984375
0 0.03369140625 0.0107421875 0.0673828125 0.021484375
0 0.72265625 0.837890625 0.099609375 0.0625
0 0.87158203125 0.85009765625 0.0791015625 0.0908203125
0 0.9326171875 0.77587890625 0.125 0.0712890625
0 0.46142578125 0.1171875 0.0537109375 0.072265625
0 0.3583984375 0.9482421875 0.048828125 0.0390625
0 0.275390625 0.17138671875 0.0546875 0.0810546875
0 0.9189453125 0.02099609375 0.06640625 0.0419921875
0 0.30224609375 0.0107421875 0.0673828125 0.021484375
