0 0.50146484375 0.90625 0.0693359375 0.0703125
0 0.568359375 0.93896484375 0.0859375 0.0478515625
0 0.0830078125 0.11572265625 0.166015625 0.1181640625
0 0.5166015625 0.828125 0.080078125 0.060546875
0 0.931640625 0.0009765625 0.11328125 0.001953125
0 0.9609375 0.43017578125 0.076171875 0.1435546875
0 0.29052734375 0.18701171875 0.0869140625 0.1533203125
0 0.90380859375 0.67822265625 0.0830078125 0.0966796875
0 0.32666015625 0.1650390625 0.1025390625 0.1328125
0 0.12890625 0.2470703125 0.087890625 0.09375
0 0.62353515625 0.83837890625 0.0966796875 0.0927734375
0 0.966796875 0.3251953125 0.06640625 0.103515625
0 0.595703125 0.18798828125 0.09765625 0.1005859375
0 0.57958984375 0.1025390625 0.1591796875 0.09375
0 0.1064453125 0.11376953125 0.1328125 0.1142578125
0 0.9736328125 0.7451171875 0.052734375 0.087890625
0 0.783203125 0.6484375 0.09375 0.126953125
0 0.91162109375 0.18603515625 0.1064453125 0.1103515625
0 0.1728515625 0.02197265625 0.0859375 0.0439453125
0 0.1826171875 0.6669921875 0.08203125 0.09765625
0 0.4892578125 0.33642578125 0.083984375 0.0810546875
0 0.44482421875 0.95166015625 0.0576171875 0.0556640625
0 0.38623046875 0.982421875 0.0888671875 0.03515625
0 0.3525390625 0.91357421875 0.080078125 0.0654296875
0 0.27294921875 0.90478515625 0.0810546875 0.0849609375
0 0.60498046875 0.4638671875 0.1005859375 0.083984375
0 0.51318359375 0.494140625 0.0712890625 0.10546875
0 0.4228515625 0.51513671875 0.076171875 0.0966796875
0 0.29052734375 0.5205078125 0.0888671875 0.07421875
0 0.2529296875 0.05126953125 0.091796875 0.0478515625
