0 0.56298828125 0.18994140625 0.1318359375 0.1044921875
0 0.9287109375 0.556640625 0.142578125 0.279296875
0 0.376953125 0.7373046875 0.10546875 0.19140625
0 0.33740234375 0.041015625 0.1298828125 0.08203125
0 0.39697265625 0.19091796875 0.1845703125 0.2177734375
0 0.7265625 0.3037109375 0.2421875 0.154296875
0 0.7529296875 0.369140625 0.16015625 0.072265625
0 0.61083984375 0.5009765625 0.1982421875 0.1171875
0 0.1044921875 0.4169921875 0.205078125 0.169921875
0 0.22216796875 0.31103515625 0.0673828125 0.0673828125
0 0.63134765625 0.6220703125 0.4228515625 0.12109375
0 0.32177734375 0.58203125 0.2001953125 0.310546875
0 0.49560546875 0.03271484375 0.0771484375 0.0654296875
0 0.4794921875 0.69970703125 0.169921875 0.1396484375
0 0.29443359375 0.38720703125 0.1455078125 0.3798828125
0 0.78076171875 0.48583984375 0.2822265625 0.2314453125
0 0.1240234375 0.89306640625 0.248046875 0.2138671875
0 0.28662109375 0.1171875 0.1298828125 0.10546875
