0 0.50048828125 0.06591796875 0.1416015625 0.1318359375
0 0.70849609375 0.31982421875 0.1533203125 0.1259765625
0 0.02099609375 0.13037109375 0.0419921875 0.1474609375
0 0.24853515625 0.5126953125 0.1103515625 0.115234375
0 0.53955078125 0.4765625 0.0791015625 0.09765625
0 0.6572265625 0.7021484375 0.130859375 0.216796875
0 0.7998046875 0.712890625 0.103515625 0.212890625
0 0.1083984375 0.5673828125 0.12109375 0.125
0 0.390625 0.61181640625 0.123046875 0.2021484375
0 0.14208984375 0.01171875 0.1123046875 0.0234375
0 0.0634765625 0.09130859375 0.0625 0.0673828125
0 0.06005859375 0.01904296875 0.0615234375 0.0380859375
0 0.0556640625 0.28857421875 0.0625 0.0556640625
0 0.130859375 0.43798828125 0.072265625 0.0673828125
0 0.01171875 0.50390625 0.0234375 0.0703125
0 0.1884765625 0.6015625 0.05859375 0.060546875
0 0.1982421875 0.681640625 0.072265625 0.087890625
0 0.0263671875 0.63916015625 0.052734375 0.1533203125
0 0.05029296875 0.76904296875 0.0634765625 0.0966796875
0 0.01123046875 0.85693359375 0.0224609375 0.1083984375
0 0.06640625 0.94140625 0.076171875 0.1171875
0 0.18994140625 0.89453125 0.0810546875 0.154296875
0 0.14794921875 0.97021484375 0.0498046875 0.0595703125
0 0.298828125 0.95361328125 0.06640625 0.0927734375
0 0.39599609375 0.85693359375 0.0791015625 0.0595703125
0 0.4248046875 0.970703125 0.0859375 0.05859375
0 0.51806640625 0.87548828125 0.1279296875 0.1162109375
0 0.82666015625 0.86865234375 0.1083984375 0.1162109375
0 0.9697265625 0.48486328125 0.060546875 0.0712890625
0 0.978515625 0.58642578125 0.04296875 0.0751953125
0 0.68017578125 0.5576171875 0.1298828125 0.0703125
0 0.62841796875 0.49267578125 0.0947265625 0.0712890625
0 0.71630859375 0.0458984375 0.0693359375 0.091796875
0 0.8095703125 0.16845703125 0.10546875 0.1220703125
0 0.8388671875 0.099609375 0.091796875 0.10546875
