0 0.01953125 0.06982421875 0.0390625 0.0947265625
0 0.01953125 0.33447265625 0.0390625 0.0966796875
0 0.0302734375 0.25 0.056640625 0.07421875
0 0.0244140625 0.82177734375 0.048828125 0.1005859375
0 0.0205078125 0.986328125 0.041015625 0.02734375
0 0.2646484375 0.86767578125 0.068359375 0.1298828125
0 0.400390625 0.806640625 0.125 0.228515625
0 0.2626953125 0.66943359375 0.0703125 0.0947265625
0 0.47705078125 0.638671875 0.0986328125 0.150390625
0 0.5498046875 0.615234375 0.1015625 0.060546875
0 0.59130859375 0.5595703125 0.2041015625 0.083984375
0 0.345703125 0.4326171875 0.0625 0.123046875
0 0.28271484375 0.46240234375 0.1103515625 0.1533203125
0 0.19873046875 0.52685546875 0.0732421875 0.1181640625
0 0.26123046875 0.583984375 0.0791015625 0.060546875
0 0.11474609375 0.390625 0.1474609375 0.068359375
0 0.072265625 0.4521484375 0.083984375 0.14453125
0 0.51220703125 0.2314453125 0.0595703125 0.111328125
0 0.30419921875 0.16064453125 0.1337890625 0.0673828125
0 0.1865234375 0.14111328125 0.064453125 0.0556640625
0 0.0849609375 0.0673828125 0.083984375 0.078125
0 0.39013671875 0.13818359375 0.1240234375 0.0615234375
0 0.58642578125 0.16064453125 0.0791015625 0.1142578125
0 0.73974609375 0.24609375 0.1044921875 0.111328125
0 0.66162109375 0.455078125 0.1064453125 0.068359375
0 0.75146484375 0.466796875 0.0966796875 0.091796875
0 0.712890625 0.548828125 0.091796875 0.0859375
0 0.66064453125 0.083984375 0.2138671875 0.09765625
0 0.759765625 0.03857421875 0.064453125 0.0771484375
0 0.3310546875 0.03076171875 0.0703125 0.0615234375
0 0.8203125 0.01025390625 0.12109375 0.0205078125
0 0.9580078125 0.015625 0.083984375 0.03125
0 0.96533203125 0.20703125 0.0693359375 0.076171875
0 0.978515625 0.14990234375 0.04296875 0.0400390625
0 0.93212890625 0.05859375 0.0791015625 0.060546875
0 0.82421875 0.53759765625 0.09765625 0.0810546875
0 0.90869140625 0.4609375 0.1455078125 0.115234375
0 0.97900390625 0.55126953125 0.0419921875 0.0830078125
0 0.9365234375 0.59326171875 0.060546875 0.0615234375
0 0.93701171875 0.65625 0.1025390625 0.08984375
0 0.8779296875 0.70263671875 0.11328125 0.0849609375
0 0.5302734375 0.80224609375 0.072265625 0.0751953125
0 0.70263671875 0.82763671875 0.0888671875 0.0654296875
0 0.84912109375 0.79052734375 0.0654296875 0.0673828125
0 0.97412109375 0.80029296875 0.0517578125 0.0869140625
0 0.89306640625 0.9287109375 0.1376953125 0.13671875
0 0.69775390625 0.95263671875 0.1103515625 0.0751953125
0 0.48974609375 0.97509765625 0.0791015625 0.0498046875
0 0.5556640625 0.953125 0.076171875 0.07421875
0 0.57373046875 0.9853515625 0.0849609375 0.029296875
0 0.27392578125 0.5478515625 0.0537109375 0.0546875
0 0.1357421875 0.47314453125 0.05859375 0.0712890625
0 0.31884765625 0.2041015625 0.0654296875 0.0625
0 0.4912109375 0.08837890625 0.052734375 0.0576171875
0 0.48876953125 0.02490234375 0.0400390625 0.0400390625
0 0.96923828125 0.12548828125 0.0615234375 0.0478515625
0 0.95556640625 0.09814453125 0.0732421875 0.0751953125
0 0.0390625 0.4130859375 0.044921875 0.0625
0 0.732421875 0.34375 0.064453125 0.076171875
