0 0.36865234375 0.61572265625 0.1435546875 0.1220703125
0 0.06884765625 0.11572265625 0.1240234375 0.1669921875
0 0.15673828125 0.81103515625 0.1103515625 0.1123046875
0 0.72021484375 0.30224609375 0.1298828125 0.1025390625
0 0.2880859375 0.08984375 0.09765625 0.134765625
0 0.10693359375 0.546875 0.1455078125 0.150390625
0 0.14208984375 0.275390625 0.1083984375 0.09765625
0 0.8095703125 0.68798828125 0.1796875 0.1474609375
0 0.818359375 0.0771484375 0.203125 0.14453125
0 0.04736328125 0.44091796875 0.0947265625 0.1376953125
0 0.14697265625 0.6435546875 0.1044921875 0.11328125
0 0.42578125 0.2509765625 0.123046875 0.16796875
0 0.109375 0.54052734375 0.150390625 0.1572265625
0 0.5751953125 0.32421875 0.078125 0.072265625
0 0.265625 0.28076171875 0.126953125 0.1123046875
0 0.36083984375 0.75341796875 0.0771484375 0.0927734375
0 0.95751953125 0.27880859375 0.0849609375 0.1162109375
0 0.224609375 0.03857421875 0.08984375 0.0673828125
0 0.4482421875 0.505859375 0.072265625 0.072265625
0 0.53857421875 0.935546875 0.0771484375 0.072265625
0 0.95849609375 0.94580078125 0.0830078125 0.0966796875
0 0.18408203125 0.48486328125 0.1005859375 0.1025390625
