0 0.2880859375 0.91552734375 0.095703125 0.0673828125
0 0.16552734375 0.84033203125 0.0751953125 0.0693359375
0 0.09521484375 0.77978515625 0.1064453125 0.0654296875
0 0.20556640625 0.42041015625 0.1572265625 0.0771484375
0 0.2373046875 0.70849609375 0.072265625 0.0732421875
0 0.306640625 0.78564453125 0.130859375 0.0615234375
0 0.369140625 0.728515625 0.142578125 0.087890625
0 0.5087890625 0.65771484375 0.060546875 0.0927734375
0 0.51220703125 0.5234375 0.0966796875 0.111328125
0 0.69091796875 0.56787109375 0.0712890625 0.1025390625
0 0.55615234375 0.72021484375 0.0615234375 0.0673828125
0 0.6162109375 0.7314453125 0.072265625 0.078125
0 0.74267578125 0.75341796875 0.1435546875 0.0771484375
0 0.87451171875 0.794921875 0.0947265625 0.078125
0 0.83154296875 0.84619140625 0.0517578125 0.0947265625
0 0.5947265625 0.82275390625 0.103515625 0.1494140625
0 0.82373046875 0.6484375 0.1376953125 0.064453125
0 0.923828125 0.6005859375 0.1171875 0.0625
0 0.9189453125 0.4560546875 0.0703125 0.08984375
0 0.97216796875 0.44873046875 0.0556640625 0.0849609375
0 0.44873046875 0.1806640625 0.0654296875 0.099609375
0 0.14453125 0.3349609375 0.126953125 0.052734375
0 0.18359375 0.30126953125 0.09765625 0.0556640625
0 0.419921875 0.3251953125 0.09375 0.046875
0 0.32373046875 0.38818359375 0.0595703125 0.0595703125
0 0.24755859375 0.22900390625 0.0673828125 0.0517578125
0 0.2021484375 0.26220703125 0.064453125 0.0458984375
0 0.2626953125 0.310546875 0.05078125 0.0546875
0 0.16455078125 0.2021484375 0.0615234375 0.0703125
0 0.06787109375 0.01806640625 0.0771484375 0.0361328125
0 0.89599609375 0.8974609375 0.0986328125 0.056640625
0 0.9794921875 0.88427734375 0.041015625 0.1474609375
0 0.63720703125 0.087890625 0.1318359375 0.091796875
0 0.63671875 0.1865234375 0.111328125 0.087890625
0 0.5126953125 0.12255859375 0.08984375 0.0556640625
0 0.8671875 0.02197265625 0.1015625 0.0439453125
0 0.9345703125 0.08544921875 0.072265625 0.1201171875
0 0.2607421875 0.56884765625 0.076171875 0.0888671875
0 0.30859375 0.59521484375 0.041015625 0.0693359375
0 0.35546875 0.5546875 0.0859375 0.09375
0 0.2861328125 0.48583984375 0.08984375 0.0732421875
0 0.68017578125 0.64208984375 0.0751953125 0.0439453125
