0 0.02099609375 0.0693359375 0.0419921875 0.064453125
0 0.0615234375 0.02099609375 0.0859375 0.0419921875
0 0.2998046875 0.08251953125 0.080078125 0.0673828125
0 0.1357421875 0.13232421875 0.072265625 0.1064453125
0 0.0888671875 0.181640625 0.0859375 0.158203125
0 0.0224609375 0.3896484375 0.044921875 0.08203125
0 0.01611328125 0.48779296875 0.0322265625 0.0869140625
0 0.09716796875 0.53076171875 0.0791015625 0.0771484375
0 0.21484375 0.51220703125 0.080078125 0.0654296875
0 0.40478515625 0.45458984375 0.1064453125 0.0771484375
0 0.2373046875 0.7275390625 0.125 0.076171875
0 0.21630859375 0.80224609375 0.0693359375 0.0576171875
0 0.03076171875 0.912109375 0.0576171875 0.103515625
0 0.08740234375 0.91259765625 0.0712890625 0.0810546875
0 0.4580078125 0.908203125 0.068359375 0.13671875
0 0.5927734375 0.95947265625 0.1015625 0.0810546875
0 0.740234375 0.9765625 0.078125 0.046875
0 0.93798828125 0.9638671875 0.1181640625 0.072265625
0 0.91650390625 0.69775390625 0.0830078125 0.0888671875
0 0.8408203125 0.61572265625 0.103515625 0.0791015625
0 0.92529296875 0.60498046875 0.0654296875 0.0771484375
0 0.68505859375 0.67626953125 0.0751953125 0.0615234375
0 0.6884765625 0.54248046875 0.0625 0.0732421875
0 0.6376953125 0.46240234375 0.09375 0.0595703125
0 0.490234375 0.69140625 0.076171875 0.091796875
0 0.578125 0.58935546875 0.0859375 0.0791015625
0 0.5146484375 0.59716796875 0.068359375 0.0712890625
0 0.35595703125 0.634765625 0.0615234375 0.103515625
0 0.4150390625 0.61083984375 0.0859375 0.0791015625
0 0.27587890625 0.5869140625 0.0712890625 0.068359375
0 0.61767578125 0.38720703125 0.1181640625 0.0791015625
0 0.52685546875 0.2646484375 0.1005859375 0.09765625
0 0.7646484375 0.171875 0.0625 0.076171875
0 0.6181640625 0.09521484375 0.076171875 0.0927734375
0 0.75146484375 0.04296875 0.1005859375 0.0859375
0 0.5263671875 0.03271484375 0.07421875 0.0654296875
0 0.4638671875 0.03515625 0.056640625 0.0703125
0 0.38427734375 0.0234375 0.0927734375 0.046875
0 0.74462890625 0.921875 0.0869140625 0.076171875
0 0.31494140625 0.61181640625 0.0673828125 0.0615234375
0 0.78564453125 0.33251953125 0.0712890625 0.0849609375
0 0.19189453125 0.013671875 0.1083984375 0.02734375
