0 0.70458984375 0.0654296875 0.0654296875 0.11328125
0 0.14892578125 0.0634765625 0.0869140625 0.08203125
0 0.40380859375 0.423828125 0.0693359375 0.0625
0 0.7509765625 0.70849609375 0.095703125 0.0634765625
0 0.611328125 0.65673828125 0.087890625 0.0498046875
0 0.43212890625 0.25537109375 0.0537109375 0.0927734375
0 0.32177734375 0.77099609375 0.0791015625 0.1025390625
0 0.77099609375 0.5009765625 0.0478515625 0.087890625
0 0.990234375 0.0556640625 0.01953125 0.080078125
0 0.5048828125 0.17578125 0.142578125 0.0625
0 0.81005859375 0.28662109375 0.0673828125 0.0869140625
0 0.31298828125 0.521484375 0.0908203125 0.060546875
0 0.28759765625 0.203125 0.0927734375 0.07421875
0 0.55419921875 0.5576171875 0.0634765625 0.052734375
0 0.01611328125 0.89208984375 0.0302734375 0.0517578125
0 0.4560546875 0.03125 0.060546875 0.0625
0 0.162109375 0.56689453125 0.078125 0.0634765625
0 0.07568359375 0.7587890625 0.0771484375 0.064453125
0 0.13330078125 0.296875 0.0869140625 0.107421875
0 0.072265625 0.83544921875 0.091796875 0.0537109375
0 0.38671875 0.4931640625 0.046875 0.072265625
0 0.76318359375 0.0283203125 0.0478515625 0.0546875
0 0.08935546875 0.33984375 0.0908203125 0.048828125
0 0.07763671875 0.9716796875 0.1337890625 0.052734375
0 0.10107421875 0.49560546875 0.0888671875 0.1181640625
0 0.47216796875 0.904296875 0.0576171875 0.048828125
0 0.15087890625 0.02490234375 0.0712890625 0.0478515625
0 0.38134765625 0.0244140625 0.0439453125 0.048828125
0 0.25390625 0.02099609375 0.076171875 0.0419921875
0 0.91796875 0.78076171875 0.06640625 0.0615234375
0 0.94091796875 0.09716796875 0.0654296875 0.1396484375
0 0.87744140625 0.69287109375 0.0576171875 0.0595703125
0 0.212890625 0.87451171875 0.05078125 0.0771484375
0 0.37255859375 0.2275390625 0.0615234375 0.04296875
0 0.93212890625 0.6025390625 0.0751953125 0.037109375
0 0.2138671875 0.66064453125 0.076171875 0.0478515625
0 0.28759765625 0.42822265625 0.0986328125 0.0537109375
0 0.228515625 0.78759765625 0.060546875 0.0322265625
0 0.6220703125 0.48583984375 0.05078125 0.0517578125
0 0.14111328125 0.69921875 0.0673828125 0.044921875
0 0.41650390625 0.787109375 0.0361328125 0.083984375
0 0.38037109375 0.52734375 0.1298828125 0.0859375
0 0.94140625 0.97412109375 0.0859375 0.0419921875
0 0.69091796875 0.39697265625 0.0888671875 0.0478515625
0 0.84619140625 0.6142578125 0.0537109375 0.052734375
0 0.1826171875 0.61962890625 0.076171875 0.0341796875
0 0.95361328125 0.40771484375 0.0732421875 0.0458984375
0 0.31005859375 0.54833984375 0.0615234375 0.0595703125
0 0.0400390625 0.01416015625 0.060546875 0.0263671875
0 0.5576171875 0.8984375 0.0859375 0.041015625
0 0.23779296875 0.97998046875 0.1005859375 0.0400390625
0 0.4677734375 0.984375 0.087890625 0.02734375
0 0.578125 0.51611328125 0.048828125 0.0712890625
0 0.13525390625 0.14697265625 0.0986328125 0.0849609375
0 0.9677734375 0.51171875 0.064453125 0.087890625
0 0.482421875 0.79931640625 0.064453125 0.0517578125
0 0.29736328125 0.60546875 0.0791015625 0.041015625
0 0.59423828125 0.5830078125 0.0712890625 0.0390625
0 0.04931640625 0.5458984375 0.0361328125 0.046875
0 0.40673828125 0.77001953125 0.0888671875 0.0673828125
0 0.16015625 0.77734375 0.115234375 0.119140625
0 0.404296875 0.59814453125 0.041015625 0.0400390625
0 0.2724609375 0.7734375 0.04296875 0.03515625
0 0.9443359375 0.0263671875 0.033203125 0.052734375
0 0.03857421875 0.43359375 0.0478515625 0.080078125
0 0.75341796875 0.0341796875 0.0439453125 0.052734375
0 0.13134765625 0.74658203125 0.0556640625 0.0634765625
0 0.07373046875 0.19140625 0.1064453125 0.041015625
0 0.0595703125 0.08203125 0.087890625 0.068359375
0 0.4404296875 0.65771484375 0.08984375 0.0693359375
0 0.69140625 0.5263671875 0.041015625 0.05078125
0 0.65576171875 0.5546875 0.0732421875 0.0703125
0 0.8671875 0.76416015625 0.046875 0.0419921875
0 0.421875 0.90966796875 0.10546875 0.0849609375
0 0.853515625 0.88818359375 0.076171875 0.0458984375
0 0.29736328125 0.9775390625 0.0966796875 0.041015625
