0 0.64404296875 0.2919921875 0.0791015625 0.1328125
0 0.2177734375 0.57958984375 0.140625 0.0673828125
0 0.08251953125 0.947265625 0.1650390625 0.068359375
0 0.31103515625 0.24072265625 0.3037109375 0.0751953125
0 0.4130859375 0.08203125 0.078125 0.1640625
0 0.220703125 0.7724609375 0.109375 0.255859375
0 0.2255859375 0.8740234375 0.1875 0.1640625
0 0.46435546875 0.28662109375 0.2255859375 0.0810546875
0 0.26904296875 0.05029296875 0.0830078125 0.1005859375
0 0.76025390625 0.32763671875 0.0966796875 0.1435546875
0 0.91064453125 0.7861328125 0.1044921875 0.091796875
0 0.53759765625 0.97021484375 0.0693359375 0.0595703125
0 0.3154296875 0.365234375 0.111328125 0.17578125
0 0.80224609375 0.57470703125 0.1201171875 0.1474609375
0 0.09423828125 0.44970703125 0.1103515625 0.1494140625
0 0.76123046875 0.23828125 0.1259765625 0.06640625
0 0.25 0.31884765625 0.083984375 0.1044921875
0 0.89599609375 0.72509765625 0.1181640625 0.0810546875
0 0.72607421875 0.146484375 0.0693359375 0.09765625
0 0.09765625 0.06884765625 0.1953125 0.1220703125
0 0.31982421875 0.95654296875 0.0927734375 0.0869140625
0 0.162109375 0.400390625 0.1796875 0.1171875
0 0.51220703125 0.37744140625 0.0771484375 0.1044921875
0 0.5654296875 0.33447265625 0.072265625 0.1201171875
0 0.630859375 0.98779296875 0.1171875 0.0244140625
0 0.0712890625 0.013671875 0.142578125 0.02734375
0 0.22998046875 0.9853515625 0.0673828125 0.029296875
0 0.73046875 0.017578125 0.07421875 0.03515625
0 0.4873046875 0.08447265625 0.09375 0.1689453125
0 0.94384765625 0.29443359375 0.0849609375 0.1650390625
0 0.6787109375 0.453125 0.072265625 0.12890625
0 0.65087890625 0.57470703125 0.0966796875 0.1044921875
0 0.55908203125 0.4873046875 0.1689453125 0.0859375
0 0.462890625 0.615234375 0.095703125 0.06640625
0 0.40771484375 0.55859375 0.1240234375 0.1640625
0 0.41357421875 0.65380859375 0.1259765625 0.0556640625
0 0.41357421875 0.77197265625 0.0791015625 0.1904296875
0 0.49072265625 0.779296875 0.2412109375 0.091796875
0 0.6103515625 0.837890625 0.068359375 0.078125
0 0.56591796875 0.74853515625 0.2060546875 0.1884765625
0 0.671875 0.79736328125 0.13671875 0.0478515625
0 0.70654296875 0.74951171875 0.1845703125 0.0615234375
0 0.5419921875 0.6455078125 0.15234375 0.158203125
0 0.70068359375 0.67333984375 0.2216796875 0.0732421875
0 0.19287109375 0.955078125 0.1826171875 0.060546875
0 0.41015625 0.05517578125 0.15234375 0.0791015625
