0 0.15966796875 0.0400390625 0.0771484375 0.06640625
0 0.07373046875 0.07958984375 0.0537109375 0.0634765625
0 0.10400390625 0.1416015625 0.0556640625 0.056640625
0 0.15478515625 0.18115234375 0.0712890625 0.0810546875
0 0.21826171875 0.2314453125 0.0712890625 0.083984375
0 0.34130859375 0.26123046875 0.0751953125 0.0615234375
0 0.29443359375 0.3134765625 0.0595703125 0.087890625
0 0.08349609375 0.45849609375 0.0791015625 0.0908203125
0 0.5458984375 0.015625 0.083984375 0.03125
0 0.48486328125 0.0458984375 0.0869140625 0.091796875
0 0.3349609375 0.02392578125 0.06640625 0.0439453125
0 0.34033203125 0.13427734375 0.0634765625 0.0673828125
0 0.43017578125 0.1845703125 0.0791015625 0.068359375
0 0.564453125 0.13427734375 0.080078125 0.0791015625
0 0.7041015625 0.0849609375 0.06640625 0.0703125
0 0.9248046875 0.02294921875 0.056640625 0.0458984375
0 0.93603515625 0.08203125 0.0556640625 0.048828125
0 0.02392578125 0.5380859375 0.0478515625 0.060546875
0 0.0673828125 0.8408203125 0.099609375 0.0625
0 0.0302734375 0.62646484375 0.060546875 0.0517578125
0 0.328125 0.49755859375 0.111328125 0.1005859375
0 0.44091796875 0.4521484375 0.0712890625 0.07421875
0 0.455078125 0.33740234375 0.09375 0.0634765625
0 0.45166015625 0.25439453125 0.0712890625 0.0595703125
0 0.732421875 0.3125 0.09375 0.072265625
0 0.88330078125 0.15478515625 0.0732421875 0.0556640625
0 0.90087890625 0.4140625 0.0439453125 0.0546875
0 0.6396484375 0.6669921875 0.08203125 0.080078125
0 0.416015625 0.61376953125 0.087890625 0.0732421875
0 0.3505859375 0.58544921875 0.080078125 0.0771484375
0 0.2646484375 0.6396484375 0.08984375 0.0703125
0 0.4580078125 0.5224609375 0.0546875 0.068359375
0 0.17333984375 0.97216796875 0.0693359375 0.0556640625
0 0.6357421875 0.9228515625 0.0703125 0.107421875
0 0.5166015625 0.87646484375 0.0546875 0.0537109375
0 0.53564453125 0.8046875 0.0810546875 0.060546875
0 0.48779296875 0.94775390625 0.0615234375 0.0517578125
0 0.3046875 0.8076171875 0.08984375 0.068359375
0 0.88427734375 0.73681640625 0.0927734375 0.0634765625
0 0.857421875 0.794921875 0.07421875 0.0859375
0 0.484375 0.66748046875 0.044921875 0.0595703125
0 0.728515625 0.7783203125 0.05078125 0.0625
0 0.45361328125 0.87353515625 0.0615234375 0.0458984375
