0 0.39453125 0.470703125 0.076171875 0.09765625
0 0.927734375 0.51171875 0.072265625 0.080078125
0 0.25439453125 0.67529296875 0.0751953125 0.0849609375
0 0.236328125 0.1943359375 0.08984375 0.072265625
0 0.68603515625 0.5986328125 0.0673828125 0.0703125
0 0.5302734375 0.16845703125 0.080078125 0.1103515625
0 0.841796875 0.1142578125 0.080078125 0.09375
0 0.046875 0.69775390625 0.09375 0.0517578125
0 0.58544921875 0.50048828125 0.0732421875 0.0908203125
0 0.92138671875 0.9248046875 0.1005859375 0.0859375
0 0.73681640625 0.21240234375 0.0830078125 0.1455078125
0 0.72216796875 0.35986328125 0.1044921875 0.1162109375
0 0.84521484375 0.3095703125 0.1103515625 0.0546875
0 0.99169921875 0.072265625 0.0166015625 0.068359375
0 0.50537109375 0.2216796875 0.0673828125 0.078125
0 0.78076171875 0.12158203125 0.0712890625 0.1103515625
0 0.7705078125 0.384765625 0.0546875 0.103515625
0 0.1767578125 0.17236328125 0.078125 0.0947265625
0 0.4833984375 0.572265625 0.080078125 0.0546875
0 0.61376953125 0.29345703125 0.1240234375 0.0712890625
0 0.40869140625 0.8076171875 0.0478515625 0.1171875
0 0.29443359375 0.6171875 0.0908203125 0.0703125
0 0.5791015625 0.580078125 0.138671875 0.078125
0 0.1953125 0.5751953125 0.08984375 0.060546875
0 0.810546875 0.822265625 0.09765625 0.0859375
0 0.58447265625 0.3291015625 0.1298828125 0.0703125
0 0.9287109375 0.23779296875 0.087890625 0.0654296875
0 0.5966796875 0.90185546875 0.095703125 0.0439453125
0 0.12939453125 0.88525390625 0.1181640625 0.0732421875
0 0.17333984375 0.6123046875 0.1103515625 0.044921875
0 0.8505859375 0.81689453125 0.068359375 0.0712890625
0 0.92822265625 0.3203125 0.0458984375 0.08984375
0 0.29150390625 0.32421875 0.0849609375 0.056640625
0 0.15380859375 0.841796875 0.1201171875 0.11328125
0 0.876953125 0.25732421875 0.033203125 0.0947265625
0 0.45263671875 0.87939453125 0.1220703125 0.0419921875
0 0.4228515625 0.576171875 0.115234375 0.083984375
0 0.271484375 0.93115234375 0.08984375 0.0615234375
0 0.07275390625 0.05419921875 0.0556640625 0.0537109375
0 0.24169921875 0.96533203125 0.1025390625 0.0693359375
0 0.875 0.02099609375 0.0390625 0.0419921875
0 0.55859375 0.029296875 0.05078125 0.05859375
0 0.6162109375 0.78125 0.076171875 0.037109375
0 0.845703125 0.52294921875 0.046875 0.0791015625
0 0.279296875 0.02490234375 0.044921875 0.0498046875
0 0.36328125 0.29931640625 0.103515625 0.1494140625
0 0.02392578125 0.63330078125 0.0478515625 0.0458984375
0 0.05126953125 0.4755859375 0.0947265625 0.08984375
0 0.83349609375 0.470703125 0.0751953125 0.099609375
0 0.42333984375 0.1201171875 0.0849609375 0.10546875
0 0.978515625 0.74169921875 0.04296875 0.0400390625
0 0.9423828125 0.16748046875 0.03125 0.0986328125
0 0.14013671875 0.0400390625 0.0517578125 0.056640625
0 0.021484375 0.548828125 0.04296875 0.068359375
0 0.828125 0.9541015625 0.0625 0.029296875
0 0.0517578125 0.6787109375 0.103515625 0.083984375
0 0.697265625 0.908203125 0.134765625 0.103515625
0 0.88818359375 0.9716796875 0.0595703125 0.05078125
0 0.41748046875 0.97216796875 0.0908203125 0.0537109375
0 0.9462890625 0.97119140625 0.05078125 0.0517578125
0 0.544921875 0.02880859375 0.044921875 0.0556640625
0 0.2255859375 0.4404296875 0.064453125 0.142578125
0 0.94677734375 0.23291015625 0.0634765625 0.0556640625
0 0.10595703125 0.0078125 0.0634765625 0.015625
0 0.02587890625 0.20458984375 0.0517578125 0.0517578125
0 0.74658203125 0.97021484375 0.0791015625 0.0595703125
0 0.2705078125 0.85009765625 0.11328125 0.0419921875
0 0.48779296875 0.623046875 0.0751953125 0.07421875
0 0.494140625 0.859375 0.1015625 0.060546875
0 0.12158203125 0.9013671875 0.1474609375 0.083984375
