0 0.293945 0.59375 0.0527344 0.0390625 
0 0.730469 0.105957 0.0585938 0.0419922 
0 0.395996 0.78418 0.106445 0.0410156 
0 0.951172 0.0185547 0.09375 0.0371094 
0 0.96582 0.0585938 0.0664062 0.0410156 
0 0.325684 0.871582 0.0556641 0.0595703 
0 0.277344 0.705566 0.0878906 0.0380859 
0 0.0366211 0.397949 0.0693359 0.0478516 
0 0.884766 0.317871 0.0820312 0.0478516 
0 0.828613 0.896484 0.0791016 0.0683594 
0 0.541016 0.871094 0.0585938 0.0585938 
0 0.137695 0.824219 0.0507812 0.0585938 
0 0.822266 0.401855 0.0859375 0.114258 
