0 0.980469 0.855469 0.0390625 0.0742188 
0 0.589844 0.97168 0.0644531 0.0566406 
0 0.843262 0.0327148 0.0595703 0.0634766 
0 0.0175781 0.701172 0.0351562 0.0625 
0 0.472168 0.78418 0.0751953 0.0839844 
0 0.844727 0.790527 0.0644531 0.0498047 
0 0.34082 0.0327148 0.0644531 0.0654297 
0 0.644531 0.741211 0.046875 0.0585938 
0 0.537109 0.775391 0.0703125 0.0742188 
0 0.0898438 0.725586 0.0742188 0.0761719 
0 0.586914 0.689453 0.0957031 0.111328 
0 0.759277 0.264648 0.0595703 0.0585938 
0 0.243652 0.845703 0.0537109 0.0546875 
0 0.398926 0.804688 0.0869141 0.0703125 
0 0.0410156 0.646484 0.0820312 0.0683594 
0 0.144531 0.52002 0.0625 0.0732422 
0 0.225098 0.617676 0.0634766 0.0830078 
0 0.918945 0.809082 0.0605469 0.0654297 
0 0.171875 0.671875 0.0625 0.0742188 
0 0.369629 0.290527 0.0751953 0.0751953 
0 0.116699 0.594238 0.0947266 0.0634766 
0 0.148926 0.260742 0.174805 0.0761719 
0 0.0913086 0.869141 0.0634766 0.105469 
0 0.921875 0.103027 0.0703125 0.0732422 
0 0.578125 0.913086 0.109375 0.0722656 
0 0.0947266 0.493164 0.0546875 0.0625 
0 0.422363 0.698242 0.0771484 0.0722656 
0 0.722656 0.327148 0.0644531 0.0644531 
0 0.288574 0.76709 0.0712891 0.0693359 
0 0.313477 0.204102 0.0800781 0.0761719 
0 0.933594 0.735352 0.0625 0.0839844 
0 0.765625 0.207031 0.0625 0.0625 
0 0.789062 0.152832 0.0585938 0.0693359 
0 0.396973 0.588867 0.0830078 0.0683594 
0 0.157227 0.0722656 0.078125 0.0761719 
0 0.708984 0.697754 0.0703125 0.102539 
0 0.808594 0.59082 0.0820312 0.0839844 
0 0.557617 0.516602 0.0996094 0.109375 
0 0.943359 0.607422 0.101562 0.0703125 
0 0.493652 0.143555 0.12207 0.078125 
0 0.763672 0.4375 0.0664062 0.0683594 
