0 0.0678711 0.265625 0.0810547 0.0390625 
0 0.414062 0.845703 0.113281 0.0410156 
0 0.0439453 0.741211 0.0878906 0.0429688 
0 0.769531 0.756836 0.09375 0.0410156 
0 0.127441 0.166016 0.0419922 0.0585938 
0 0.400879 0.88623 0.108398 0.0537109 
0 0.194336 0.55957 0.115234 0.0605469 
0 0.944824 0.122559 0.110352 0.0439453 
0 0.0844727 0.819336 0.161133 0.0449219 
0 0.740234 0.400391 0.0390625 0.107422 
0 0.674316 0.881836 0.139648 0.0761719 
0 0.532227 0.87207 0.126953 0.0644531 
0 0.931641 0.227539 0.0585938 0.0332031 
0 0.17627 0.74707 0.0634766 0.0449219 
0 0.704102 0.286133 0.115234 0.123047 
0 0.156738 0.635742 0.133789 0.0449219 
0 0.616699 0.168457 0.100586 0.0478516 
0 0.515625 0.0205078 0.0546875 0.0410156 
0 0.0756836 0.316406 0.102539 0.0410156 
0 0.537109 0.454102 0.0585938 0.0488281 
0 0.897949 0.172852 0.0771484 0.0449219 
0 0.633789 0.598145 0.115234 0.0439453 
0 0.430176 0.0961914 0.0380859 0.0732422 
0 0.812988 0.793945 0.0673828 0.0527344 
0 0.976562 0.380371 0.046875 0.147461 
0 0.888184 0.649414 0.0673828 0.0488281 
0 0.397949 0.463379 0.0888672 0.0439453 
0 0.34668 0.529297 0.0527344 0.0859375 
0 0.437012 0.152344 0.131836 0.078125 
0 0.54541 0.104004 0.0693359 0.0888672 
0 0.475586 0.258789 0.0761719 0.0410156 
0 0.550781 0.160156 0.0625 0.046875 
0 0.399414 0.771484 0.0878906 0.046875 
0 0.325684 0.29541 0.0986328 0.0439453 
0 0.278809 0.196289 0.0654297 0.0546875 
0 0.573242 0.0898438 0.0722656 0.0585938 
0 0.743164 0.0839844 0.0449219 0.0839844 
0 0.461426 0.972656 0.120117 0.0507812 
0 0.19873 0.119629 0.0439453 0.0654297 
0 0.605957 0.483398 0.0986328 0.0957031 
0 0.366211 0.159668 0.0800781 0.0517578 
0 0.815918 0.376953 0.0732422 0.0585938 
0 0.0371094 0.484375 0.0488281 0.0527344 
0 0.50293 0.327637 0.078125 0.0830078 
0 0.291504 0.357422 0.0908203 0.0898438 
0 0.723633 0.458496 0.0488281 0.0712891 
0 0.133789 0.398438 0.107422 0.101562 
0 0.901367 0.349121 0.0683594 0.112305 
