0 0.262207 0.848633 0.0830078 0.0839844 
0 0.741699 0.441895 0.178711 0.0673828 
0 0.574219 0.0717773 0.09375 0.114258 
0 0.710449 0.198242 0.0830078 0.0703125 
0 0.0454102 0.17627 0.0908203 0.0771484 
0 0.802734 0.125488 0.117188 0.0556641 
0 0.726074 0.73584 0.120117 0.0615234 
0 0.141602 0.292969 0.183594 0.0703125 
0 0.887695 0.806641 0.0605469 0.0820312 
0 0.854004 0.741211 0.0927734 0.0878906 
0 0.404785 0.699219 0.0751953 0.0664062 
0 0.504883 0.90918 0.09375 0.111328 
0 0.492188 0.617676 0.101562 0.0732422 
0 0.327148 0.104492 0.105469 0.0703125 
0 0.292969 0.640625 0.0800781 0.0742188 
0 0.429688 0.470215 0.179688 0.0947266 
0 0.0795898 0.871582 0.116211 0.0927734 
0 0.369141 0.173828 0.113281 0.0976562 
0 0.526367 0.196289 0.150391 0.0703125 
0 0.544434 0.117188 0.149414 0.0761719 
0 0.0717773 0.725586 0.108398 0.138672 
0 0.934082 0.86084 0.0810547 0.102539 
0 0.41748 0.102539 0.0712891 0.105469 
