0 0.602539 0.335938 0.0839844 0.0742188 
0 0.630859 0.409668 0.0625 0.0634766 
0 0.231445 0.0444336 0.0722656 0.0830078 
0 0.329102 0.880859 0.0703125 0.0585938 
0 0.286621 0.731445 0.0751953 0.0644531 
0 0.265137 0.40918 0.0732422 0.0761719 
0 0.848145 0.265625 0.0615234 0.0820312 
0 0.208008 0.966309 0.0683594 0.0654297 
0 0.680664 0.519043 0.0683594 0.0751953 
0 0.703125 0.616211 0.0917969 0.0605469 
0 0.450684 0.114746 0.0732422 0.0849609 
0 0.475586 0.726562 0.0605469 0.046875 
0 0.114258 0.828125 0.0703125 0.09375 
0 0.830078 0.96875 0.0742188 0.0625 
0 0.351074 0.975098 0.0751953 0.0498047 
0 0.469727 0.862305 0.0566406 0.0683594 
0 0.54248 0.837402 0.0537109 0.0595703 
0 0.0751953 0.0385742 0.0683594 0.0771484 
0 0.790039 0.677734 0.0800781 0.0605469 
0 0.635742 0.969727 0.0800781 0.0605469 
