0 0.246094 0.556641 0.0546875 0.0957031 
0 0.0893555 0.50293 0.0615234 0.0917969 
0 0.117676 0.597656 0.0576172 0.0742188 
0 0.911621 0.21582 0.0673828 0.0878906 
0 0.786133 0.248047 0.0527344 0.0761719 
0 0.59082 0.13623 0.0683594 0.0615234 
0 0.299805 0.980469 0.0527344 0.0390625 
0 0.611328 0.206055 0.0820312 0.0703125 
0 0.331055 0.56543 0.0839844 0.0644531 
0 0.202148 0.199219 0.0800781 0.0644531 
0 0.961914 0.662109 0.0761719 0.128906 
0 0.402344 0.972656 0.0585938 0.0546875 
0 0.471191 0.774414 0.143555 0.113281 
0 0.637695 0.279297 0.115234 0.0664062 
0 0.363281 0.487305 0.0976562 0.0683594 
0 0.819336 0.131348 0.0742188 0.112305 
0 0.953125 0.362305 0.09375 0.123047 
0 0.241211 0.944336 0.0488281 0.0800781 
0 0.0795898 0.927246 0.0830078 0.145508 
0 0.252441 0.727539 0.116211 0.0644531 
