0 0.820801 0.1875 0.104492 0.109375 
0 0.779297 0.971191 0.0898438 0.0576172 
0 0.345215 0.430664 0.0810547 0.115234 
0 0.356445 0.672852 0.0839844 0.0996094 
0 0.280762 0.263184 0.0810547 0.0791016 
0 0.0351562 0.0644531 0.0703125 0.113281 
0 0.949219 0.732422 0.078125 0.109375 
0 0.638672 0.521973 0.154297 0.0927734 
0 0.74707 0.128906 0.0683594 0.0800781 
0 0.885254 0.914062 0.0732422 0.105469 
0 0.425781 0.23877 0.101562 0.0927734 
0 0.303711 0.964844 0.0839844 0.0703125 
0 0.764648 0.542969 0.0898438 0.0800781 
0 0.243164 0.209473 0.0878906 0.0966797 
0 0.40918 0.102051 0.0644531 0.0810547 
0 0.788086 0.439941 0.078125 0.0849609 
0 0.463867 0.517578 0.134766 0.0820312 
0 0.0605469 0.790039 0.121094 0.123047 
0 0.074707 0.152832 0.0986328 0.0888672 
0 0.043457 0.586914 0.0869141 0.0878906 
0 0.330566 0.900879 0.0751953 0.0771484 
0 0.338379 0.116211 0.102539 0.140625 
0 0.176758 0.84375 0.144531 0.136719 
0 0.916016 0.48877 0.0898438 0.15918 
0 0.641602 0.408203 0.146484 0.111328 
