0 0.942383 0.936523 0.0410156 0.0488281 
0 0.0302734 0.651367 0.0605469 0.0917969 
0 0.0283203 0.109863 0.0566406 0.0634766 
0 0.231445 0.0161133 0.0644531 0.0322266 
0 0.764648 0.521973 0.0527344 0.0556641 
0 0.227539 0.975586 0.0839844 0.0449219 
0 0.0268555 0.814941 0.0537109 0.0556641 
0 0.293457 0.470215 0.0576172 0.0458984 
0 0.128906 0.526367 0.0859375 0.046875 
0 0.382324 0.556152 0.0419922 0.0791016 
0 0.0888672 0.81543 0.109375 0.0664062 
0 0.70459 0.668945 0.0439453 0.0449219 
0 0.406738 0.833984 0.104492 0.0488281 
0 0.0825195 0.169434 0.114258 0.0634766 
0 0.0644531 0.772461 0.0761719 0.0566406 
0 0.693359 0.0634766 0.0859375 0.0332031 
0 0.780273 0.279785 0.0566406 0.0791016 
0 0.401367 0.930664 0.0761719 0.0332031 
0 0.459961 0.833984 0.121094 0.101562 
0 0.839355 0.255371 0.0439453 0.0439453 
0 0.764648 0.492676 0.0742188 0.0439453 
0 0.69043 0.181152 0.0605469 0.0537109 
0 0.219727 0.0698242 0.0839844 0.0498047 
0 0.199707 0.416016 0.0966797 0.0507812 
0 0.923828 0.838379 0.0351562 0.0771484 
0 0.646484 0.530273 0.0605469 0.0566406 
0 0.188965 0.824219 0.0927734 0.0429688 
0 0.204102 0.308594 0.0742188 0.0429688 
0 0.779297 0.466309 0.078125 0.0830078 
0 0.554199 0.311035 0.0673828 0.0400391 
0 0.244141 0.774414 0.078125 0.0664062 
0 0.21582 0.529297 0.0761719 0.0507812 
0 0.0942383 0.213867 0.0693359 0.0878906 
0 0.134277 0.172852 0.0830078 0.0722656 
0 0.0683594 0.855957 0.0664062 0.0458984 
0 0.572266 0.165039 0.125 0.0546875 
0 0.619141 0.597168 0.0625 0.0634766 
0 0.870117 0.675293 0.0742188 0.0537109 
0 0.578613 0.44043 0.0634766 0.0996094 
0 0.1875 0.918945 0.0683594 0.0566406 
0 0.483398 0.135254 0.0566406 0.0517578 
0 0.13623 0.427734 0.0810547 0.0703125 
0 0.881836 0.288086 0.0527344 0.0644531 
0 0.683594 0.213379 0.0742188 0.0576172 
0 0.0810547 0.90625 0.078125 0.078125 
0 0.263184 0.498047 0.0478516 0.0859375 
0 0.464355 0.151855 0.0576172 0.0517578 
0 0.432617 0.439941 0.0722656 0.143555 
0 0.0322266 0.222656 0.0644531 0.0722656 
0 0.600586 0.225586 0.0449219 0.0761719 
0 0.864258 0.18457 0.0839844 0.0839844 
0 0.757812 0.409668 0.0703125 0.0712891 
0 0.0756836 0.541992 0.0986328 0.0683594 
0 0.96582 0.703125 0.0683594 0.0742188 
0 0.299805 0.187988 0.0488281 0.0830078 
0 0.924316 0.0581055 0.0517578 0.0947266 
0 0.499023 0.259277 0.0761719 0.0595703 
0 0.763672 0.758301 0.101562 0.0751953 
0 0.643555 0.354492 0.0527344 0.0664062 
0 0.442383 0.259277 0.0761719 0.0634766 
0 0.772949 0.196777 0.0791016 0.0888672 
0 0.104004 0.103027 0.100586 0.0869141 
0 0.503906 0.361328 0.0820312 0.0917969 
0 0.859375 0.610352 0.0859375 0.0644531 
0 0.361816 0.150391 0.0693359 0.0839844 
0 0.895508 0.427246 0.0683594 0.0986328 
