0 0.0551758 0.0688477 0.0673828 0.0791016 
0 0.626953 0.111328 0.175781 0.0722656 
0 0.891602 0.845703 0.177734 0.121094 
0 0.898926 0.77832 0.192383 0.0644531 
0 0.764648 0.531738 0.0761719 0.149414 
0 0.584961 0.193848 0.115234 0.0595703 
0 0.151367 0.368652 0.226562 0.0810547 
0 0.0332031 0.530762 0.0664062 0.0810547 
0 0.606934 0.735352 0.0791016 0.0742188 
0 0.157227 0.689453 0.0566406 0.09375 
0 0.140137 0.0478516 0.125977 0.0878906 
0 0.116211 0.918945 0.0507812 0.0625 
0 0.380371 0.626465 0.188477 0.100586 
0 0.0249023 0.453613 0.0498047 0.0810547 
0 0.791992 0.977539 0.164062 0.0449219 
0 0.947266 0.881836 0.105469 0.0605469 
0 0.0761719 0.642578 0.0820312 0.0703125 
0 0.558105 0.823242 0.0947266 0.0566406 
0 0.495117 0.519531 0.146484 0.0546875 
0 0.479004 0.230957 0.135742 0.166992 
0 0.738281 0.0527344 0.152344 0.0957031 
0 0.473145 0.789062 0.0791016 0.0625 
0 0.128418 0.213867 0.0810547 0.0644531 
0 0.275879 0.832031 0.165039 0.113281 
0 0.0932617 0.871582 0.0673828 0.0615234 
0 0.512695 0.665527 0.201172 0.0830078 
0 0.625977 0.379395 0.0878906 0.112305 
0 0.489258 0.96582 0.150391 0.0644531 
0 0.956055 0.648438 0.0859375 0.09375 
0 0.946289 0.0336914 0.107422 0.0673828 
0 0.357422 0.884766 0.0820312 0.101562 
0 0.26123 0.636719 0.0830078 0.09375 
0 0.59668 0.0522461 0.125 0.104492 
0 0.229492 0.19043 0.130859 0.103516 
0 0.555664 0.563477 0.138672 0.119141 
0 0.390625 0.78418 0.113281 0.0703125 
0 0.115723 0.445312 0.12793 0.109375 
0 0.208496 0.101562 0.0751953 0.132812 
