0 0.614258 0.482422 0.193359 0.0976562 
0 0.421875 0.750488 0.0683594 0.0634766 
0 0.565918 0.258789 0.131836 0.179688 
0 0.640625 0.0986328 0.078125 0.197266 
0 0.549805 0.446777 0.125 0.145508 
0 0.851074 0.317871 0.104492 0.151367 
0 0.505859 0.397949 0.0859375 0.225586 
0 0.973633 0.435059 0.0527344 0.145508 
0 0.415039 0.234375 0.0742188 0.0878906 
0 0.642578 0.921387 0.15625 0.12793 
0 0.463379 0.645996 0.0888672 0.0947266 
0 0.692383 0.229004 0.103516 0.188477 
0 0.480469 0.260742 0.0742188 0.212891 
0 0.962891 0.165039 0.0742188 0.146484 
0 0.334961 0.16748 0.0585938 0.0732422 
0 0.882812 0.0463867 0.111328 0.0576172 
0 0.780762 0.174316 0.0693359 0.0810547 
0 0.380859 0.452637 0.113281 0.227539 
0 0.491699 0.820312 0.0869141 0.152344 
0 0.249512 0.197754 0.0849609 0.0947266 
0 0.519531 0.666016 0.121094 0.121094 
0 0.591797 0.673828 0.0820312 0.115234 
