0 0.0336914 0.498047 0.0673828 0.0625 
0 0.520508 0.344727 0.0839844 0.0722656 
0 0.584961 0.963867 0.0546875 0.0722656 
0 0.255371 0.197266 0.135742 0.0644531 
0 0.834961 0.395508 0.134766 0.0996094 
0 0.0395508 0.139648 0.0556641 0.0644531 
0 0.755859 0.146973 0.0976562 0.0712891 
0 0.239746 0.666016 0.0830078 0.0800781 
0 0.824219 0.233398 0.103516 0.101562 
0 0.767578 0.829102 0.119141 0.0722656 
0 0.287109 0.483398 0.0566406 0.0957031 
0 0.950195 0.517578 0.0800781 0.113281 
0 0.0366211 0.227051 0.0712891 0.0771484 
0 0.61084 0.442871 0.0693359 0.145508 
0 0.137207 0.836914 0.0654297 0.0957031 
0 0.938965 0.63916 0.0673828 0.116211 
