0 0.411133 0.219727 0.0605469 0.0566406 
0 0.953125 0.569336 0.09375 0.0742188 
0 0.742676 0.0986328 0.0634766 0.0820312 
0 0.51123 0.980957 0.0869141 0.0380859 
0 0.369141 0.508789 0.09375 0.0644531 
0 0.506836 0.540039 0.0976562 0.0527344 
0 0.36084 0.407227 0.0673828 0.103516 
0 0.737305 0.1875 0.0878906 0.0585938 
0 0.644043 0.757812 0.0732422 0.0605469 
0 0.589844 0.320312 0.0605469 0.078125 
0 0.687988 0.919922 0.0908203 0.0585938 
0 0.946777 0.974121 0.0712891 0.0517578 
0 0.321289 0.595703 0.0878906 0.0644531 
0 0.699219 0.54541 0.09375 0.0595703 
0 0.832031 0.211426 0.0703125 0.0869141 
0 0.397461 0.942383 0.0722656 0.0683594 
0 0.489258 0.374512 0.0566406 0.0771484 
0 0.34375 0.697266 0.105469 0.0625 
