0 0.96582 0.682617 0.0683594 0.0878906 
0 0.960938 0.881348 0.078125 0.0576172 
0 0.974121 0.143555 0.0517578 0.0859375 
0 0.780273 0.755859 0.146484 0.0957031 
0 0.974609 0.333496 0.0507812 0.0634766 
0 0.76123 0.372559 0.0830078 0.0615234 
0 0.257812 0.431152 0.0546875 0.0517578 
0 0.122559 0.192871 0.0966797 0.100586 
0 0.141113 0.549316 0.0654297 0.110352 
0 0.265625 0.90332 0.0839844 0.0917969 
0 0.646484 0.86084 0.101562 0.0791016 
0 0.741699 0.104492 0.204102 0.0722656 
0 0.703613 0.251953 0.112305 0.148438 
0 0.46582 0.0917969 0.0683594 0.0859375 
0 0.712891 0.0356445 0.160156 0.0693359 
0 0.699219 0.546875 0.0605469 0.0683594 
0 0.425781 0.42334 0.117188 0.0712891 
0 0.610352 0.769043 0.150391 0.0771484 
0 0.54541 0.958984 0.110352 0.0800781 
0 0.160645 0.0883789 0.0615234 0.0595703 
0 0.526367 0.521973 0.0996094 0.124023 
0 0.400391 0.050293 0.0898438 0.0927734 
0 0.0473633 0.412598 0.0693359 0.0615234 
0 0.0751953 0.916016 0.0722656 0.0625 
0 0.907227 0.549805 0.126953 0.0839844 
0 0.959961 0.467773 0.0800781 0.0878906 
0 0.249512 0.576172 0.110352 0.0898438 
0 0.0361328 0.480957 0.0722656 0.0986328 
0 0.331055 0.779785 0.130859 0.0908203 
0 0.632324 0.624023 0.110352 0.0683594 
0 0.578125 0.193359 0.09375 0.0878906 
0 0.634766 0.453125 0.0878906 0.121094 
0 0.196777 0.763184 0.0673828 0.0693359 
0 0.191406 0.309082 0.0683594 0.0673828 
0 0.391602 0.930664 0.107422 0.0917969 
0 0.155273 0.952148 0.0996094 0.0957031 
0 0.575195 0.680664 0.0957031 0.0800781 
0 0.365723 0.237793 0.0869141 0.0732422 
0 0.236328 0.212402 0.0742188 0.0751953 
0 0.0844727 0.770508 0.0712891 0.0722656 
0 0.333008 0.454102 0.0761719 0.0605469 
