0 0.513672 0.845703 0.0546875 0.0625 
0 0.816406 0.0327148 0.0664062 0.0654297 
0 0.958008 0.059082 0.0722656 0.0537109 
0 0.323242 0.216797 0.138672 0.0585938 
0 0.816406 0.503906 0.144531 0.121094 
0 0.952637 0.541016 0.0927734 0.0585938 
0 0.859375 0.966797 0.0605469 0.0605469 
0 0.666016 0.891602 0.0820312 0.0644531 
0 0.97168 0.959961 0.0566406 0.0761719 
0 0.106934 0.476074 0.0791016 0.0712891 
0 0.192383 0.333008 0.0488281 0.0761719 
0 0.325684 0.116699 0.0732422 0.104492 
0 0.910156 0.175781 0.101562 0.0820312 
0 0.0258789 0.291504 0.0517578 0.0595703 
0 0.104004 0.227539 0.0751953 0.0664062 
0 0.681152 0.0419922 0.100586 0.0644531 
0 0.4375 0.108887 0.140625 0.102539 
0 0.034668 0.674316 0.0595703 0.0732422 
0 0.59082 0.918945 0.0644531 0.0976562 
0 0.929688 0.654297 0.140625 0.0742188 
0 0.124023 0.147949 0.134766 0.102539 
0 0.32373 0.581055 0.112305 0.0917969 
0 0.59668 0.523438 0.130859 0.113281 
