0 0.0996094 0.186523 0.0273438 0.0644531 
0 0.921387 0.528809 0.0380859 0.0966797 
0 0.928711 0.447754 0.0410156 0.0986328 
0 0.963867 0.727539 0.0683594 0.0996094 
0 0.183105 0.399902 0.0419922 0.135742 
0 0.676758 0.566895 0.0625 0.0400391 
0 0.248535 0.394531 0.0439453 0.09375 
0 0.0258789 0.404785 0.0517578 0.0498047 
0 0.0390625 0.777344 0.0566406 0.0507812 
0 0.758301 0.0473633 0.0400391 0.0947266 
0 0.851074 0.722656 0.0517578 0.0351562 
0 0.391602 0.539062 0.0761719 0.046875 
0 0.694336 0.195312 0.0996094 0.046875 
0 0.253418 0.682617 0.0517578 0.0527344 
0 0.79248 0.892578 0.108398 0.0546875 
0 0.537598 0.705566 0.0712891 0.12207 
0 0.936523 0.0800781 0.0566406 0.128906 
0 0.0488281 0.892578 0.0957031 0.0507812 
0 0.294434 0.87793 0.110352 0.0488281 
0 0.486816 0.798828 0.0673828 0.0664062 
0 0.662598 0.0395508 0.0908203 0.0791016 
0 0.119629 0.902344 0.0517578 0.0664062 
0 0.253906 0.23584 0.0742188 0.0849609 
0 0.435059 0.785645 0.0458984 0.0458984 
0 0.931152 0.750488 0.0361328 0.0751953 
0 0.769043 0.367188 0.0673828 0.0546875 
0 0.229492 0.717773 0.0996094 0.123047 
0 0.785645 0.606445 0.0517578 0.0546875 
0 0.10498 0.0361328 0.104492 0.0722656 
0 0.383789 0.0639648 0.111328 0.0673828 
0 0.439453 0.838867 0.0507812 0.0429688 
0 0.696289 0.461426 0.0546875 0.0419922 
0 0.114258 0.80957 0.0722656 0.0878906 
0 0.888672 0.867676 0.046875 0.0634766 
0 0.214355 0.0888672 0.0595703 0.0957031 
0 0.546875 0.51123 0.0683594 0.0966797 
0 0.642578 0.233887 0.046875 0.0634766 
0 0.160156 0.309082 0.0546875 0.0849609 
0 0.476562 0.107422 0.0664062 0.078125 
0 0.194336 0.206543 0.103516 0.116211 
0 0.666016 0.13623 0.115234 0.0791016 
0 0.766602 0.278809 0.0566406 0.0732422 
0 0.73584 0.286621 0.0693359 0.0751953 
0 0.0864258 0.668945 0.0888672 0.107422 
0 0.411621 0.327148 0.0693359 0.107422 
0 0.0390625 0.224121 0.0625 0.0693359 
0 0.814453 0.46582 0.0625 0.0742188 
0 0.0698242 0.520996 0.0576172 0.0712891 
0 0.539062 0.822266 0.0664062 0.105469 
0 0.697754 0.744141 0.125977 0.125 
0 0.316406 0.432617 0.0585938 0.0800781 
