0 0.970215 0.873047 0.0595703 0.0625 
0 0.163086 0.56543 0.0644531 0.0605469 
0 0.620605 0.767578 0.102539 0.105469 
0 0.589844 0.678711 0.0703125 0.0917969 
0 0.223145 0.834961 0.0849609 0.150391 
0 0.40625 0.11084 0.0605469 0.0673828 
0 0.571289 0.0585938 0.0683594 0.0566406 
0 0.487305 0.794922 0.0800781 0.078125 
0 0.294922 0.816895 0.0878906 0.0712891 
0 0.750488 0.103516 0.135742 0.0644531 
0 0.227051 0.54834 0.0732422 0.116211 
0 0.393555 0.673828 0.134766 0.0820312 
0 0.18457 0.152832 0.0898438 0.110352 
0 0.255371 0.634766 0.147461 0.0703125 
0 0.876953 0.597656 0.152344 0.105469 
0 0.427246 0.546875 0.0888672 0.107422 
0 0.282227 0.225586 0.0878906 0.0839844 
0 0.631348 0.552734 0.102539 0.09375 
0 0.22998 0.723633 0.129883 0.103516 
0 0.71875 0.577148 0.0820312 0.107422 
0 0.130859 0.70752 0.0664062 0.0810547 
0 0.650879 0.456543 0.0869141 0.124023 
0 0.918945 0.741211 0.134766 0.0761719 
0 0.863281 0.0830078 0.179688 0.123047 
