0 0.166016 0.735352 0.0839844 0.0410156 
0 0.0288086 0.794922 0.0576172 0.03125 
0 0.395508 0.248535 0.0605469 0.0595703 
0 0.0424805 0.0131836 0.0693359 0.0263672 
0 0.545898 0.0136719 0.0644531 0.0273438 
0 0.0361328 0.989258 0.0664062 0.0214844 
0 0.580078 0.629883 0.0839844 0.0449219 
0 0.148926 0.700195 0.114258 0.0371094 
0 0.394043 0.597656 0.124023 0.0390625 
0 0.749023 0.609863 0.0449219 0.0556641 
0 0.975098 0.706055 0.0498047 0.0332031 
0 0.183105 0.166992 0.0830078 0.0410156 
0 0.891602 0.0195312 0.0820312 0.0390625 
0 0.959473 0.133301 0.0615234 0.0576172 
0 0.677246 0.73291 0.0712891 0.0498047 
0 0.046875 0.918945 0.09375 0.0527344 
0 0.0214844 0.302734 0.0429688 0.0585938 
0 0.397461 0.868164 0.0566406 0.0371094 
0 0.960938 0.800781 0.0722656 0.0625 
0 0.289062 0.0571289 0.0585938 0.0439453 
0 0.604004 0.839844 0.0419922 0.0742188 
0 0.361328 0.731934 0.0703125 0.0380859 
0 0.337891 0.691895 0.0859375 0.0478516 
0 0.0551758 0.507324 0.0751953 0.0693359 
0 0.0336914 0.181152 0.0673828 0.0595703 
0 0.430664 0.188477 0.0878906 0.046875 
0 0.715332 0.423828 0.0791016 0.0644531 
0 0.829102 0.95166 0.0644531 0.0458984 
0 0.735352 0.503906 0.046875 0.0664062 
0 0.934082 0.466797 0.0478516 0.0820312 
0 0.482422 0.415527 0.0644531 0.0634766 
0 0.214355 0.300293 0.102539 0.0537109 
0 0.237793 0.452148 0.0595703 0.0839844 
0 0.1875 0.964844 0.0722656 0.0585938 
0 0.705078 0.893555 0.0683594 0.0722656 
0 0.224121 0.143555 0.0380859 0.0839844 
0 0.525391 0.391602 0.0546875 0.103516 
0 0.786133 0.71875 0.0761719 0.101562 
0 0.434082 0.463867 0.0751953 0.0585938 
0 0.181152 0.213867 0.0771484 0.0566406 
0 0.921875 0.871094 0.0664062 0.0664062 
0 0.0800781 0.170898 0.0703125 0.0800781 
0 0.62793 0.415039 0.0683594 0.0722656 
0 0.729492 0.366211 0.09375 0.0878906 
0 0.543457 0.191895 0.0712891 0.0888672 
