0 0.287109 0.562988 0.0742188 0.110352 
0 0.126465 0.796387 0.0791016 0.12207 
0 0.581055 0.0307617 0.0722656 0.0615234 
0 0.349121 0.967773 0.0732422 0.0644531 
0 0.542969 0.550781 0.101562 0.113281 
0 0.448242 0.71582 0.0878906 0.0996094 
0 0.818359 0.0595703 0.0957031 0.0859375 
0 0.0463867 0.824707 0.0908203 0.0888672 
0 0.797852 0.327148 0.0917969 0.0839844 
0 0.043457 0.226074 0.0869141 0.0908203 
0 0.84082 0.961914 0.0761719 0.0761719 
0 0.780273 0.706055 0.0820312 0.0957031 
0 0.521484 0.209961 0.0859375 0.111328 
0 0.895508 0.572266 0.0917969 0.105469 
0 0.707031 0.975586 0.0859375 0.0488281 
0 0.957031 0.943359 0.0859375 0.0976562 
0 0.526367 0.957031 0.0839844 0.0859375 
