0 0.666016 0.45459 0.09375 0.0341797 
0 0.835938 0.324219 0.0976562 0.0429688 
0 0.357422 0.5 0.0839844 0.0390625 
0 0.597168 0.158691 0.0849609 0.0732422 
0 0.80957 0.157715 0.0390625 0.102539 
0 0.430176 0.241211 0.0888672 0.0390625 
0 0.755859 0.532227 0.0976562 0.0371094 
0 0.538086 0.0620117 0.0449219 0.0693359 
0 0.341797 0.208984 0.0859375 0.0898438 
0 0.837891 0.695312 0.0742188 0.0351562 
0 0.90918 0.477051 0.103516 0.0498047 
0 0.584473 0.481934 0.112305 0.0361328 
0 0.366211 0.190918 0.0527344 0.0771484 
0 0.510254 0.633301 0.100586 0.0419922 
0 0.979492 0.654297 0.0410156 0.0703125 
0 0.609375 0.516602 0.0664062 0.0527344 
0 0.62793 0.918945 0.0917969 0.0292969 
0 0.0649414 0.0239258 0.106445 0.0478516 
0 0.399414 0.844238 0.0996094 0.0419922 
0 0.0634766 0.10498 0.113281 0.0419922 
0 0.0795898 0.561523 0.0810547 0.0449219 
0 0.760254 0.495605 0.0634766 0.0439453 
0 0.674805 0.868652 0.0917969 0.0341797 
0 0.206055 0.474609 0.0371094 0.0664062 
0 0.213379 0.618164 0.124023 0.0429688 
0 0.978516 0.308105 0.0429688 0.0830078 
0 0.611328 0.751465 0.0664062 0.0478516 
0 0.354004 0.141602 0.110352 0.0546875 
0 0.163086 0.295898 0.0996094 0.0449219 
0 0.526367 0.74707 0.0488281 0.0332031 
0 0.642578 0.742676 0.0664062 0.0556641 
0 0.228516 0.52832 0.09375 0.0527344 
0 0.0532227 0.0439453 0.106445 0.0683594 
0 0.567383 0.346191 0.119141 0.0576172 
0 0.540039 0.889648 0.105469 0.0527344 
0 0.62207 0.821777 0.173828 0.0634766 
0 0.958008 0.880859 0.0839844 0.0585938 
0 0.566406 0.171387 0.117188 0.0908203 
0 0.5 0.168457 0.0742188 0.0556641 
0 0.424805 0.972656 0.123047 0.0546875 
0 0.316406 0.40625 0.0800781 0.078125 
0 0.657715 0.17041 0.100586 0.0849609 
0 0.495117 0.238281 0.0761719 0.0664062 
