0 0.871094 0.693359 0.0664062 0.078125 
0 0.895508 0.333008 0.0644531 0.115234 
0 0.878418 0.738281 0.0634766 0.0703125 
0 0.570312 0.560547 0.0449219 0.0957031 
0 0.896484 0.592773 0.0507812 0.0605469 
0 0.402344 0.973145 0.0429688 0.0537109 
0 0.131836 0.978516 0.0957031 0.0429688 
0 0.535645 0.604492 0.0400391 0.103516 
0 0.977539 0.867188 0.0449219 0.0820312 
0 0.0366211 0.691406 0.0732422 0.09375 
0 0.599609 0.557129 0.046875 0.0869141 
0 0.427734 0.531738 0.0566406 0.0791016 
0 0.324707 0.911133 0.0576172 0.0761719 
0 0.118652 0.0913086 0.0556641 0.12793 
0 0.600586 0.106445 0.0410156 0.115234 
0 0.43457 0.746094 0.0625 0.0488281 
0 0.794922 0.521484 0.0371094 0.0800781 
0 0.860352 0.405273 0.0410156 0.0996094 
0 0.776367 0.972656 0.0546875 0.0546875 
0 0.129883 0.316406 0.0703125 0.0800781 
0 0.837891 0.516602 0.0390625 0.0957031 
0 0.400391 0.833008 0.0625 0.107422 
0 0.090332 0.59668 0.0966797 0.0566406 
0 0.734375 0.902344 0.0703125 0.0625 
0 0.660645 0.490723 0.0478516 0.0869141 
0 0.586426 0.813477 0.0439453 0.0722656 
0 0.254395 0.862305 0.0771484 0.0722656 
0 0.598633 0.634766 0.0761719 0.0664062 
0 0.246582 0.0439453 0.100586 0.0859375 
0 0.643555 0.835449 0.0761719 0.0634766 
0 0.839844 0.849609 0.0585938 0.0722656 
0 0.470703 0.464844 0.0742188 0.0703125 
0 0.261719 0.933594 0.0546875 0.0976562 
0 0.0688477 0.201172 0.0595703 0.0859375 
0 0.330078 0.270996 0.0878906 0.0869141 
0 0.355957 0.635742 0.0556641 0.0878906 
0 0.566406 0.480469 0.0546875 0.0820312 
0 0.341797 0.862305 0.0664062 0.0917969 
0 0.157227 0.541992 0.0957031 0.103516 
0 0.0537109 0.304199 0.0996094 0.0966797 
0 0.54248 0.375977 0.0732422 0.0957031 
0 0.823242 0.0458984 0.0761719 0.0917969 
0 0.949219 0.964844 0.0703125 0.0703125 
0 0.418457 0.490234 0.0654297 0.0664062 
0 0.39502 0.879883 0.0810547 0.0742188 
0 0.645996 0.561523 0.0771484 0.111328 
0 0.336914 0.549805 0.0800781 0.103516 
0 0.669434 0.80127 0.0693359 0.0810547 
