0 0.164062 0.867188 0.140625 0.125 
0 0.384277 0.714355 0.0615234 0.104492 
0 0.518066 0.280762 0.106445 0.0673828 
0 0.47168 0.432617 0.119141 0.150391 
0 0.697754 0.353516 0.0712891 0.144531 
0 0.920898 0.510742 0.0644531 0.0820312 
0 0.432129 0.580078 0.0830078 0.152344 
0 0.203125 0.431641 0.0664062 0.0742188 
0 0.289551 0.375977 0.0810547 0.0996094 
0 0.195312 0.275879 0.0976562 0.112305 
0 0.794434 0.961914 0.0615234 0.0761719 
0 0.612305 0.53125 0.0761719 0.101562 
0 0.964844 0.0439453 0.0703125 0.0878906 
0 0.299805 0.143555 0.136719 0.0957031 
0 0.823242 0.731445 0.0683594 0.0996094 
0 0.770508 0.337891 0.0761719 0.109375 
0 0.443848 0.774902 0.0654297 0.116211 
0 0.938965 0.199707 0.12207 0.0634766 
0 0.96875 0.381836 0.0625 0.107422 
0 0.413086 0.132812 0.0878906 0.121094 
