0 0.0244141 0.292969 0.0488281 0.0664062 
0 0.481445 0.617188 0.0917969 0.046875 
0 0.256836 0.912109 0.123047 0.0371094 
0 0.743652 0.712891 0.0751953 0.046875 
0 0.316895 0.474609 0.0888672 0.0546875 
0 0.517578 0.947266 0.09375 0.0390625 
0 0.342773 0.255859 0.0664062 0.0390625 
0 0.0415039 0.62207 0.0830078 0.0566406 
0 0.908203 0.751953 0.103516 0.0605469 
0 0.625977 0.833008 0.0898438 0.0488281 
0 0.907227 0.482422 0.0742188 0.0429688 
0 0.958008 0.945801 0.0800781 0.0341797 
0 0.495117 0.77832 0.09375 0.0410156 
0 0.0307617 0.174805 0.0615234 0.0625 
0 0.969238 0.792969 0.0615234 0.0429688 
0 0.15625 0.0639648 0.0742188 0.0634766 
0 0.320312 0.401367 0.0976562 0.0527344 
0 0.271484 0.0932617 0.0664062 0.0341797 
0 0.542969 0.451172 0.0820312 0.0429688 
0 0.875 0.192871 0.0566406 0.0341797 
0 0.758789 0.84668 0.0917969 0.0527344 
0 0.94043 0.437012 0.0800781 0.0615234 
0 0.597168 0.156738 0.0810547 0.0595703 
0 0.302246 0.165039 0.0986328 0.0507812 
0 0.699219 0.370117 0.0976562 0.0566406 
0 0.0981445 0.395508 0.104492 0.046875 
0 0.0512695 0.059082 0.102539 0.0380859 
0 0.830078 0.43457 0.09375 0.0527344 
0 0.105469 0.738281 0.0976562 0.0507812 
0 0.382812 0.378906 0.0878906 0.0625 
0 0.330566 0.148926 0.0791016 0.0458984 
0 0.212891 0.625 0.0957031 0.046875 
0 0.308105 0.0595703 0.0869141 0.0546875 
0 0.147949 0.452148 0.108398 0.0605469 
0 0.519531 0.107422 0.0800781 0.0683594 
0 0.78418 0.22998 0.0839844 0.0439453 
0 0.676758 0.713867 0.0800781 0.0566406 
0 0.783691 0.571289 0.0732422 0.0507812 
0 0.517578 0.17041 0.0546875 0.0361328 
0 0.0625 0.506836 0.101562 0.046875 
0 0.302734 0.730957 0.103516 0.0634766 
0 0.717773 0.662109 0.0917969 0.0585938 
0 0.922363 0.0517578 0.112305 0.0703125 
0 0.40918 0.0839844 0.0839844 0.0644531 
0 0.535156 0.611328 0.078125 0.0546875 
0 0.467773 0.291992 0.0644531 0.0527344 
0 0.635254 0.0478516 0.0869141 0.0703125 
0 0.809082 0.794434 0.0751953 0.0712891 
0 0.887207 0.969727 0.0927734 0.0566406 
0 0.223633 0.0410156 0.107422 0.0742188 
0 0.21582 0.100586 0.0683594 0.103516 
0 0.120605 0.140625 0.120117 0.0878906 
0 0.200195 0.350098 0.0800781 0.0927734 
