0 0.289062 0.262695 0.0800781 0.0351562 
0 0.747559 0.946289 0.0810547 0.0332031 
0 0.492676 0.912109 0.0810547 0.0410156 
0 0.416016 0.808105 0.0800781 0.0419922 
0 0.39209 0.543457 0.0849609 0.0380859 
0 0.0302734 0.960938 0.0566406 0.0351562 
0 0.303223 0.572754 0.137695 0.0498047 
0 0.0683594 0.27002 0.136719 0.0478516 
0 0.189941 0.0371094 0.0654297 0.0507812 
0 0.251465 0.121094 0.0458984 0.0410156 
0 0.0771484 0.724609 0.0644531 0.0507812 
0 0.614258 0.885742 0.0605469 0.0449219 
0 0.0439453 0.84668 0.0878906 0.0527344 
0 0.306641 0.851562 0.09375 0.0429688 
0 0.544434 0.910156 0.0693359 0.0488281 
0 0.595215 0.634766 0.0615234 0.0332031 
0 0.328125 0.908691 0.0859375 0.0400391 
0 0.826172 0.780273 0.132812 0.0507812 
0 0.30127 0.966797 0.0517578 0.0351562 
0 0.318359 0.240723 0.0996094 0.0458984 
0 0.17041 0.572266 0.0830078 0.0898438 
0 0.0854492 0.244141 0.0556641 0.046875 
0 0.564453 0.591309 0.0703125 0.0693359 
0 0.977051 0.884766 0.0458984 0.0585938 
0 0.0805664 0.566406 0.112305 0.0585938 
0 0.943359 0.119629 0.0585938 0.0439453 
0 0.916992 0.794922 0.0332031 0.0703125 
0 0.474121 0.0380859 0.0595703 0.0527344 
0 0.489258 0.382324 0.0527344 0.0986328 
0 0.66748 0.582031 0.0888672 0.0507812 
0 0.890625 0.581543 0.0664062 0.0478516 
0 0.666016 0.512695 0.0585938 0.0488281 
0 0.0507812 0.143555 0.101562 0.078125 
0 0.433105 0.584961 0.100586 0.0625 
0 0.219727 0.79248 0.0917969 0.0595703 
0 0.0668945 0.189941 0.106445 0.0458984 
0 0.631836 0.981934 0.0527344 0.0361328 
0 0.777344 0.900391 0.046875 0.0898438 
0 0.252441 0.520508 0.0498047 0.0566406 
0 0.350098 0.226562 0.0849609 0.0683594 
0 0.0698242 0.424805 0.0849609 0.0957031 
0 0.534668 0.505371 0.0888672 0.0751953 
0 0.119141 0.125 0.078125 0.0742188 
0 0.890625 0.500488 0.0664062 0.0634766 
0 0.76123 0.486816 0.0595703 0.0732422 
0 0.53125 0.178223 0.0957031 0.0927734 
0 0.484863 0.300781 0.108398 0.0644531 
0 0.97168 0.46582 0.0566406 0.0839844 
0 0.830566 0.738281 0.0654297 0.0664062 
0 0.414551 0.419922 0.0810547 0.0683594 
