0 0.90918 0.125977 0.0839844 0.0703125 
0 0.078125 0.834961 0.0761719 0.0722656 
0 0.271484 0.664062 0.0625 0.0820312 
0 0.745117 0.0244141 0.0898438 0.0488281 
0 0.0356445 0.953125 0.0712891 0.09375 
0 0.0161133 0.649414 0.0322266 0.0722656 
0 0.682617 0.628906 0.0722656 0.0703125 
0 0.614746 0.25293 0.172852 0.0878906 
0 0.79834 0.733398 0.0732422 0.0683594 
0 0.680664 0.219238 0.195312 0.0673828 
0 0.810059 0.956055 0.0888672 0.0859375 
0 0.151367 0.834961 0.0957031 0.0800781 
0 0.164551 0.683594 0.110352 0.0664062 
0 0.857422 0.941406 0.078125 0.0878906 
0 0.711426 0.115723 0.0849609 0.0791016 
0 0.598145 0.59375 0.0556641 0.0585938 
0 0.773438 0.149902 0.0820312 0.100586 
0 0.883789 0.353516 0.0683594 0.09375 
0 0.235352 0.357422 0.101562 0.0839844 
0 0.949707 0.813477 0.100586 0.0878906 
0 0.620117 0.935547 0.113281 0.09375 
0 0.381348 0.540039 0.0634766 0.103516 
0 0.423828 0.835938 0.0605469 0.0859375 
0 0.0395508 0.234375 0.0751953 0.0585938 
0 0.72168 0.958008 0.0996094 0.0839844 
0 0.646484 0.0668945 0.144531 0.0712891 
0 0.0952148 0.608398 0.180664 0.0917969 
0 0.637695 0.363281 0.0605469 0.0625 
0 0.418945 0.759277 0.0703125 0.0771484 
0 0.29248 0.569336 0.0595703 0.0644531 
0 0.251953 0.130371 0.144531 0.0634766 
0 0.966797 0.0244141 0.0664062 0.0488281 
0 0.474609 0.957031 0.09375 0.0820312 
0 0.333984 0.421875 0.0761719 0.0761719 
0 0.85498 0.516602 0.116211 0.0625 
0 0.533203 0.580078 0.09375 0.115234 
0 0.852051 0.695312 0.0751953 0.0976562 
0 0.32666 0.648438 0.0693359 0.132812 
0 0.0444336 0.731445 0.0888672 0.0839844 
0 0.813965 0.101074 0.104492 0.124023 
0 0.711914 0.816406 0.111328 0.0898438 
0 0.126953 0.0883789 0.0742188 0.15332 
0 0.050293 0.441406 0.100586 0.0625 
0 0.238281 0.0532227 0.0859375 0.0986328 
0 0.824219 0.402344 0.0664062 0.0820312 
0 0.522949 0.4375 0.0712891 0.0703125 
0 0.673828 0.50293 0.144531 0.0917969 
0 0.285156 0.483398 0.0625 0.078125 
0 0.961426 0.166504 0.0771484 0.0908203 
0 0.765625 0.351562 0.152344 0.115234 
0 0.459961 0.561523 0.0898438 0.103516 
0 0.168945 0.243652 0.0703125 0.133789 
