0 0.863281 0.406738 0.171875 0.112305 
0 0.775879 0.836914 0.129883 0.0625 
0 0.923828 0.498047 0.152344 0.109375 
0 0.518555 0.0307617 0.0996094 0.0615234 
0 0.89502 0.958496 0.165039 0.0810547 
0 0.860352 0.632324 0.193359 0.137695 
0 0.670898 0.15625 0.146484 0.121094 
0 0.747559 0.338379 0.133789 0.104492 
0 0.705078 0.613281 0.144531 0.0859375 
0 0.477051 0.703125 0.108398 0.0625 
0 0.898438 0.720703 0.199219 0.113281 
0 0.537109 0.845215 0.113281 0.0830078 
0 0.605469 0.0356445 0.105469 0.0693359 
0 0.726562 0.437012 0.154297 0.125977 
0 0.578125 0.522949 0.103516 0.100586 
