0 0.330566 0.250488 0.0693359 0.0927734 
0 0.10791 0.661133 0.0888672 0.0839844 
0 0.126953 0.895508 0.0625 0.0996094 
0 0.650391 0.0351562 0.0976562 0.0664062 
0 0.396484 0.133301 0.0664062 0.100586 
0 0.634766 0.617188 0.0742188 0.0664062 
0 0.508301 0.22168 0.0771484 0.0957031 
0 0.856445 0.916992 0.0878906 0.0644531 
0 0.205566 0.74707 0.0771484 0.0683594 
0 0.630371 0.293945 0.0732422 0.0800781 
0 0.0341797 0.340332 0.0683594 0.0634766 
0 0.239746 0.100586 0.0869141 0.117188 
0 0.672363 0.820312 0.0830078 0.09375 
0 0.574219 0.180176 0.0703125 0.118164 
0 0.371094 0.955078 0.0800781 0.0898438 
0 0.390625 0.577148 0.158203 0.111328 
0 0.200195 0.936523 0.0761719 0.105469 
0 0.299316 0.401367 0.0927734 0.0664062 
0 0.331055 0.0957031 0.0722656 0.134766 
0 0.114746 0.0708008 0.106445 0.12793 
0 0.774902 0.0566406 0.0751953 0.113281 
