0 0.0922852 0.979492 0.0693359 0.0410156 
0 0.553711 0.0766602 0.107422 0.0673828 
0 0.220703 0.413086 0.0859375 0.0488281 
0 0.823242 0.490723 0.0839844 0.0400391 
0 0.160645 0.534668 0.102539 0.0419922 
0 0.699219 0.976562 0.0664062 0.046875 
0 0.12793 0.0288086 0.0683594 0.0576172 
0 0.158691 0.867676 0.0869141 0.0556641 
0 0.504395 0.103516 0.12207 0.0625 
0 0.796875 0.432129 0.0664062 0.0419922 
0 0.695312 0.411133 0.0742188 0.0566406 
0 0.317383 0.421387 0.0839844 0.0830078 
0 0.918457 0.0400391 0.0654297 0.0800781 
0 0.0361328 0.779297 0.0722656 0.0585938 
0 0.687988 0.0927734 0.12793 0.0878906 
0 0.744629 0.838867 0.0634766 0.0527344 
0 0.877441 0.37207 0.112305 0.0507812 
0 0.865234 0.79541 0.0683594 0.0498047 
0 0.177734 0.349609 0.0527344 0.0976562 
0 0.45752 0.485352 0.0517578 0.0371094 
0 0.14209 0.703125 0.108398 0.0625 
0 0.0766602 0.0546875 0.0615234 0.0605469 
0 0.450195 0.125977 0.0644531 0.0644531 
0 0.510254 0.646973 0.0927734 0.0576172 
0 0.0375977 0.29834 0.0732422 0.0400391 
0 0.960449 0.318359 0.0556641 0.0605469 
0 0.668945 0.761719 0.0722656 0.0605469 
0 0.792969 0.346191 0.0742188 0.0615234 
0 0.0834961 0.370605 0.0927734 0.0595703 
0 0.281738 0.348145 0.106445 0.0751953 
0 0.672363 0.689941 0.0908203 0.0751953 
0 0.9375 0.0996094 0.0957031 0.0585938 
0 0.512695 0.393555 0.0859375 0.0605469 
0 0.0527344 0.879883 0.105469 0.0761719 
0 0.407715 0.732422 0.0888672 0.0820312 
0 0.647461 0.916504 0.0957031 0.0908203 
0 0.413086 0.302246 0.103516 0.0849609 
0 0.854492 0.0991211 0.0722656 0.0634766 
0 0.708008 0.849609 0.0761719 0.078125 
0 0.451172 0.713867 0.0898438 0.0957031 
0 0.231445 0.0786133 0.0878906 0.0673828 
0 0.0556641 0.129395 0.0917969 0.0810547 
0 0.268555 0.691895 0.0957031 0.0810547 
0 0.750977 0.653809 0.0996094 0.0888672 
0 0.93457 0.766602 0.0644531 0.0800781 
