0 0.123047 0.620605 0.105469 0.0751953 
0 0.620117 0.333984 0.0683594 0.0664062 
0 0.0351562 0.679688 0.0703125 0.0605469 
0 0.0581055 0.727539 0.0927734 0.0800781 
0 0.94043 0.85498 0.0761719 0.0966797 
0 0.22998 0.90332 0.0908203 0.0683594 
0 0.526367 0.0351562 0.0722656 0.0703125 
0 0.800781 0.0288086 0.0820312 0.0576172 
0 0.686523 0.14502 0.0800781 0.0888672 
0 0.964844 0.236328 0.0703125 0.0761719 
0 0.698242 0.546875 0.0839844 0.0820312 
0 0.259277 0.181152 0.0966797 0.0810547 
0 0.592773 0.0722656 0.0761719 0.128906 
0 0.10791 0.469727 0.0810547 0.125 
0 0.0439453 0.387207 0.0878906 0.0888672 
0 0.529785 0.360352 0.0654297 0.0761719 
