0 0.14502 0.248047 0.0849609 0.134766 
0 0.329102 0.938477 0.169922 0.0917969 
0 0.439941 0.458496 0.0986328 0.0908203 
0 0.538086 0.687988 0.146484 0.0634766 
0 0.949219 0.950684 0.101562 0.0986328 
0 0.432129 0.87793 0.0947266 0.0605469 
0 0.837891 0.285156 0.0917969 0.0703125 
0 0.0849609 0.822266 0.169922 0.0722656 
0 0.540039 0.619141 0.123047 0.101562 
0 0.713867 0.880859 0.130859 0.167969 
0 0.366699 0.837891 0.149414 0.078125 
0 0.0810547 0.447266 0.162109 0.105469 
0 0.769531 0.393555 0.205078 0.115234 
0 0.39209 0.752441 0.157227 0.0634766 
0 0.0585938 0.603516 0.117188 0.117188 
0 0.718262 0.680664 0.110352 0.0996094 
0 0.200684 0.854492 0.0830078 0.0878906 
0 0.0410156 0.0473633 0.0820312 0.0947266 
0 0.289062 0.380859 0.142578 0.109375 
0 0.544922 0.895996 0.0898438 0.112305 
0 0.412598 0.317383 0.15918 0.158203 
0 0.215332 0.0717773 0.180664 0.137695 
