0 0.680176 0.5625 0.0634766 0.0585938 
0 0.907227 0.0756836 0.0878906 0.0576172 
0 0.628418 0.513672 0.0517578 0.0800781 
0 0.789551 0.90625 0.0634766 0.0703125 
0 0.921875 0.855469 0.0703125 0.0742188 
0 0.71582 0.398926 0.0878906 0.0673828 
0 0.544922 0.726562 0.0546875 0.0859375 
0 0.338379 0.514648 0.110352 0.0566406 
0 0.916992 0.449219 0.0722656 0.0859375 
0 0.225586 0.447754 0.0585938 0.0712891 
0 0.557617 0.795898 0.0664062 0.0527344 
0 0.825684 0.524414 0.102539 0.107422 
0 0.0419922 0.784668 0.0839844 0.0712891 
0 0.696289 0.94873 0.115234 0.0634766 
0 0.106934 0.586914 0.0595703 0.0566406 
0 0.3125 0.144043 0.0742188 0.0947266 
0 0.956543 0.551758 0.0751953 0.113281 
0 0.137207 0.460449 0.0654297 0.0732422 
0 0.963867 0.216797 0.0722656 0.125 
0 0.83252 0.273926 0.0615234 0.112305 
0 0.401367 0.932617 0.0605469 0.130859 
