0 0.236816 0.762207 0.0908203 0.137695 
0 0.634766 0.370605 0.121094 0.0966797 
0 0.932129 0.95459 0.135742 0.0908203 
0 0.666992 0.693359 0.0585938 0.113281 
0 0.158691 0.431152 0.0888672 0.114258 
0 0.968262 0.616211 0.0634766 0.121094 
0 0.24707 0.339355 0.0898438 0.297852 
0 0.696289 0.0380859 0.0527344 0.0761719 
0 0.418945 0.658203 0.0683594 0.0859375 
0 0.885742 0.196777 0.0800781 0.124023 
0 0.329102 0.379395 0.0957031 0.0888672 
0 0.287109 0.685547 0.0957031 0.140625 
0 0.488281 0.357422 0.109375 0.144531 
0 0.380859 0.605469 0.0585938 0.101562 
0 0.125977 0.506836 0.0761719 0.0878906 
0 0.566406 0.914062 0.101562 0.0605469 
0 0.14502 0.165527 0.135742 0.0634766 
0 0.766113 0.634766 0.108398 0.117188 
0 0.188965 0.059082 0.0732422 0.118164 
0 0.641602 0.758789 0.0898438 0.0878906 
0 0.671875 0.936523 0.121094 0.107422 
0 0.541992 0.149414 0.0859375 0.279297 
0 0.904297 0.818848 0.078125 0.0771484 
0 0.756348 0.915039 0.102539 0.164062 
0 0.420898 0.912109 0.142578 0.0898438 
0 0.571289 0.547363 0.0800781 0.112305 
0 0.0458984 0.5625 0.0898438 0.117188 
0 0.689453 0.259277 0.0976562 0.133789 
0 0.459961 0.619629 0.0878906 0.102539 
0 0.223633 0.610352 0.0917969 0.113281 
0 0.425781 0.741699 0.205078 0.118164 
0 0.77002 0.729492 0.174805 0.158203 
0 0.915039 0.706055 0.0996094 0.128906 
0 0.822754 0.489258 0.151367 0.142578 
