0 0.300781 0.314453 0.0546875 0.0488281 
0 0.550293 0.786133 0.124023 0.0527344 
0 0.148438 0.815918 0.0878906 0.0595703 
0 0.888672 0.84082 0.078125 0.0839844 
0 0.901367 0.766602 0.105469 0.0957031 
0 0.157227 0.325684 0.0957031 0.0810547 
0 0.0625 0.78418 0.0742188 0.078125 
0 0.960449 0.828125 0.0791016 0.0859375 
0 0.853516 0.471191 0.132812 0.0732422 
0 0.439453 0.19043 0.0664062 0.0898438 
0 0.547363 0.741211 0.12793 0.0722656 
0 0.0893555 0.927246 0.168945 0.118164 
0 0.394531 0.263184 0.0625 0.0615234 
0 0.635742 0.313477 0.0839844 0.0722656 
0 0.880859 0.419922 0.109375 0.103516 
0 0.0507812 0.422363 0.101562 0.0771484 
0 0.83252 0.861328 0.141602 0.0976562 
0 0.652344 0.856445 0.078125 0.0644531 
0 0.494141 0.140137 0.0664062 0.0673828 
0 0.232422 0.927734 0.126953 0.140625 
0 0.433594 0.946777 0.078125 0.0771484 
0 0.707031 0.645508 0.0898438 0.0566406 
0 0.946289 0.624023 0.0644531 0.0625 
0 0.649414 0.934082 0.0566406 0.100586 
0 0.32373 0.0961914 0.0810547 0.112305 
0 0.699707 0.180176 0.0888672 0.0712891 
