0 0.97168 0.540039 0.0566406 0.0644531 
0 0.0825195 0.970703 0.0771484 0.0585938 
0 0.11377 0.121582 0.0927734 0.0771484 
0 0.758789 0.177246 0.0878906 0.0634766 
0 0.628906 0.36377 0.105469 0.100586 
0 0.759766 0.050293 0.09375 0.0986328 
0 0.455566 0.209473 0.0712891 0.0517578 
0 0.391113 0.137207 0.0634766 0.0771484 
0 0.578125 0.0698242 0.0859375 0.0654297 
0 0.47998 0.440918 0.0947266 0.151367 
0 0.0507812 0.476562 0.0820312 0.0507812 
0 0.587891 0.583984 0.0742188 0.09375 
0 0.740723 0.709961 0.0791016 0.169922 
0 0.0717773 0.0336914 0.116211 0.0673828 
0 0.578125 0.180664 0.0761719 0.0644531 
0 0.933105 0.161621 0.0673828 0.102539 
