0 0.0336914 0.958008 0.0654297 0.0449219 
0 0.325195 0.677734 0.0605469 0.0820312 
0 0.112793 0.567383 0.0791016 0.0449219 
0 0.541016 0.413086 0.0585938 0.0625 
0 0.0703125 0.90625 0.0507812 0.109375 
0 0.406738 0.411133 0.0908203 0.0605469 
0 0.380371 0.311523 0.0458984 0.119141 
0 0.700684 0.455078 0.0830078 0.0546875 
0 0.607422 0.563477 0.046875 0.138672 
0 0.848633 0.185059 0.0644531 0.0439453 
0 0.248047 0.309082 0.0820312 0.0478516 
0 0.244141 0.972656 0.078125 0.0507812 
0 0.90332 0.584961 0.0800781 0.119141 
0 0.225098 0.169922 0.139648 0.0625 
0 0.914062 0.680664 0.0390625 0.121094 
0 0.387207 0.544922 0.0322266 0.0996094 
0 0.0786133 0.52832 0.102539 0.0488281 
0 0.186523 0.672852 0.0917969 0.0527344 
0 0.300781 0.572266 0.0546875 0.09375 
0 0.26123 0.458008 0.0576172 0.0488281 
0 0.027832 0.404785 0.0556641 0.0576172 
0 0.883789 0.114258 0.0292969 0.0644531 
0 0.489746 0.793945 0.0361328 0.0761719 
0 0.200195 0.749023 0.130859 0.0566406 
0 0.0532227 0.777344 0.0576172 0.0390625 
0 0.0556641 0.303223 0.0449219 0.114258 
0 0.115234 0.0595703 0.0429688 0.0761719 
0 0.574219 0.387695 0.0546875 0.0644531 
0 0.421387 0.949707 0.0654297 0.0654297 
0 0.557617 0.0693359 0.0410156 0.0449219 
0 0.149414 0.967773 0.0917969 0.0644531 
0 0.357422 0.803711 0.0742188 0.0566406 
0 0.835938 0.279297 0.113281 0.0761719 
0 0.415039 0.29248 0.0507812 0.0869141 
0 0.935547 0.411133 0.078125 0.0839844 
0 0.135742 0.402344 0.0683594 0.078125 
0 0.871094 0.396973 0.0625 0.116211 
0 0.928711 0.855957 0.0683594 0.125977 
