0 0.624512 0.80957 0.0908203 0.0566406 
0 0.242676 0.98584 0.0771484 0.0283203 
0 0.173828 0.503906 0.0546875 0.046875 
0 0.218262 0.15625 0.114258 0.123047 
0 0.850586 0.953125 0.0800781 0.0605469 
0 0.669434 0.983887 0.0732422 0.0322266 
0 0.56543 0.591797 0.0664062 0.0507812 
0 0.0766602 0.302734 0.0908203 0.0507812 
0 0.318359 0.723145 0.0722656 0.0888672 
0 0.430664 0.625977 0.111328 0.0410156 
0 0.558105 0.0625 0.0654297 0.0410156 
0 0.255859 0.591797 0.0898438 0.0546875 
0 0.609863 0.941895 0.0634766 0.0478516 
0 0.554688 0.68457 0.0703125 0.0585938 
0 0.600586 0.166504 0.123047 0.0986328 
0 0.474609 0.59668 0.113281 0.0410156 
0 0.512695 0.945312 0.078125 0.0546875 
0 0.453125 0.299805 0.0546875 0.0488281 
0 0.661133 0.853027 0.0859375 0.0517578 
0 0.199219 0.285156 0.117188 0.113281 
0 0.667969 0.288086 0.0820312 0.0839844 
0 0.970703 0.539062 0.0410156 0.0566406 
0 0.555664 0.0214844 0.0761719 0.0429688 
0 0.819824 0.0800781 0.0595703 0.0507812 
0 0.0507812 0.895508 0.0664062 0.0566406 
0 0.119141 0.738281 0.0527344 0.103516 
0 0.0253906 0.252441 0.0507812 0.0654297 
0 0.875 0.370117 0.0898438 0.0683594 
0 0.151367 0.564941 0.0976562 0.0576172 
0 0.283203 0.807129 0.0546875 0.0458984 
0 0.974609 0.667969 0.0507812 0.078125 
0 0.628906 0.422852 0.0742188 0.0585938 
0 0.100098 0.229004 0.0791016 0.0966797 
0 0.699219 0.363281 0.0683594 0.128906 
0 0.947266 0.329102 0.0605469 0.0898438 
0 0.560547 0.217285 0.0664062 0.0947266 
0 0.868164 0.0375977 0.0761719 0.0751953 
0 0.441406 0.555664 0.0957031 0.0488281 
0 0.248047 0.833984 0.0820312 0.0546875 
0 0.21582 0.916016 0.0917969 0.0507812 
0 0.121582 0.644531 0.0771484 0.0507812 
0 0.73291 0.103516 0.0478516 0.0683594 
0 0.366699 0.971191 0.0556641 0.0576172 
0 0.103516 0.0722656 0.0742188 0.0507812 
0 0.399902 0.358398 0.0556641 0.0585938 
0 0.615234 0.883789 0.101562 0.0585938 
0 0.0825195 0.349121 0.0869141 0.0400391 
0 0.89502 0.74707 0.0595703 0.0488281 
0 0.284668 0.390625 0.0986328 0.0742188 
0 0.220215 0.766113 0.0654297 0.0791016 
0 0.400391 0.681152 0.0546875 0.0595703 
0 0.76123 0.581055 0.0673828 0.0488281 
0 0.515137 0.100098 0.0556641 0.0908203 
0 0.688477 0.205566 0.0644531 0.0751953 
0 0.420898 0.20166 0.0761719 0.118164 
0 0.742188 0.219727 0.078125 0.0703125 
0 0.167969 0.339355 0.078125 0.0771484 
0 0.786621 0.830078 0.0830078 0.09375 
0 0.616211 0.612305 0.0605469 0.0800781 
0 0.152344 0.958984 0.0976562 0.078125 
0 0.849609 0.647461 0.0722656 0.0683594 
0 0.500977 0.706055 0.0683594 0.0761719 
0 0.136719 0.183105 0.0703125 0.0927734 
0 0.771484 0.165527 0.0742188 0.0654297 
0 0.231445 0.701172 0.0683594 0.0683594 
0 0.759766 0.683594 0.0585938 0.0664062 
0 0.618164 0.0952148 0.0566406 0.0634766 
0 0.0395508 0.405762 0.0771484 0.0732422 
