0 0.227051 0.84082 0.0791016 0.0761719 
0 0.347656 0.783203 0.0976562 0.132812 
0 0.334961 0.585938 0.0859375 0.113281 
0 0.780273 0.0185547 0.0644531 0.0371094 
0 0.783691 0.798828 0.0712891 0.140625 
0 0.436035 0.444824 0.0693359 0.0947266 
0 0.662109 0.947266 0.0976562 0.105469 
0 0.484375 0.607422 0.0742188 0.111328 
0 0.46582 0.320801 0.0917969 0.106445 
0 0.398926 0.168945 0.0830078 0.078125 
0 0.802734 0.270508 0.0703125 0.0800781 
0 0.211426 0.78125 0.0693359 0.0898438 
0 0.355469 0.493652 0.0664062 0.0791016 
0 0.853516 0.635742 0.0703125 0.107422 
0 0.874023 0.288574 0.0722656 0.0869141 
0 0.296387 0.173828 0.0615234 0.0664062 
0 0.0366211 0.880371 0.0732422 0.131836 
0 0.0571289 0.447266 0.0966797 0.101562 
0 0.879883 0.357422 0.0800781 0.0703125 
0 0.510742 0.473633 0.0839844 0.126953 
0 0.337891 0.276367 0.0722656 0.0917969 
0 0.966797 0.474121 0.0664062 0.112305 
0 0.135254 0.665039 0.0869141 0.113281 
