0 0.737305 0.81543 0.138672 0.283203 
0 0.0244141 0.380859 0.0488281 0.140625 
0 0.416016 0.405762 0.0625 0.0615234 
0 0.314453 0.114746 0.177734 0.0595703 
0 0.20166 0.387695 0.0830078 0.0683594 
0 0.862305 0.759277 0.107422 0.15332 
0 0.92334 0.323242 0.110352 0.0800781 
0 0.864746 0.399414 0.180664 0.0722656 
0 0.803711 0.0341797 0.0644531 0.0683594 
0 0.310547 0.47168 0.109375 0.123047 
0 0.0795898 0.537598 0.0615234 0.0673828 
0 0.442383 0.156738 0.142578 0.129883 
0 0.0546875 0.13623 0.109375 0.227539 
0 0.361328 0.802246 0.171875 0.0771484 
0 0.794434 0.214844 0.165039 0.216797 
0 0.88916 0.52832 0.0966797 0.0722656 
0 0.952148 0.0410156 0.0957031 0.0820312 
0 0.435547 0.458008 0.195312 0.0703125 
0 0.640625 0.957031 0.136719 0.078125 
0 0.481445 0.805664 0.0878906 0.166016 
0 0.544922 0.584961 0.078125 0.0527344 
0 0.581055 0.872559 0.134766 0.0771484 
0 0.478516 0.283203 0.195312 0.107422 
0 0.116211 0.820801 0.0722656 0.0634766 
0 0.578125 0.0932617 0.160156 0.0966797 
0 0.19043 0.863281 0.0800781 0.0507812 
0 0.220703 0.245605 0.078125 0.0634766 
0 0.128906 0.950684 0.128906 0.0986328 
0 0.697266 0.319336 0.0898438 0.154297 
0 0.74707 0.453125 0.181641 0.117188 
0 0.0571289 0.706543 0.0771484 0.0849609 
0 0.833984 0.302734 0.0703125 0.0683594 
0 0.858398 0.626953 0.126953 0.0761719 
0 0.650391 0.522949 0.144531 0.112305 
0 0.570801 0.742676 0.133789 0.147461 
0 0.697754 0.617676 0.112305 0.108398 
