0 0.078125 0.767578 0.0664062 0.0839844 
0 0.224609 0.583984 0.0859375 0.0703125 
0 0.666992 0.280762 0.0839844 0.106445 
0 0.553711 0.0219727 0.0839844 0.0439453 
0 0.284668 0.118652 0.0556641 0.102539 
0 0.154785 0.0249023 0.0771484 0.0498047 
0 0.246582 0.0488281 0.0693359 0.0898438 
0 0.745605 0.751953 0.0712891 0.0761719 
0 0.763672 0.532715 0.0820312 0.0869141 
0 0.61377 0.268066 0.0634766 0.0751953 
0 0.888672 0.059082 0.0742188 0.0693359 
0 0.236816 0.515625 0.0712891 0.0683594 
0 0.772461 0.192383 0.0761719 0.0839844 
0 0.421875 0.924805 0.0878906 0.0761719 
0 0.730957 0.174316 0.0791016 0.108398 
0 0.120605 0.125977 0.0693359 0.103516 
0 0.823242 0.0859375 0.0820312 0.0859375 
0 0.462891 0.311523 0.0859375 0.0800781 
0 0.594727 0.678711 0.0761719 0.0722656 
0 0.305176 0.500977 0.0927734 0.0722656 
0 0.333496 0.274902 0.0927734 0.0712891 
0 0.962891 0.350098 0.0742188 0.0634766 
0 0.393066 0.65625 0.0927734 0.0898438 
0 0.132324 0.745605 0.0673828 0.104492 
0 0.0268555 0.52832 0.0537109 0.0996094 
0 0.938965 0.545898 0.102539 0.078125 
0 0.932129 0.78418 0.102539 0.0722656 
0 0.202148 0.3125 0.0859375 0.0976562 
0 0.594727 0.172852 0.0761719 0.0820312 
0 0.786133 0.921387 0.111328 0.0712891 
0 0.586914 0.0673828 0.0996094 0.0996094 
0 0.699707 0.0537109 0.0732422 0.105469 
