0 0.208496 0.0273438 0.0869141 0.0410156 
0 0.739258 0.161621 0.113281 0.0888672 
0 0.330566 0.636719 0.0400391 0.0546875 
0 0.853516 0.0742188 0.0546875 0.0742188 
0 0.870117 0.0458984 0.0917969 0.0898438 
0 0.944336 0.65918 0.0683594 0.0527344 
0 0.199219 0.774414 0.0625 0.0449219 
0 0.700195 0.54834 0.0644531 0.0810547 
0 0.301758 0.978027 0.113281 0.0439453 
0 0.958008 0.601562 0.0839844 0.0429688 
0 0.81543 0.373047 0.0722656 0.046875 
0 0.435059 0.972168 0.0751953 0.0439453 
0 0.0830078 0.0888672 0.0546875 0.0507812 
0 0.349609 0.30957 0.0546875 0.0507812 
0 0.540527 0.0288086 0.0791016 0.0576172 
0 0.370117 0.914551 0.103516 0.0498047 
0 0.924316 0.98291 0.0556641 0.0341797 
0 0.766602 0.0205078 0.101562 0.0410156 
0 0.325195 0.714844 0.0878906 0.0507812 
0 0.502441 0.34668 0.0849609 0.0703125 
0 0.578125 0.621094 0.0585938 0.0546875 
0 0.629883 0.891602 0.0566406 0.0488281 
0 0.496094 0.0639648 0.0703125 0.0751953 
0 0.504883 0.728516 0.0625 0.046875 
0 0.385742 0.416016 0.0625 0.0351562 
0 0.369141 0.250977 0.0507812 0.0371094 
0 0.740234 0.938477 0.0429688 0.0605469 
0 0.208496 0.876953 0.0869141 0.0703125 
0 0.250488 0.0825195 0.0888672 0.0693359 
0 0.845703 0.342773 0.0507812 0.0566406 
0 0.908203 0.537109 0.0566406 0.0625 
0 0.428223 0.116699 0.0869141 0.0634766 
0 0.169434 0.314453 0.0869141 0.0664062 
