0 0.530273 0.182617 0.0527344 0.0703125 
0 0.455566 0.55127 0.0751953 0.0654297 
0 0.663574 0.876953 0.0517578 0.0507812 
0 0.592773 0.485352 0.0644531 0.0625 
0 0.81543 0.564453 0.0878906 0.0800781 
0 0.837891 0.328125 0.09375 0.0585938 
0 0.144043 0.827637 0.0654297 0.0732422 
0 0.015625 0.0664062 0.03125 0.0605469 
0 0.101074 0.974609 0.0693359 0.0507812 
0 0.0776367 0.200195 0.114258 0.0683594 
0 0.867188 0.673828 0.0625 0.0761719 
0 0.929688 0.873535 0.0625 0.0615234 
0 0.0258789 0.798828 0.0517578 0.0957031 
0 0.206543 0.633789 0.0576172 0.0722656 
0 0.226562 0.504395 0.0605469 0.0654297 
0 0.481445 0.795898 0.0957031 0.0742188 
0 0.970703 0.651367 0.0585938 0.0761719 
0 0.14209 0.638672 0.0693359 0.078125 
0 0.398438 0.0195312 0.0976562 0.0390625 
0 0.716309 0.823242 0.0595703 0.0605469 
0 0.213867 0.859375 0.0644531 0.078125 
0 0.369629 0.169434 0.0869141 0.0654297 
0 0.217773 0.429688 0.0722656 0.0664062 
0 0.743164 0.432617 0.115234 0.0878906 
0 0.67334 0.147461 0.0654297 0.0644531 
0 0.165527 0.146484 0.0849609 0.0664062 
0 0.273438 0.750488 0.0703125 0.108398 
0 0.817383 0.84668 0.0859375 0.0722656 
0 0.259766 0.964844 0.0703125 0.0703125 
0 0.321777 0.458984 0.0771484 0.0820312 
0 0.814453 0.96582 0.0859375 0.0683594 
0 0.160156 0.27002 0.0820312 0.0849609 
0 0.495117 0.446289 0.224609 0.115234 
0 0.583008 0.749023 0.0722656 0.0800781 
0 0.606445 0.191895 0.0761719 0.0830078 
0 0.856445 0.242188 0.0644531 0.0859375 
0 0.740234 0.699219 0.130859 0.136719 
0 0.959961 0.242188 0.0800781 0.105469 
