0 0.533691 0.382812 0.0654297 0.0546875 
0 0.401367 0.441406 0.0683594 0.0585938 
0 0.367188 0.702148 0.0625 0.0683594 
0 0.0214844 0.340332 0.0429688 0.139648 
0 0.527344 0.459473 0.0585938 0.0615234 
0 0.166504 0.806641 0.0810547 0.078125 
0 0.229004 0.766602 0.0634766 0.0566406 
0 0.96875 0.252441 0.0625 0.0615234 
0 0.379395 0.490723 0.0732422 0.0615234 
0 0.487305 0.218262 0.0878906 0.0771484 
0 0.983398 0.506836 0.0332031 0.0878906 
0 0.819336 0.48291 0.0625 0.0615234 
0 0.457031 0.766602 0.0683594 0.0644531 
0 0.791992 0.820312 0.0742188 0.0605469 
0 0.920898 0.483887 0.0703125 0.0712891 
0 0.370605 0.761719 0.0595703 0.0546875 
0 0.28125 0.864258 0.0683594 0.0742188 
0 0.828125 0.717285 0.144531 0.0654297 
0 0.540527 0.0927734 0.0732422 0.128906 
0 0.206543 0.972656 0.0810547 0.0546875 
0 0.966797 0.668945 0.0664062 0.0722656 
0 0.90918 0.297852 0.0683594 0.0683594 
0 0.603516 0.803711 0.0664062 0.0742188 
0 0.527344 0.945312 0.128906 0.0898438 
0 0.849609 0.375 0.0898438 0.0703125 
0 0.751953 0.445312 0.0625 0.0820312 
0 0.454102 0.664062 0.0683594 0.0742188 
0 0.90332 0.552734 0.078125 0.0644531 
0 0.741211 0.274902 0.0664062 0.0830078 
0 0.24707 0.297852 0.0839844 0.123047 
0 0.629883 0.384766 0.0644531 0.105469 
0 0.603516 0.245605 0.0859375 0.0791016 
0 0.175781 0.876953 0.140625 0.09375 
0 0.711914 0.0380859 0.0722656 0.0761719 
0 0.698242 0.933594 0.0820312 0.0761719 
0 0.508789 0.285156 0.0839844 0.0878906 
0 0.287598 0.164062 0.0673828 0.115234 
0 0.677734 0.756836 0.0820312 0.158203 
0 0.615723 0.585938 0.0791016 0.0839844 
