0 0.464355 0.494141 0.0712891 0.0742188 
0 0.87207 0.651855 0.0839844 0.0693359 
0 0.844727 0.496582 0.0957031 0.0615234 
0 0.350586 0.765137 0.0800781 0.102539 
0 0.411133 0.793457 0.193359 0.0810547 
0 0.960938 0.42041 0.078125 0.0751953 
0 0.0288086 0.180176 0.0576172 0.0615234 
0 0.766602 0.0888672 0.103516 0.0722656 
0 0.190918 0.700195 0.0732422 0.111328 
0 0.423828 0.96875 0.0683594 0.0605469 
0 0.458496 0.344727 0.0595703 0.0566406 
0 0.713867 0.0283203 0.09375 0.0566406 
0 0.0307617 0.432617 0.0615234 0.0644531 
0 0.786133 0.68457 0.169922 0.09375 
0 0.169922 0.0249023 0.0898438 0.0498047 
0 0.499023 0.902344 0.0839844 0.0820312 
0 0.798828 0.876953 0.0859375 0.0664062 
0 0.81543 0.268066 0.115234 0.133789 
0 0.619629 0.639648 0.0810547 0.0683594 
0 0.065918 0.562988 0.0966797 0.112305 
0 0.894531 0.93457 0.101562 0.0800781 
0 0.605469 0.578125 0.0664062 0.0703125 
0 0.648926 0.364746 0.0712891 0.0712891 
0 0.427246 0.900391 0.0888672 0.0585938 
0 0.921875 0.138672 0.0820312 0.126953 
0 0.189941 0.771484 0.180664 0.0976562 
0 0.340332 0.875977 0.0673828 0.0605469 
0 0.292969 0.627441 0.175781 0.0888672 
0 0.518555 0.291992 0.0976562 0.0683594 
0 0.170898 0.472656 0.0722656 0.0625 
0 0.184082 0.558105 0.0634766 0.0673828 
0 0.530273 0.608398 0.0761719 0.0605469 
0 0.234863 0.191406 0.110352 0.0585938 
0 0.947266 0.296387 0.0683594 0.0751953 
0 0.0820312 0.357422 0.160156 0.103516 
0 0.720703 0.362793 0.078125 0.0947266 
0 0.637207 0.249512 0.0712891 0.0947266 
0 0.610352 0.745605 0.0839844 0.0791016 
0 0.194336 0.385254 0.0722656 0.0634766 
0 0.699219 0.144531 0.101562 0.0859375 
0 0.913574 0.870117 0.0986328 0.0585938 
0 0.722656 0.94043 0.109375 0.0996094 
0 0.942871 0.522949 0.114258 0.106445 
0 0.492188 0.185547 0.0703125 0.0664062 
0 0.295898 0.0761719 0.0878906 0.0664062 
0 0.45166 0.12207 0.0751953 0.0605469 
0 0.529297 0.0805664 0.101562 0.108398 
0 0.727539 0.524902 0.0859375 0.0751953 
0 0.601562 0.926758 0.0683594 0.119141 
0 0.556641 0.422363 0.0625 0.0888672 
0 0.67334 0.436523 0.0908203 0.0644531 
0 0.395508 0.24707 0.0878906 0.126953 
0 0.416504 0.399414 0.0673828 0.0683594 
0 0.646484 0.838867 0.0996094 0.0722656 
