0 0.969727 0.0200195 0.0605469 0.0400391 
0 0.0273438 0.0854492 0.0546875 0.0966797 
0 0.0336914 0.561523 0.0673828 0.0878906 
0 0.980957 0.655273 0.0380859 0.0722656 
0 0.22168 0.574219 0.0644531 0.0722656 
0 0.277344 0.605469 0.09375 0.0585938 
0 0.968262 0.307129 0.0634766 0.0908203 
0 0.314941 0.558594 0.108398 0.0625 
0 0.0493164 0.636719 0.0986328 0.0859375 
0 0.672852 0.416504 0.0878906 0.0576172 
0 0.120605 0.981445 0.110352 0.0371094 
0 0.963867 0.379395 0.0722656 0.0673828 
0 0.377441 0.973633 0.0751953 0.0527344 
0 0.393066 0.729492 0.100586 0.0722656 
0 0.561523 0.584961 0.0605469 0.0683594 
0 0.0253906 0.981934 0.0507812 0.0361328 
0 0.571777 0.975586 0.0908203 0.0488281 
0 0.572266 0.651367 0.0742188 0.078125 
0 0.946289 0.701172 0.0722656 0.0605469 
0 0.710938 0.322266 0.0625 0.117188 
0 0.0483398 0.9375 0.0693359 0.0722656 
0 0.464844 0.662109 0.0898438 0.0703125 
0 0.576172 0.518555 0.0898438 0.0703125 
0 0.316406 0.183594 0.0703125 0.0742188 
0 0.271484 0.694336 0.0839844 0.0644531 
0 0.940918 0.632812 0.0771484 0.0761719 
0 0.381836 0.597656 0.0683594 0.0703125 
0 0.867676 0.92334 0.0732422 0.0849609 
0 0.906738 0.870117 0.112305 0.0800781 
0 0.816895 0.638672 0.0673828 0.078125 
0 0.71875 0.150879 0.0800781 0.0751953 
0 0.916992 0.416016 0.0800781 0.0820312 
0 0.0512695 0.163086 0.0791016 0.0859375 
0 0.794922 0.509766 0.0820312 0.0742188 
0 0.112305 0.736328 0.0839844 0.105469 
0 0.712891 0.494629 0.078125 0.100586 
0 0.62793 0.662109 0.0976562 0.0820312 
0 0.461426 0.493164 0.0732422 0.0761719 
0 0.624023 0.0566406 0.0800781 0.105469 
0 0.889648 0.243164 0.107422 0.103516 
0 0.788086 0.948242 0.0722656 0.0761719 
0 0.777344 0.771484 0.109375 0.101562 
