0 0.867188 0.21582 0.132812 0.0644531 
0 0.84668 0.0263672 0.0761719 0.0527344 
0 0.765137 0.247559 0.120117 0.0693359 
0 0.891602 0.660156 0.130859 0.0625 
0 0.812012 0.163574 0.131836 0.0771484 
0 0.741211 0.520996 0.130859 0.129883 
0 0.734375 0.765625 0.148438 0.09375 
0 0.908691 0.271973 0.12793 0.120117 
0 0.961914 0.445801 0.0761719 0.135742 
0 0.898926 0.881836 0.168945 0.0839844 
0 0.796875 0.3125 0.128906 0.113281 
0 0.894531 0.976562 0.136719 0.046875 
0 0.82373 0.589844 0.106445 0.0761719 
0 0.924805 0.77832 0.150391 0.09375 
0 0.922852 0.10498 0.115234 0.100586 
