0 0.29834 0.196289 0.0947266 0.320312 
0 0.930664 0.973145 0.123047 0.0537109 
0 0.141602 0.895508 0.0722656 0.0878906 
0 0.566406 0.129883 0.0703125 0.228516 
0 0.0244141 0.105469 0.0488281 0.160156 
0 0.703125 0.214355 0.0507812 0.108398 
0 0.322266 0.787598 0.378906 0.0927734 
0 0.96875 0.10791 0.0625 0.0634766 
0 0.657227 0.254883 0.0625 0.111328 
0 0.628906 0.789062 0.0546875 0.046875 
0 0.745117 0.251953 0.0917969 0.164062 
0 0.539062 0.821289 0.0527344 0.0429688 
0 0.506836 0.0751953 0.0917969 0.150391 
0 0.497559 0.243164 0.0712891 0.0664062 
0 0.949219 0.844238 0.101562 0.100586 
0 0.882812 0.193359 0.117188 0.078125 
0 0.704102 0.788574 0.0625 0.133789 
0 0.349121 0.03125 0.131836 0.0625 
0 0.0395508 0.714844 0.0791016 0.0605469 
0 0.163574 0.416504 0.0634766 0.161133 
0 0.841797 0.555176 0.0976562 0.165039 
0 0.100098 0.103027 0.182617 0.12207 
0 0.148438 0.290039 0.0878906 0.0917969 
0 0.837891 0.814941 0.0625 0.110352 
0 0.251465 0.0375977 0.102539 0.0732422 
0 0.544922 0.935059 0.09375 0.0634766 
0 0.219238 0.925781 0.112305 0.105469 
0 0.797852 0.683105 0.0976562 0.124023 
