0 0.081543 0.854492 0.12207 0.0371094 
0 0.88623 0.787109 0.108398 0.0390625 
0 0.560059 0.458008 0.120117 0.0351562 
0 0.974609 0.669434 0.0507812 0.0380859 
0 0.0639648 0.228027 0.12793 0.0478516 
0 0.0522461 0.59668 0.102539 0.0527344 
0 0.0708008 0.956055 0.141602 0.0527344 
0 0.535156 0.30957 0.164062 0.0292969 
0 0.37793 0.497559 0.0839844 0.0400391 
0 0.289062 0.187012 0.140625 0.0517578 
0 0.966797 0.928711 0.0664062 0.0644531 
0 0.259766 0.474609 0.164062 0.0429688 
0 0.172852 0.471191 0.136719 0.0947266 
0 0.867188 0.746582 0.203125 0.0439453 
0 0.439453 0.809082 0.0878906 0.0556641 
0 0.19873 0.361328 0.0615234 0.0507812 
0 0.62207 0.762695 0.154297 0.0390625 
0 0.964844 0.25 0.0703125 0.0449219 
0 0.285645 0.0224609 0.120117 0.0429688 
0 0.0664062 0.466797 0.0898438 0.0507812 
0 0.425781 0.703125 0.222656 0.128906 
0 0.384766 0.580078 0.181641 0.0507812 
0 0.891113 0.0625 0.198242 0.123047 
0 0.728516 0.849121 0.0820312 0.0556641 
0 0.0615234 0.370605 0.123047 0.0927734 
0 0.574707 0.856445 0.129883 0.0605469 
0 0.944336 0.337891 0.111328 0.0859375 
0 0.161133 0.553711 0.0957031 0.0449219 
0 0.848633 0.862305 0.162109 0.0410156 
0 0.730469 0.0654297 0.15625 0.0683594 
0 0.641602 0.0698242 0.0566406 0.0849609 
0 0.140625 0.829102 0.0859375 0.0644531 
0 0.376465 0.160156 0.116211 0.0585938 
0 0.182129 0.730469 0.15918 0.136719 
0 0.288086 0.0649414 0.0800781 0.0751953 
0 0.363281 0.259277 0.179688 0.0849609 
0 0.0830078 0.09375 0.117188 0.0585938 
0 0.572266 0.185059 0.0878906 0.0615234 
0 0.847656 0.912109 0.0703125 0.078125 
0 0.527344 0.921875 0.109375 0.0683594 
0 0.31543 0.395996 0.107422 0.15332 
0 0.587891 0.259766 0.0898438 0.0722656 
0 0.236328 0.0751953 0.109375 0.115234 
