0 0.0395508 0.17627 0.0791016 0.0751953 
0 0.401367 0.635254 0.0644531 0.0556641 
0 0.370117 0.953125 0.0449219 0.09375 
0 0.978516 0.527344 0.0429688 0.0605469 
0 0.293945 0.793457 0.0898438 0.0888672 
0 0.0444336 0.834961 0.0888672 0.0527344 
0 0.908691 0.0522461 0.0791016 0.104492 
0 0.492676 0.111816 0.0595703 0.108398 
0 0.78418 0.668945 0.169922 0.0859375 
0 0.238281 0.486328 0.046875 0.0820312 
0 0.316895 0.670898 0.0771484 0.0566406 
0 0.806641 0.167969 0.0976562 0.0683594 
0 0.154297 0.162598 0.224609 0.143555 
0 0.42627 0.959473 0.0849609 0.0810547 
0 0.71875 0.149414 0.0507812 0.171875 
0 0.799805 0.241699 0.0683594 0.186523 
0 0.163086 0.365234 0.0585938 0.0625 
0 0.894531 0.390625 0.0820312 0.101562 
0 0.867188 0.308594 0.0703125 0.132812 
0 0.101562 0.800293 0.0703125 0.0615234 
0 0.746094 0.788574 0.121094 0.0830078 
0 0.0410156 0.297363 0.0820312 0.149414 
0 0.293457 0.505371 0.0693359 0.0517578 
0 0.663086 0.143555 0.0449219 0.121094 
0 0.841309 0.118652 0.0556641 0.108398 
0 0.384277 0.88623 0.106445 0.0830078 
0 0.18457 0.934082 0.0839844 0.129883 
0 0.0356445 0.416992 0.0712891 0.0878906 
0 0.929688 0.461914 0.123047 0.0644531 
0 0.584473 0.966797 0.120117 0.0546875 
0 0.437012 0.228027 0.0947266 0.0693359 
0 0.524902 0.231445 0.0810547 0.0996094 
0 0.163574 0.300293 0.106445 0.0908203 
0 0.320801 0.301758 0.0595703 0.0957031 
0 0.800781 0.867676 0.0898438 0.0751953 
0 0.0883789 0.908203 0.0947266 0.105469 
0 0.408691 0.822266 0.0556641 0.0859375 
0 0.550293 0.867188 0.0830078 0.0859375 
