0 0.634766 0.220703 0.046875 0.0683594 
0 0.59668 0.368164 0.0644531 0.0722656 
0 0.803223 0.343262 0.0517578 0.0791016 
0 0.401855 0.32373 0.0732422 0.0693359 
0 0.844727 0.661133 0.0546875 0.0527344 
0 0.686523 0.234863 0.0644531 0.0615234 
0 0.899414 0.25293 0.0566406 0.101562 
0 0.282715 0.397949 0.0595703 0.0556641 
0 0.16748 0.272949 0.0732422 0.0751953 
0 0.888184 0.770996 0.0595703 0.0517578 
0 0.240723 0.199707 0.0693359 0.0771484 
0 0.211426 0.821289 0.0615234 0.0644531 
0 0.709473 0.400391 0.0537109 0.046875 
0 0.57666 0.740234 0.0517578 0.0546875 
0 0.946777 0.166504 0.0556641 0.102539 
0 0.955078 0.754883 0.0605469 0.0683594 
0 0.158203 0.674805 0.078125 0.078125 
0 0.754883 0.773926 0.0527344 0.0654297 
0 0.551758 0.458008 0.0878906 0.0761719 
0 0.375977 0.139648 0.0566406 0.105469 
0 0.327637 0.166016 0.0576172 0.0976562 
0 0.72168 0.609375 0.0605469 0.103516 
0 0.416016 0.211426 0.0664062 0.0732422 
0 0.34375 0.672852 0.0644531 0.103516 
