0 0.863281 0.488281 0.0859375 0.0390625 
0 0.859863 0.41748 0.110352 0.0361328 
0 0.15332 0.748047 0.103516 0.0507812 
0 0.42627 0.455566 0.0791016 0.0380859 
0 0.0756836 0.152344 0.0654297 0.0546875 
0 0.604492 0.73584 0.107422 0.0302734 
0 0.936523 0.475586 0.0800781 0.0371094 
0 0.0527344 0.661133 0.105469 0.0371094 
0 0.327637 0.144043 0.0771484 0.0419922 
0 0.885742 0.813477 0.134766 0.046875 
0 0.0415039 0.0175781 0.0810547 0.0351562 
0 0.721191 0.731934 0.0908203 0.0302734 
0 0.857422 0.155273 0.117188 0.0449219 
0 0.298828 0.663086 0.0703125 0.0449219 
0 0.220215 0.839844 0.102539 0.0429688 
0 0.642578 0.447266 0.03125 0.0820312 
0 0.537109 0.688477 0.0859375 0.0292969 
0 0.452637 0.276367 0.0849609 0.0332031 
0 0.896484 0.575195 0.121094 0.0488281 
0 0.692383 0.698242 0.0742188 0.0410156 
0 0.427734 0.889648 0.115234 0.0371094 
0 0.452148 0.201172 0.0917969 0.0527344 
0 0.432129 0.81543 0.12207 0.0371094 
0 0.724609 0.844727 0.078125 0.0410156 
0 0.261719 0.200195 0.0976562 0.0566406 
0 0.0605469 0.697754 0.109375 0.0400391 
0 0.946289 0.533203 0.101562 0.046875 
0 0.371582 0.431152 0.0654297 0.0419922 
0 0.233398 0.453125 0.0839844 0.0527344 
0 0.34668 0.11084 0.115234 0.102539 
0 0.811523 0.243164 0.115234 0.0566406 
0 0.570312 0.549805 0.0644531 0.0371094 
0 0.178223 0.384277 0.0556641 0.0498047 
0 0.425293 0.709473 0.0673828 0.0693359 
0 0.525391 0.390625 0.105469 0.0605469 
0 0.214844 0.709961 0.109375 0.0429688 
0 0.176758 0.62793 0.0683594 0.0644531 
0 0.462891 0.0727539 0.105469 0.0732422 
0 0.961914 0.428711 0.0761719 0.0761719 
0 0.726562 0.779785 0.0625 0.0654297 
0 0.748047 0.445801 0.0546875 0.0947266 
0 0.935547 0.646484 0.128906 0.0664062 
0 0.124023 0.0751953 0.132812 0.105469 
0 0.723633 0.522949 0.103516 0.0712891 
0 0.674805 0.184082 0.0839844 0.0615234 
0 0.331543 0.731445 0.120117 0.0742188 
0 0.858398 0.050293 0.078125 0.0966797 
