0 0.0439453 0.577148 0.0761719 0.0722656 
0 0.352051 0.723145 0.0947266 0.0595703 
0 0.368164 0.244141 0.0761719 0.0703125 
0 0.486816 0.204102 0.0771484 0.0742188 
0 0.90332 0.952148 0.142578 0.0957031 
0 0.263184 0.871094 0.192383 0.0878906 
0 0.454102 0.105957 0.0761719 0.12793 
0 0.694824 0.514648 0.0927734 0.0898438 
0 0.567383 0.331055 0.115234 0.0644531 
0 0.478516 0.817383 0.117188 0.0800781 
0 0.260254 0.759766 0.0869141 0.0644531 
0 0.71875 0.677734 0.105469 0.140625 
0 0.967285 0.767578 0.0654297 0.191406 
0 0.458984 0.333984 0.0976562 0.144531 
0 0.427246 0.918457 0.0830078 0.108398 
0 0.890137 0.262207 0.137695 0.15918 
0 0.860352 0.587402 0.0839844 0.131836 
