0 0.224121 0.980469 0.0869141 0.0390625 
0 0.771484 0.506836 0.0351562 0.0800781 
0 0.201172 0.91748 0.115234 0.0634766 
0 0.788574 0.182129 0.0322266 0.135742 
0 0.620117 0.229492 0.0488281 0.0722656 
0 0.944336 0.483887 0.0566406 0.106445 
0 0.366699 0.431152 0.0634766 0.0478516 
0 0.661133 0.173828 0.0722656 0.0917969 
0 0.858887 0.652832 0.0419922 0.0810547 
0 0.784668 0.582031 0.0458984 0.0664062 
0 0.615234 0.553711 0.0585938 0.0742188 
0 0.976074 0.890137 0.0478516 0.0673828 
0 0.59668 0.475098 0.0722656 0.0771484 
0 0.867188 0.472168 0.0507812 0.112305 
0 0.206055 0.150391 0.0566406 0.107422 
0 0.212891 0.624512 0.078125 0.0869141 
0 0.953125 0.213379 0.0605469 0.0869141 
0 0.378418 0.628906 0.0751953 0.0722656 
0 0.578125 0.557129 0.0859375 0.0693359 
0 0.0878906 0.474609 0.0878906 0.117188 
0 0.19873 0.531738 0.137695 0.0927734 
0 0.0439453 0.800293 0.0585938 0.0673828 
0 0.668457 0.490723 0.0732422 0.0869141 
0 0.459961 0.59082 0.0761719 0.0820312 
0 0.460449 0.517578 0.0966797 0.121094 
0 0.790039 0.785156 0.107422 0.136719 
0 0.584961 0.601562 0.0859375 0.0644531 
