0 0.0571289 0.403809 0.114258 0.143555 
0 0.0195312 0.452148 0.0390625 0.0722656 
0 0.861816 0.671875 0.0966797 0.136719 
0 0.333984 0.635254 0.101562 0.0673828 
0 0.525879 0.546875 0.0869141 0.0839844 
0 0.974609 0.916016 0.0507812 0.0820312 
0 0.0913086 0.608887 0.0732422 0.0673828 
0 0.954102 0.0800781 0.0839844 0.119141 
0 0.26123 0.251953 0.12793 0.121094 
0 0.365723 0.726562 0.15918 0.113281 
0 0.44873 0.0424805 0.0576172 0.0849609 
0 0.0786133 0.873047 0.0654297 0.119141 
0 0.458008 0.613281 0.125 0.183594 
