0 0.119629 0.840332 0.124023 0.118164 
0 0.121582 0.741211 0.12207 0.0996094 
0 0.750977 0.0249023 0.0761719 0.0498047 
0 0.513184 0.491211 0.0634766 0.0957031 
0 0.163086 0.583984 0.0820312 0.113281 
0 0.345703 0.474121 0.0996094 0.0732422 
0 0.708496 0.138672 0.125977 0.0703125 
0 0.261719 0.247559 0.0859375 0.114258 
0 0.850586 0.617188 0.0683594 0.109375 
0 0.583008 0.931641 0.0605469 0.09375 
0 0.478516 0.979492 0.0625 0.0410156 
0 0.942383 0.89502 0.0703125 0.12793 
0 0.85791 0.239258 0.102539 0.09375 
0 0.852539 0.490234 0.0878906 0.117188 
0 0.44043 0.884766 0.101562 0.0820312 
0 0.662109 0.820312 0.111328 0.109375 
