0 0.202148 0.390625 0.0917969 0.0664062 
0 0.452637 0.286133 0.0400391 0.0957031 
0 0.90332 0.118652 0.0761719 0.0458984 
0 0.090332 0.268066 0.0517578 0.124023 
0 0.412109 0.436035 0.171875 0.0869141 
0 0.794434 0.835449 0.206055 0.0771484 
0 0.200684 0.0449219 0.112305 0.0898438 
0 0.491211 0.707031 0.0839844 0.0429688 
0 0.427246 0.0458984 0.120117 0.0917969 
0 0.555664 0.94043 0.0488281 0.119141 
0 0.475098 0.65625 0.217773 0.0898438 
0 0.260254 0.164062 0.166992 0.0527344 
0 0.887695 0.550781 0.0683594 0.113281 
0 0.0429688 0.297852 0.0859375 0.0859375 
0 0.847656 0.454102 0.0898438 0.0839844 
0 0.0371094 0.203613 0.0742188 0.0810547 
0 0.522461 0.491211 0.0683594 0.0976562 
0 0.607422 0.275391 0.0507812 0.0820312 
0 0.966309 0.730469 0.0615234 0.046875 
0 0.114258 0.883301 0.09375 0.0595703 
0 0.438477 0.228516 0.150391 0.109375 
0 0.580566 0.458984 0.15332 0.0859375 
0 0.14209 0.247559 0.161133 0.147461 
0 0.35498 0.828613 0.0751953 0.0380859 
0 0.128418 0.150879 0.0712891 0.0927734 
0 0.39502 0.166504 0.0595703 0.0576172 
0 0.454102 0.859375 0.119141 0.0976562 
0 0.550781 0.616211 0.109375 0.0566406 
0 0.365723 0.539551 0.19043 0.0673828 
0 0.891602 0.174805 0.0839844 0.0644531 
0 0.0639648 0.599609 0.116211 0.185547 
0 0.742188 0.282715 0.136719 0.0986328 
0 0.499512 0.190918 0.0888672 0.0810547 
0 0.972656 0.208496 0.0546875 0.0966797 
0 0.410645 0.0834961 0.0732422 0.0634766 
0 0.221191 0.932617 0.147461 0.130859 
0 0.558594 0.0703125 0.123047 0.0820312 
0 0.888672 0.662109 0.0859375 0.0976562 
0 0.767578 0.711914 0.0898438 0.0722656 
0 0.433105 0.764648 0.0849609 0.0917969 
0 0.144531 0.0649414 0.105469 0.12207 
0 0.773438 0.612305 0.105469 0.0722656 
0 0.352539 0.277832 0.142578 0.147461 
0 0.674805 0.735352 0.0898438 0.0878906 
0 0.62207 0.20459 0.119141 0.12793 
