0 0.670898 0.477539 0.0683594 0.0605469 
0 0.447754 0.339844 0.106445 0.0507812 
0 0.797852 0.147949 0.0566406 0.0615234 
0 0.854492 0.804199 0.0683594 0.0791016 
0 0.0297852 0.327637 0.0595703 0.0478516 
0 0.849609 0.0981445 0.0859375 0.0517578 
0 0.901855 0.651855 0.155273 0.0849609 
0 0.644531 0.187012 0.0605469 0.0888672 
0 0.828125 0.478516 0.0664062 0.0625 
0 0.78125 0.518066 0.0625 0.0732422 
0 0.203125 0.602539 0.105469 0.0996094 
0 0.587402 0.771484 0.108398 0.0703125 
0 0.528809 0.910156 0.0712891 0.078125 
0 0.450195 0.75293 0.0996094 0.0625 
0 0.107422 0.458496 0.136719 0.0595703 
0 0.919434 0.0258789 0.0595703 0.0517578 
0 0.0795898 0.574219 0.0908203 0.0507812 
0 0.782227 0.802734 0.0644531 0.078125 
0 0.701172 0.791016 0.0859375 0.0859375 
0 0.23877 0.0200195 0.0947266 0.0400391 
0 0.395996 0.0302734 0.0693359 0.0605469 
0 0.365234 0.396484 0.152344 0.046875 
0 0.580078 0.643555 0.158203 0.0664062 
0 0.434082 0.104004 0.143555 0.0771484 
0 0.449707 0.929688 0.0517578 0.101562 
0 0.32666 0.964844 0.0751953 0.0566406 
