0 0.305176 0.34668 0.100586 0.0683594 
0 0.300781 0.17334 0.0703125 0.0771484 
0 0.582031 0.396973 0.0664062 0.0791016 
0 0.027832 0.582031 0.0556641 0.0820312 
0 0.677246 0.407715 0.114258 0.0849609 
0 0.283691 0.441895 0.0771484 0.12793 
0 0.147949 0.568848 0.0986328 0.0693359 
0 0.0732422 0.328613 0.0839844 0.0712891 
0 0.912109 0.273926 0.0664062 0.0791016 
0 0.290527 0.976562 0.12793 0.046875 
0 0.130371 0.963867 0.135742 0.0722656 
0 0.487305 0.0654297 0.0722656 0.130859 
0 0.331543 0.719727 0.18457 0.144531 
