0 0.82959 0.697266 0.0380859 0.101562 
0 0.679199 0.262207 0.0400391 0.182617 
0 0.404785 0.591797 0.0419922 0.0859375 
0 0.658203 0.966797 0.0292969 0.0507812 
0 0.649414 0.84082 0.0410156 0.101562 
0 0.496582 0.146973 0.0419922 0.120117 
0 0.138672 0.782715 0.0371094 0.0673828 
0 0.0400391 0.755859 0.0351562 0.0664062 
0 0.364258 0.759766 0.0292969 0.0664062 
0 0.725586 0.326172 0.0332031 0.0859375 
0 0.583008 0.921875 0.0605469 0.101562 
0 0.397461 0.785645 0.0332031 0.0693359 
0 0.547852 0.0600586 0.0410156 0.0927734 
0 0.36084 0.509766 0.0537109 0.103516 
0 0.560547 0.82373 0.0429688 0.0751953 
0 0.954102 0.0703125 0.0371094 0.0898438 
0 0.262207 0.403809 0.0498047 0.0732422 
0 0.978516 0.271973 0.0351562 0.100586 
0 0.386719 0.501953 0.0507812 0.0859375 
0 0.545898 0.436523 0.0488281 0.0917969 
0 0.430664 0.427734 0.0566406 0.046875 
0 0.654297 0.529297 0.0566406 0.105469 
0 0.573242 0.96582 0.0371094 0.0683594 
0 0.418945 0.0458984 0.0527344 0.0917969 
0 0.888672 0.910156 0.0742188 0.0664062 
0 0.979492 0.795898 0.0410156 0.0644531 
0 0.194336 0.68457 0.0527344 0.0761719 
0 0.10498 0.928223 0.0439453 0.0830078 
0 0.0908203 0.556641 0.0527344 0.101562 
0 0.777344 0.896484 0.0410156 0.0703125 
0 0.27002 0.634766 0.0439453 0.0664062 
0 0.484863 0.708984 0.0498047 0.09375 
0 0.501465 0.585938 0.0517578 0.109375 
0 0.545898 0.602539 0.0605469 0.0761719 
0 0.81543 0.372559 0.0566406 0.102539 
0 0.394043 0.326172 0.0595703 0.0839844 
0 0.303223 0.578125 0.0439453 0.0820312 
0 0.490234 0.223633 0.0527344 0.0996094 
0 0.129395 0.886719 0.0498047 0.0820312 
0 0.486328 0.339844 0.0507812 0.078125 
0 0.201172 0.454102 0.0664062 0.111328 
0 0.128418 0.396973 0.0556641 0.0830078 
0 0.0507812 0.0458984 0.0664062 0.0917969 
0 0.23877 0.918945 0.0595703 0.0917969 
