0 0.35791 0.556641 0.0556641 0.0546875 
0 0.736816 0.62793 0.0732422 0.0566406 
0 0.651367 0.801758 0.0683594 0.0566406 
0 0.260254 0.624023 0.0634766 0.0605469 
0 0.725586 0.748047 0.0761719 0.0566406 
0 0.320801 0.274902 0.0810547 0.0927734 
0 0.375488 0.663086 0.0615234 0.0566406 
0 0.243652 0.57373 0.0830078 0.0634766 
0 0.950195 0.131348 0.0683594 0.0673828 
0 0.96582 0.763672 0.0683594 0.0742188 
0 0.772461 0.592773 0.0683594 0.0566406 
0 0.52002 0.331055 0.0693359 0.0644531 
0 0.737305 0.799805 0.0761719 0.0605469 
0 0.939453 0.191895 0.0664062 0.0634766 
0 0.649902 0.019043 0.0673828 0.0380859 
0 0.60791 0.205078 0.0732422 0.0664062 
0 0.251953 0.817871 0.0703125 0.0771484 
0 0.577148 0.891113 0.0605469 0.0576172 
0 0.814453 0.782227 0.0800781 0.0917969 
0 0.246094 0.350586 0.0800781 0.0722656 
0 0.558594 0.702148 0.0585938 0.0566406 
0 0.508789 0.743164 0.0996094 0.0605469 
0 0.0605469 0.777344 0.0839844 0.0898438 
0 0.648926 0.736328 0.0830078 0.0625 
0 0.27832 0.442383 0.0839844 0.105469 
0 0.192383 0.830078 0.0605469 0.0625 
0 0.897461 0.620117 0.0917969 0.0644531 
0 0.0410156 0.963867 0.0761719 0.0722656 
0 0.483398 0.144531 0.0722656 0.103516 
0 0.333496 0.771484 0.112305 0.0878906 
0 0.634766 0.592285 0.0742188 0.0947266 
