0 0.574219 0.793945 0.125 0.0761719 
0 0.93457 0.969727 0.130859 0.0605469 
0 0.0610352 0.315918 0.0673828 0.0712891 
0 0.501953 0.734863 0.0898438 0.0771484 
0 0.642578 0.326172 0.0605469 0.0605469 
0 0.558594 0.938477 0.0976562 0.0820312 
0 0.674316 0.975586 0.0771484 0.0488281 
0 0.227051 0.742188 0.100586 0.160156 
0 0.887695 0.876953 0.0800781 0.0898438 
0 0.654785 0.541504 0.0693359 0.0751953 
0 0.19043 0.879883 0.111328 0.0839844 
0 0.431152 0.8125 0.104492 0.0761719 
0 0.265625 0.859375 0.0625 0.0820312 
0 0.728516 0.863281 0.0898438 0.0859375 
0 0.77832 0.336914 0.0683594 0.101562 
0 0.54248 0.683105 0.0810547 0.0830078 
0 0.69043 0.0395508 0.0722656 0.0791016 
0 0.890625 0.740234 0.101562 0.0820312 
0 0.311523 0.361328 0.0800781 0.0859375 
0 0.73291 0.109375 0.120117 0.0664062 
0 0.838867 0.603027 0.0644531 0.0673828 
0 0.365234 0.224121 0.164062 0.254883 
0 0.17627 0.530273 0.12793 0.0898438 
0 0.354004 0.653809 0.0810547 0.137695 
0 0.254395 0.431641 0.116211 0.0703125 
0 0.745117 0.754395 0.0683594 0.0693359 
0 0.944824 0.329102 0.0771484 0.0605469 
0 0.887207 0.120605 0.0615234 0.124023 
0 0.746094 0.425781 0.167969 0.144531 
0 0.334961 0.833984 0.0898438 0.113281 
0 0.540039 0.270996 0.0898438 0.0771484 
0 0.0561523 0.491211 0.0849609 0.111328 
0 0.03125 0.105469 0.0625 0.0898438 
