0 0.336426 0.117676 0.0791016 0.0712891 
0 0.448242 0.153809 0.111328 0.0595703 
0 0.157715 0.512207 0.0830078 0.0810547 
0 0.373047 0.191406 0.0585938 0.0761719 
0 0.80957 0.149414 0.0683594 0.0644531 
0 0.15332 0.842285 0.0605469 0.0615234 
0 0.0292969 0.299805 0.0585938 0.0800781 
0 0.477539 0.974609 0.0996094 0.0507812 
0 0.0283203 0.0439453 0.0566406 0.0742188 
0 0.328125 0.780273 0.0625 0.0605469 
0 0.640625 0.240234 0.0742188 0.0605469 
0 0.585938 0.688477 0.0898438 0.0605469 
0 0.0756836 0.566895 0.0849609 0.0556641 
0 0.154785 0.212402 0.0673828 0.0771484 
0 0.566406 0.969727 0.0585938 0.0605469 
0 0.470703 0.579102 0.0644531 0.0742188 
0 0.357422 0.744141 0.0722656 0.0664062 
0 0.203613 0.635742 0.0869141 0.0605469 
0 0.672852 0.691406 0.0644531 0.0742188 
0 0.0263672 0.716797 0.0527344 0.0820312 
0 0.65332 0.978516 0.0683594 0.0429688 
0 0.975586 0.0678711 0.0488281 0.0888672 
0 0.0317383 0.649414 0.0634766 0.0878906 
0 0.646484 0.456055 0.0703125 0.0917969 
0 0.734375 0.128906 0.0625 0.0664062 
0 0.239746 0.516602 0.0634766 0.0722656 
0 0.936523 0.229492 0.0878906 0.0996094 
0 0.405762 0.0478516 0.0908203 0.0800781 
0 0.972168 0.908691 0.0556641 0.0556641 
0 0.103027 0.508789 0.0830078 0.115234 
0 0.67334 0.318359 0.0673828 0.0625 
0 0.270508 0.451172 0.0839844 0.0859375 
0 0.487793 0.0878906 0.0830078 0.0859375 
0 0.451172 0.244141 0.078125 0.0683594 
0 0.581543 0.512695 0.0576172 0.113281 
0 0.42041 0.662109 0.0908203 0.0820312 
0 0.901367 0.564453 0.0722656 0.0859375 
0 0.712891 0.771973 0.0898438 0.0732422 
0 0.731934 0.630859 0.0966797 0.0820312 
0 0.736328 0.457031 0.0742188 0.109375 
0 0.0419922 0.229004 0.0839844 0.0830078 
0 0.836914 0.868164 0.0703125 0.0878906 
0 0.172852 0.723633 0.0820312 0.0761719 
0 0.447754 0.304199 0.108398 0.0673828 
0 0.104492 0.034668 0.119141 0.0693359 
0 0.829102 0.272949 0.0839844 0.0771484 
0 0.36084 0.447266 0.106445 0.128906 
0 0.830078 0.964844 0.0957031 0.0703125 
