0 0.359375 0.300781 0.0546875 0.0507812 
0 0.920898 0.734375 0.0605469 0.0527344 
0 0.0136719 0.728516 0.0273438 0.0703125 
0 0.527344 0.94873 0.0585938 0.0791016 
0 0.567383 0.29834 0.0683594 0.0556641 
0 0.200684 0.671875 0.0537109 0.0585938 
0 0.758789 0.862305 0.0488281 0.0507812 
0 0.291016 0.281738 0.0644531 0.0595703 
0 0.15918 0.702148 0.0644531 0.0566406 
0 0.964844 0.983398 0.0566406 0.0332031 
0 0.391113 0.748047 0.0556641 0.0546875 
0 0.47168 0.922852 0.0566406 0.0683594 
0 0.958984 0.544434 0.0507812 0.0771484 
0 0.945312 0.813477 0.0800781 0.0683594 
0 0.416992 0.401855 0.0507812 0.0498047 
0 0.538086 0.145996 0.0566406 0.0556641 
0 0.520508 0.636719 0.0605469 0.0546875 
0 0.206055 0.258301 0.0664062 0.0654297 
0 0.886719 0.759766 0.0820312 0.0820312 
0 0.147461 0.916504 0.0625 0.0751953 
0 0.349121 0.582031 0.0458984 0.0488281 
0 0.963867 0.916992 0.0605469 0.0820312 
0 0.503906 0.090332 0.0859375 0.0654297 
0 0.607422 0.712891 0.0664062 0.0625 
0 0.350586 0.738281 0.0527344 0.0585938 
0 0.412109 0.296387 0.0664062 0.0712891 
0 0.462402 0.493164 0.0693359 0.0488281 
0 0.73584 0.55957 0.0654297 0.0605469 
0 0.811523 0.916992 0.0683594 0.0605469 
0 0.557617 0.248535 0.0605469 0.0634766 
0 0.8125 0.851074 0.0664062 0.0712891 
0 0.84668 0.416016 0.0605469 0.0507812 
0 0.605469 0.349609 0.0703125 0.0742188 
0 0.668945 0.760742 0.0488281 0.0625 
0 0.10791 0.198242 0.0771484 0.0878906 
0 0.58252 0.867676 0.0732422 0.0771484 
0 0.442383 0.235352 0.0703125 0.0644531 
0 0.174316 0.74707 0.102539 0.0644531 
0 0.618164 0.0253906 0.0722656 0.0507812 
0 0.193359 0.199219 0.0839844 0.0625 
0 0.507812 0.426758 0.0820312 0.0859375 
0 0.050293 0.255859 0.0732422 0.0664062 
0 0.858398 0.821289 0.115234 0.109375 
0 0.484863 0.692383 0.0693359 0.0644531 
0 0.191406 0.816406 0.0546875 0.0820312 
0 0.270996 0.398926 0.0673828 0.0634766 
0 0.0444336 0.894531 0.0595703 0.0898438 
0 0.0668945 0.463867 0.0615234 0.0605469 
0 0.134277 0.422363 0.0654297 0.0654297 
0 0.696289 0.15625 0.0664062 0.105469 
0 0.280762 0.460449 0.0693359 0.0673828 
