0 0.260254 0.966797 0.213867 0.0664062 
0 0.776855 0.379395 0.0576172 0.0595703 
0 0.979492 0.203125 0.0410156 0.138672 
0 0.766113 0.519043 0.0537109 0.0712891 
0 0.978516 0.388672 0.0429688 0.09375 
0 0.50293 0.63916 0.0605469 0.0537109 
0 0.860352 0.526367 0.0605469 0.0644531 
0 0.956055 0.0766602 0.0878906 0.0849609 
0 0.381836 0.12793 0.181641 0.0839844 
0 0.900391 0.25293 0.144531 0.103516 
0 0.822754 0.736328 0.0576172 0.0585938 
0 0.790527 0.470215 0.0732422 0.0634766 
0 0.486328 0.0957031 0.0878906 0.0878906 
0 0.619629 0.202637 0.0849609 0.0615234 
0 0.0932617 0.524414 0.124023 0.158203 
0 0.22998 0.755859 0.0927734 0.207031 
0 0.833008 0.401367 0.0644531 0.0644531 
0 0.449219 0.484863 0.0546875 0.0615234 
0 0.651367 0.59082 0.115234 0.0722656 
0 0.410645 0.192871 0.104492 0.0732422 
0 0.190918 0.268066 0.145508 0.15918 
