0 0.158203 0.602539 0.0839844 0.150391 
0 0.365723 0.523438 0.102539 0.0722656 
0 0.883789 0.243652 0.0976562 0.0673828 
0 0.034668 0.336426 0.0693359 0.0810547 
0 0.864258 0.654297 0.0917969 0.078125 
0 0.601562 0.660156 0.0996094 0.121094 
0 0.702637 0.830078 0.0732422 0.0703125 
0 0.830078 0.551758 0.0898438 0.0722656 
0 0.652344 0.420898 0.175781 0.138672 
0 0.588867 0.14209 0.107422 0.112305 
0 0.0683594 0.489258 0.115234 0.0878906 
0 0.881836 0.0546875 0.0722656 0.103516 
0 0.344727 0.952148 0.0957031 0.0957031 
0 0.926758 0.491211 0.140625 0.0800781 
0 0.443848 0.919434 0.0830078 0.0986328 
0 0.337891 0.764648 0.136719 0.136719 
0 0.0512695 0.903809 0.0810547 0.133789 
