0 0.970703 0.214355 0.0585938 0.0322266 
0 0.136719 0.419922 0.0976562 0.0371094 
0 0.178711 0.651367 0.123047 0.0292969 
0 0.982422 0.546387 0.0351562 0.0576172 
0 0.958008 0.121582 0.0839844 0.0869141 
0 0.354004 0.581543 0.108398 0.0361328 
0 0.145508 0.693359 0.119141 0.0429688 
0 0.568848 0.895996 0.0498047 0.0439453 
0 0.27002 0.563477 0.0732422 0.0410156 
0 0.837891 0.530273 0.140625 0.0429688 
0 0.683594 0.54541 0.132812 0.0595703 
0 0.0415039 0.0751953 0.0830078 0.0917969 
0 0.380859 0.972656 0.0859375 0.0546875 
0 0.628906 0.647461 0.09375 0.0371094 
0 0.461914 0.823242 0.0878906 0.0449219 
0 0.734863 0.216309 0.12207 0.0322266 
0 0.97168 0.703613 0.0566406 0.0869141 
0 0.960938 0.919922 0.078125 0.0273438 
0 0.662109 0.926758 0.117188 0.0566406 
0 0.696289 0.788086 0.130859 0.0371094 
0 0.0786133 0.605469 0.155273 0.0507812 
0 0.468262 0.205566 0.106445 0.0654297 
0 0.450195 0.294922 0.103516 0.0332031 
0 0.788086 0.915039 0.111328 0.111328 
0 0.725586 0.502441 0.0839844 0.0537109 
0 0.704102 0.423828 0.0683594 0.0507812 
0 0.18457 0.268066 0.125 0.0380859 
0 0.277344 0.95166 0.164062 0.0966797 
0 0.858398 0.254395 0.107422 0.0380859 
0 0.879395 0.474121 0.0927734 0.0341797 
0 0.258301 0.435059 0.198242 0.0732422 
0 0.157715 0.208008 0.0537109 0.0917969 
0 0.62207 0.168457 0.123047 0.0361328 
0 0.47168 0.124512 0.107422 0.0615234 
0 0.699707 0.155762 0.108398 0.0419922 
0 0.181152 0.150879 0.129883 0.0556641 
0 0.297363 0.666504 0.110352 0.0400391 
0 0.450684 0.467773 0.129883 0.0566406 
0 0.750977 0.430176 0.0996094 0.0830078 
0 0.330078 0.046875 0.167969 0.09375 
0 0.129395 0.44873 0.155273 0.0693359 
0 0.152344 0.943848 0.09375 0.110352 
0 0.748047 0.614746 0.0742188 0.0908203 
0 0.350586 0.8125 0.0761719 0.0585938 
0 0.888184 0.399902 0.0771484 0.0498047 
0 0.604004 0.731934 0.0791016 0.0693359 
0 0.835938 0.135742 0.0996094 0.115234 
