0 0.475098 0.801758 0.0947266 0.0585938 
0 0.144043 0.398926 0.133789 0.108398 
0 0.870117 0.554199 0.0605469 0.0537109 
0 0.94043 0.527344 0.119141 0.0898438 
0 0.416992 0.046875 0.0566406 0.09375 
0 0.100098 0.792969 0.143555 0.078125 
0 0.71582 0.970703 0.0566406 0.0585938 
0 0.0961914 0.301758 0.0712891 0.107422 
0 0.931152 0.735352 0.0576172 0.0703125 
0 0.956543 0.454102 0.0869141 0.0859375 
0 0.303223 0.972168 0.0654297 0.0556641 
0 0.55957 0.242676 0.142578 0.0576172 
0 0.927246 0.59375 0.0595703 0.0878906 
0 0.924805 0.301758 0.0722656 0.0839844 
0 0.421875 0.686523 0.0976562 0.109375 
0 0.435059 0.241699 0.102539 0.0712891 
0 0.845703 0.708496 0.115234 0.0654297 
0 0.229492 0.880859 0.0761719 0.0839844 
0 0.942383 0.92627 0.107422 0.0966797 
0 0.808594 0.238281 0.078125 0.123047 
0 0.47168 0.107422 0.0644531 0.101562 
