0 0.104004 0.856934 0.0654297 0.0537109 
0 0.920898 0.976562 0.0683594 0.046875 
0 0.609375 0.454102 0.0664062 0.0683594 
0 0.979492 0.0703125 0.0410156 0.0566406 
0 0.630859 0.910645 0.0703125 0.0693359 
0 0.0996094 0.921387 0.0820312 0.0771484 
0 0.426758 0.293945 0.078125 0.0742188 
0 0.749023 0.166016 0.0703125 0.0683594 
0 0.554688 0.73584 0.0625 0.0712891 
0 0.324707 0.5 0.0830078 0.0742188 
0 0.15625 0.980957 0.0976562 0.0380859 
0 0.19043 0.928711 0.0703125 0.0644531 
0 0.336914 0.430176 0.0683594 0.0791016 
0 0.140137 0.583496 0.0712891 0.100586 
0 0.425781 0.413574 0.0820312 0.120117 
0 0.81543 0.0517578 0.0722656 0.103516 
0 0.894531 0.555664 0.0625 0.0683594 
0 0.248535 0.290039 0.0791016 0.0878906 
0 0.0576172 0.0708008 0.107422 0.0712891 
0 0.0395508 0.976562 0.0732422 0.046875 
0 0.916992 0.0649414 0.0605469 0.0810547 
0 0.192871 0.338867 0.0908203 0.0917969 
