0 0.629883 0.772461 0.0722656 0.0449219 
0 0.0961914 0.878906 0.0986328 0.0410156 
0 0.0595703 0.720703 0.101562 0.0507812 
0 0.354492 0.613281 0.0722656 0.0429688 
0 0.242676 0.324219 0.0380859 0.09375 
0 0.506348 0.231445 0.0849609 0.0566406 
0 0.177246 0.847656 0.100586 0.0664062 
0 0.620117 0.838379 0.0878906 0.0439453 
0 0.36377 0.144043 0.0380859 0.108398 
0 0.404297 0.0654297 0.0664062 0.0878906 
0 0.364258 0.891602 0.0800781 0.0488281 
0 0.287109 0.522461 0.0585938 0.0507812 
0 0.338379 0.254395 0.120117 0.0419922 
0 0.47168 0.0322266 0.126953 0.0605469 
0 0.958496 0.65625 0.0810547 0.0742188 
0 0.29541 0.800293 0.0498047 0.0908203 
0 0.670898 0.10791 0.0527344 0.0615234 
0 0.115723 0.976562 0.0458984 0.046875 
0 0.773438 0.0366211 0.0625 0.0712891 
0 0.87793 0.861816 0.0722656 0.0654297 
0 0.516602 0.0898438 0.0917969 0.0644531 
0 0.509277 0.114746 0.0888672 0.0615234 
0 0.225098 0.410156 0.120117 0.144531 
0 0.0859375 0.234863 0.126953 0.0966797 
0 0.835938 0.922852 0.0585938 0.101562 
0 0.239746 0.100098 0.0712891 0.0810547 
0 0.519531 0.209473 0.09375 0.0849609 
0 0.952148 0.762207 0.09375 0.0595703 
0 0.335938 0.474609 0.113281 0.0703125 
0 0.130859 0.518555 0.109375 0.0625 
0 0.789062 0.39209 0.0664062 0.0615234 
0 0.347168 0.185547 0.0498047 0.0820312 
0 0.646484 0.900879 0.0664062 0.0810547 
0 0.964355 0.0361328 0.0693359 0.0722656 
0 0.514648 0.769531 0.123047 0.0703125 
0 0.768555 0.22998 0.0800781 0.112305 
0 0.937988 0.232422 0.0517578 0.0800781 
0 0.839355 0.111816 0.0849609 0.0830078 
0 0.148926 0.791016 0.131836 0.0585938 
0 0.118164 0.480957 0.125 0.0791016 
0 0.393066 0.384277 0.0673828 0.0654297 
0 0.285156 0.354004 0.078125 0.0673828 
0 0.526367 0.457031 0.107422 0.0820312 
0 0.239258 0.150879 0.119141 0.0947266 
0 0.524902 0.56543 0.0556641 0.0761719 
0 0.941406 0.325684 0.0742188 0.0869141 
0 0.533203 0.694336 0.0898438 0.0644531 
0 0.719727 0.699219 0.0957031 0.0625 
0 0.117188 0.321289 0.0800781 0.0703125 
0 0.275879 0.942383 0.100586 0.0644531 
0 0.820801 0.509277 0.0673828 0.0634766 
0 0.0834961 0.0986328 0.0810547 0.0625 
0 0.275879 0.873047 0.0849609 0.0898438 
0 0.794922 0.331055 0.0546875 0.078125 
0 0.457031 0.779297 0.0898438 0.0664062 
0 0.0668945 0.324707 0.0947266 0.0751953 
0 0.632812 0.180664 0.105469 0.113281 
