0 0.977539 0.421387 0.0449219 0.0947266 
0 0.387207 0.430176 0.102539 0.0908203 
0 0.131348 0.495605 0.0732422 0.0751953 
0 0.285156 0.446289 0.0625 0.0566406 
0 0.68457 0.510742 0.078125 0.0683594 
0 0.683594 0.559082 0.0976562 0.0771484 
0 0.137207 0.30957 0.104492 0.0683594 
0 0.805176 0.645508 0.0556641 0.0683594 
0 0.74707 0.677246 0.0898438 0.0712891 
0 0.222168 0.38623 0.0791016 0.0986328 
0 0.723145 0.470703 0.0966797 0.0605469 
0 0.338379 0.978516 0.0693359 0.0429688 
0 0.160645 0.93457 0.114258 0.0605469 
0 0.117676 0.434082 0.0966797 0.0732422 
0 0.482422 0.533203 0.0761719 0.0703125 
0 0.544922 0.48877 0.0605469 0.0654297 
0 0.59375 0.572754 0.0957031 0.0673828 
0 0.475586 0.463867 0.0761719 0.0625 
0 0.895508 0.362793 0.0683594 0.0986328 
0 0.966797 0.818359 0.0664062 0.130859 
0 0.719727 0.327148 0.0957031 0.158203 
0 0.118652 0.792969 0.0751953 0.101562 
0 0.240234 0.886719 0.101562 0.0664062 
0 0.869141 0.494141 0.0859375 0.078125 
0 0.12793 0.584961 0.0722656 0.0761719 
0 0.828125 0.572266 0.078125 0.0625 
0 0.397949 0.303223 0.110352 0.106445 
0 0.757324 0.857422 0.0791016 0.105469 
0 0.851562 0.890625 0.0976562 0.0898438 
0 0.574219 0.290527 0.0898438 0.0966797 
0 0.22998 0.598145 0.137695 0.0634766 
0 0.410156 0.77002 0.09375 0.0869141 
