0 0.976562 0.524414 0.046875 0.09375 
0 0.378906 0.40918 0.167969 0.09375 
0 0.347656 0.888672 0.183594 0.105469 
0 0.0561523 0.0932617 0.112305 0.0927734 
0 0.647461 0.679688 0.0996094 0.107422 
0 0.0483398 0.501953 0.0966797 0.0898438 
0 0.617188 0.122559 0.0917969 0.0947266 
0 0.645996 0.42041 0.112305 0.0693359 
0 0.161621 0.402344 0.202148 0.101562 
0 0.300293 0.756836 0.165039 0.0976562 
0 0.486328 0.333008 0.0878906 0.0957031 
0 0.94873 0.0375977 0.0947266 0.0751953 
0 0.212402 0.67334 0.0908203 0.137695 
0 0.9375 0.131348 0.078125 0.104492 
0 0.779297 0.633789 0.175781 0.128906 
0 0.33252 0.235352 0.104492 0.0957031 
0 0.344727 0.607422 0.150391 0.113281 
0 0.774902 0.336914 0.0712891 0.0761719 
0 0.201172 0.582031 0.101562 0.109375 
