0 0.790039 0.131836 0.0683594 0.0410156 
0 0.791504 0.461426 0.0361328 0.125977 
0 0.676758 0.0239258 0.0917969 0.0478516 
0 0.48291 0.4375 0.166992 0.0761719 
0 0.765625 0.0532227 0.132812 0.0517578 
0 0.536133 0.151855 0.0292969 0.0869141 
0 0.644043 0.547852 0.0458984 0.0957031 
0 0.55957 0.46582 0.0585938 0.0546875 
0 0.743164 0.890137 0.0566406 0.0439453 
0 0.619629 0.666504 0.0439453 0.0537109 
0 0.277344 0.0283203 0.101562 0.0566406 
0 0.862305 0.35791 0.0917969 0.0556641 
0 0.641602 0.38623 0.0722656 0.0634766 
0 0.12793 0.0366211 0.0449219 0.0712891 
0 0.183105 0.968262 0.0751953 0.0634766 
0 0.148438 0.280273 0.0820312 0.0507812 
0 0.328125 0.661133 0.0898438 0.0605469 
0 0.462402 0.263184 0.0810547 0.0791016 
0 0.0898438 0.131348 0.0546875 0.0869141 
0 0.77832 0.669434 0.0546875 0.102539 
0 0.383301 0.558594 0.141602 0.0878906 
0 0.797852 0.548828 0.0761719 0.0917969 
0 0.242188 0.360352 0.0957031 0.0859375 
0 0.379395 0.361816 0.0693359 0.0693359 
0 0.328125 0.878906 0.0507812 0.0957031 
0 0.460938 0.142578 0.0644531 0.119141 
0 0.11377 0.0693359 0.0673828 0.0957031 
0 0.176758 0.907227 0.078125 0.0683594 
0 0.858398 0.761719 0.0820312 0.103516 
0 0.852539 0.511719 0.0683594 0.109375 
0 0.693848 0.675293 0.0908203 0.0615234 
0 0.166504 0.361816 0.106445 0.129883 
0 0.897461 0.424316 0.0722656 0.0849609 
0 0.823242 0.188965 0.0839844 0.0986328 
0 0.560059 0.744141 0.0908203 0.09375 
0 0.703125 0.469727 0.0820312 0.113281 
0 0.105469 0.588867 0.0683594 0.0976562 
0 0.621582 0.291016 0.0947266 0.140625 
0 0.693359 0.898438 0.113281 0.125 
