0 0.0390625 0.685547 0.078125 0.0351562 
0 0.974609 0.557617 0.0507812 0.0371094 
0 0.344727 0.797363 0.107422 0.0439453 
0 0.222656 0.594727 0.09375 0.0488281 
0 0.807129 0.544922 0.100586 0.0351562 
0 0.0424805 0.616211 0.0849609 0.0449219 
0 0.745605 0.589844 0.0810547 0.0507812 
0 0.708008 0.702148 0.0625 0.0410156 
0 0.777832 0.228027 0.0947266 0.0341797 
0 0.873047 0.26123 0.105469 0.0556641 
0 0.808594 0.603516 0.0664062 0.0429688 
0 0.107422 0.753906 0.0898438 0.0429688 
0 0.429199 0.858398 0.0517578 0.0488281 
0 0.486816 0.513672 0.0791016 0.0410156 
0 0.30127 0.507812 0.0830078 0.0410156 
0 0.131836 0.81543 0.111328 0.0449219 
0 0.483398 0.0366211 0.0957031 0.0419922 
0 0.732422 0.181641 0.078125 0.0429688 
0 0.134277 0.501953 0.0712891 0.0390625 
0 0.132324 0.176758 0.0947266 0.0449219 
0 0.159668 0.059082 0.0791016 0.0517578 
0 0.368652 0.470703 0.0908203 0.0507812 
0 0.515625 0.638672 0.154297 0.0410156 
0 0.726562 0.396973 0.0664062 0.0517578 
0 0.666016 0.0952148 0.105469 0.0400391 
0 0.811035 0.283203 0.0751953 0.0449219 
0 0.893555 0.633301 0.107422 0.0458984 
0 0.389648 0.937988 0.0742188 0.0498047 
0 0.205078 0.375488 0.0898438 0.0517578 
0 0.537109 0.153809 0.0390625 0.0595703 
0 0.556641 0.0883789 0.09375 0.0712891 
0 0.532227 0.382812 0.103516 0.046875 
0 0.931152 0.557129 0.0673828 0.0380859 
0 0.184082 0.426758 0.0751953 0.046875 
0 0.0693359 0.0859375 0.138672 0.0488281 
0 0.0449219 0.345703 0.0722656 0.0449219 
0 0.774902 0.353516 0.0751953 0.0585938 
0 0.848633 0.16748 0.0683594 0.0380859 
0 0.366211 0.0917969 0.117188 0.0605469 
0 0.0893555 0.269531 0.0810547 0.0605469 
0 0.434082 0.301758 0.0712891 0.0566406 
0 0.285156 0.325195 0.0664062 0.0996094 
0 0.739258 0.958984 0.0878906 0.0820312 
0 0.135742 0.442871 0.0917969 0.0673828 
