0 0.126465 0.582031 0.0771484 0.0839844 
0 0.207031 0.52002 0.0703125 0.0537109 
0 0.818848 0.546875 0.0732422 0.0664062 
0 0.194824 0.0175781 0.0869141 0.0351562 
0 0.435547 0.640625 0.0625 0.0585938 
0 0.293457 0.20459 0.0634766 0.0634766 
0 0.799316 0.166992 0.0576172 0.0585938 
0 0.894531 0.513184 0.0820312 0.0673828 
0 0.223633 0.187012 0.0761719 0.0830078 
0 0.859375 0.0615234 0.0585938 0.0644531 
0 0.9375 0.0854492 0.0664062 0.0771484 
0 0.10791 0.644531 0.0888672 0.0742188 
0 0.896484 0.124023 0.0722656 0.0644531 
0 0.130371 0.722168 0.0849609 0.0634766 
0 0.595703 0.433594 0.078125 0.130859 
0 0.195801 0.595703 0.104492 0.0703125 
0 0.42334 0.0708008 0.0673828 0.0732422 
0 0.484863 0.0795898 0.0712891 0.0576172 
0 0.700195 0.612793 0.0957031 0.0810547 
0 0.661133 0.44043 0.0722656 0.0839844 
0 0.443359 0.78418 0.0703125 0.0722656 
0 0.898438 0.949707 0.0703125 0.0791016 
0 0.427734 0.166992 0.0625 0.0625 
0 0.891602 0.414551 0.0878906 0.0927734 
0 0.956055 0.563477 0.0878906 0.0800781 
0 0.0864258 0.0791016 0.0810547 0.0878906 
0 0.0507812 0.527344 0.0859375 0.0742188 
0 0.691406 0.147461 0.0742188 0.0703125 
0 0.475098 0.697266 0.102539 0.0703125 
0 0.564941 0.493164 0.0849609 0.0976562 
