0 0.0317383 0.682617 0.0595703 0.0605469 
0 0.282227 0.297852 0.134766 0.0488281 
0 0.919922 0.687988 0.160156 0.110352 
0 0.649414 0.131348 0.0546875 0.0615234 
0 0.62207 0.81543 0.0996094 0.0683594 
0 0.743164 0.390137 0.154297 0.0830078 
0 0.332031 0.359375 0.214844 0.0664062 
0 0.112793 0.673828 0.106445 0.09375 
0 0.0400391 0.957031 0.0800781 0.0859375 
0 0.348145 0.647461 0.178711 0.0722656 
0 0.961914 0.788086 0.0761719 0.0683594 
0 0.90918 0.616211 0.177734 0.0839844 
0 0.308105 0.236816 0.137695 0.0634766 
0 0.55957 0.672852 0.0996094 0.0507812 
0 0.671875 0.921875 0.119141 0.0644531 
0 0.928711 0.361328 0.142578 0.0664062 
0 0.725586 0.243164 0.0644531 0.115234 
0 0.765625 0.458496 0.078125 0.0517578 
0 0.646484 0.74707 0.0664062 0.0605469 
0 0.782227 0.546875 0.142578 0.0585938 
0 0.302246 0.42041 0.0927734 0.0576172 
0 0.258789 0.875488 0.160156 0.0927734 
0 0.901367 0.23877 0.193359 0.0673828 
0 0.114258 0.408691 0.119141 0.0732422 
0 0.114258 0.87207 0.0820312 0.0644531 
0 0.663086 0.508789 0.0800781 0.0761719 
0 0.666504 0.365234 0.0908203 0.0664062 
0 0.186523 0.737793 0.0957031 0.104492 
