0 0.160645 0.0957031 0.0810547 0.0429688 
0 0.1875 0.193359 0.0625 0.0332031 
0 0.0439453 0.421387 0.0878906 0.0361328 
0 0.973145 0.819336 0.0400391 0.0371094 
0 0.981445 0.428223 0.0371094 0.0771484 
0 0.794922 0.961914 0.0820312 0.0449219 
0 0.371582 0.890625 0.120117 0.0351562 
0 0.636719 0.0532227 0.0429688 0.104492 
0 0.44043 0.742676 0.0761719 0.0419922 
0 0.492188 0.96875 0.0664062 0.0351562 
0 0.929688 0.132812 0.03125 0.0566406 
0 0.831055 0.743164 0.0410156 0.0507812 
0 0.750977 0.0185547 0.0449219 0.0371094 
0 0.673828 0.0693359 0.0585938 0.0566406 
0 0.364258 0.75293 0.0722656 0.0371094 
0 0.401367 0.855957 0.0566406 0.0537109 
0 0.181152 0.556641 0.0693359 0.0351562 
0 0.751953 0.765625 0.03125 0.0585938 
0 0.98291 0.30957 0.0341797 0.0722656 
0 0.98584 0.709961 0.0283203 0.0644531 
0 0.276855 0.807617 0.180664 0.0683594 
0 0.908203 0.767578 0.0273438 0.0546875 
0 0.884766 0.178711 0.0878906 0.0410156 
0 0.0942383 0.142578 0.110352 0.0449219 
0 0.672852 0.387207 0.0957031 0.0830078 
0 0.963867 0.734863 0.0644531 0.0439453 
0 0.119629 0.676758 0.0439453 0.0488281 
0 0.345215 0.383789 0.0693359 0.0585938 
0 0.427734 0.144043 0.0449219 0.0498047 
0 0.748047 0.312012 0.0507812 0.0595703 
0 0.245117 0.0507812 0.0761719 0.0546875 
0 0.36084 0.123047 0.0615234 0.0546875 
0 0.606445 0.76416 0.0410156 0.0673828 
0 0.584961 0.901855 0.0605469 0.0888672 
0 0.116211 0.599609 0.0449219 0.0429688 
0 0.316895 0.666016 0.0498047 0.0878906 
0 0.0356445 0.624512 0.0712891 0.0810547 
0 0.495117 0.745605 0.0410156 0.0673828 
0 0.404297 0.318359 0.105469 0.0625 
0 0.538086 0.27832 0.0683594 0.0800781 
0 0.256348 0.367676 0.0966797 0.0654297 
0 0.562012 0.447754 0.0634766 0.0771484 
0 0.0722656 0.340332 0.09375 0.0810547 
0 0.027832 0.046875 0.0556641 0.0839844 
0 0.837891 0.404297 0.0546875 0.0859375 
0 0.682617 0.929688 0.0566406 0.0859375 
0 0.839844 0.0961914 0.0507812 0.0810547 
0 0.227539 0.081543 0.0664062 0.0654297 
0 0.627441 0.148926 0.0478516 0.0693359 
