0 0.508301 0.685547 0.0712891 0.078125 
0 0.71875 0.639648 0.0761719 0.0996094 
0 0.891602 0.23877 0.0683594 0.116211 
0 0.705078 0.468262 0.0585938 0.0712891 
0 0.77002 0.140137 0.0791016 0.161133 
0 0.302246 0.791992 0.0693359 0.0996094 
0 0.970703 0.179688 0.0585938 0.117188 
0 0.925781 0.814453 0.0722656 0.0625 
0 0.621094 0.331055 0.0839844 0.0839844 
0 0.306641 0.0888672 0.103516 0.115234 
0 0.842773 0.763672 0.0644531 0.0625 
0 0.57666 0.770508 0.0771484 0.0722656 
0 0.113281 0.862305 0.0976562 0.0761719 
0 0.429199 0.667969 0.0693359 0.214844 
0 0.0297852 0.135254 0.0595703 0.0615234 
0 0.827148 0.891602 0.0761719 0.0761719 
