0 0.0185547 0.258789 0.0371094 0.126953 
0 0.450684 0.050293 0.0361328 0.0888672 
0 0.0629883 0.0952148 0.0654297 0.102539 
0 0.606934 0.504883 0.0341797 0.0566406 
0 0.280273 0.125488 0.0585938 0.0908203 
0 0.630859 0.469727 0.03125 0.0644531 
0 0.183105 0.391602 0.0380859 0.113281 
0 0.330078 0.665039 0.0410156 0.0722656 
0 0.522461 0.797852 0.0488281 0.0742188 
0 0.967773 0.770508 0.0410156 0.0683594 
0 0.568848 0.650391 0.0361328 0.0898438 
0 0.910156 0.111816 0.03125 0.0849609 
0 0.0419922 0.85791 0.0449219 0.118164 
0 0.194824 0.0522461 0.0537109 0.104492 
0 0.613281 0.115723 0.0292969 0.0849609 
0 0.0209961 0.983398 0.0419922 0.0332031 
0 0.723633 0.542969 0.0488281 0.162109 
0 0.386719 0.750488 0.0371094 0.0830078 
0 0.274902 0.452148 0.0380859 0.0996094 
0 0.275391 0.841797 0.0410156 0.0898438 
0 0.759766 0.475098 0.0351562 0.0888672 
0 0.321777 0.78125 0.0380859 0.09375 
0 0.891602 0.449219 0.0332031 0.0742188 
0 0.616699 0.043457 0.0302734 0.0830078 
0 0.794922 0.311035 0.0429688 0.125977 
0 0.494141 0.678223 0.0566406 0.133789 
0 0.546875 0.667969 0.0585938 0.117188 
0 0.400391 0.0844727 0.0390625 0.0849609 
0 0.341797 0.123535 0.046875 0.0791016 
0 0.754883 0.148438 0.0332031 0.0742188 
0 0.677734 0.410156 0.0429688 0.0703125 
0 0.15332 0.945312 0.0722656 0.109375 
0 0.297363 0.282227 0.0478516 0.0742188 
0 0.0703125 0.611328 0.0605469 0.164062 
0 0.136719 0.0454102 0.0839844 0.0908203 
0 0.190918 0.669922 0.0576172 0.0722656 
0 0.460938 0.258789 0.0585938 0.113281 
0 0.176758 0.833496 0.0546875 0.0771484 
0 0.880859 0.918945 0.0625 0.121094 
0 0.74707 0.817383 0.0410156 0.0722656 
0 0.548828 0.764648 0.0703125 0.134766 
0 0.137695 0.414062 0.0839844 0.115234 
0 0.105469 0.724609 0.0898438 0.0644531 
0 0.43457 0.916992 0.154297 0.130859 
0 0.429199 0.497559 0.0556641 0.0654297 
0 0.572754 0.236328 0.0458984 0.0800781 
0 0.145508 0.583984 0.109375 0.0878906 
0 0.490723 0.188965 0.0556641 0.0654297 
0 0.575684 0.446289 0.0478516 0.0761719 
0 0.509766 0.149902 0.0566406 0.0849609 
0 0.0439453 0.731445 0.0820312 0.103516 
