0 0.699707 0.134277 0.0634766 0.0908203 
0 0.526367 0.0566406 0.0664062 0.0664062 
0 0.579102 0.169922 0.0683594 0.0839844 
0 0.755859 0.32959 0.0839844 0.0732422 
0 0.833008 0.131348 0.0878906 0.0693359 
0 0.727539 0.976562 0.0957031 0.046875 
0 0.356934 0.0498047 0.0830078 0.0996094 
0 0.708008 0.634766 0.0878906 0.105469 
0 0.365723 0.769531 0.106445 0.101562 
0 0.110352 0.750488 0.0878906 0.0908203 
0 0.0751953 0.0761719 0.115234 0.113281 
0 0.963867 0.369629 0.0722656 0.0732422 
0 0.175781 0.322266 0.0976562 0.113281 
0 0.227051 0.631348 0.0947266 0.104492 
0 0.259277 0.740234 0.12207 0.128906 
