0 0.875 0.397461 0.046875 0.0566406 
0 0.374023 0.775391 0.0488281 0.0449219 
0 0.712891 0.690918 0.0429688 0.0615234 
0 0.791992 0.911133 0.0410156 0.0410156 
0 0.979492 0.114258 0.0410156 0.0566406 
0 0.899902 0.797852 0.0458984 0.0371094 
0 0.883301 0.263672 0.0498047 0.0449219 
0 0.734375 0.0839844 0.0664062 0.0644531 
0 0.0200195 0.762207 0.0400391 0.0537109 
0 0.767578 0.240234 0.0429688 0.0585938 
0 0.202148 0.16748 0.0488281 0.0615234 
0 0.41748 0.88623 0.0419922 0.0361328 
0 0.0366211 0.245605 0.0654297 0.0400391 
0 0.966797 0.600098 0.0390625 0.0654297 
0 0.643066 0.353027 0.0693359 0.0517578 
0 0.941406 0.090332 0.0625 0.0732422 
0 0.955078 0.768555 0.046875 0.0683594 
0 0.25 0.769531 0.0859375 0.0507812 
0 0.0678711 0.668945 0.0595703 0.0859375 
0 0.330078 0.0874023 0.0585938 0.0517578 
0 0.366699 0.0473633 0.0517578 0.0693359 
0 0.724609 0.258301 0.0371094 0.0751953 
0 0.513672 0.160156 0.0898438 0.0917969 
0 0.941895 0.166992 0.0732422 0.0996094 
0 0.436523 0.681641 0.0625 0.078125 
0 0.619141 0.382324 0.0742188 0.0517578 
0 0.571289 0.845215 0.0605469 0.0634766 
0 0.233398 0.243652 0.0546875 0.0634766 
