0 0.0703125 0.0751953 0.113281 0.0371094 
0 0.0722656 0.722168 0.0859375 0.0302734 
0 0.299316 0.661621 0.139648 0.0400391 
0 0.958496 0.512695 0.0400391 0.0996094 
0 0.96875 0.277832 0.0507812 0.0673828 
0 0.922852 0.957031 0.0898438 0.0351562 
0 0.043457 0.0146484 0.0869141 0.0292969 
0 0.519043 0.553711 0.0791016 0.0800781 
0 0.0283203 0.637695 0.0566406 0.0332031 
0 0.0507812 0.337402 0.101562 0.0498047 
0 0.569824 0.590332 0.100586 0.0537109 
0 0.120605 0.387207 0.114258 0.0380859 
0 0.805664 0.929688 0.0742188 0.0390625 
0 0.239746 0.925781 0.100586 0.0429688 
0 0.566895 0.0224609 0.118164 0.0371094 
0 0.474121 0.320312 0.0947266 0.0390625 
0 0.358887 0.976074 0.114258 0.0419922 
0 0.305176 0.823242 0.102539 0.0527344 
0 0.366211 0.385254 0.126953 0.0498047 
0 0.259766 0.887695 0.146484 0.0644531 
0 0.522461 0.312012 0.0917969 0.0615234 
0 0.897461 0.886719 0.119141 0.0507812 
0 0.234863 0.662109 0.104492 0.0722656 
0 0.761719 0.584961 0.0683594 0.0566406 
0 0.929688 0.336914 0.128906 0.0625 
0 0.289062 0.0727539 0.0898438 0.0693359 
0 0.580078 0.701172 0.0996094 0.0703125 
0 0.275391 0.607422 0.0800781 0.0585938 
0 0.855469 0.0834961 0.113281 0.0517578 
0 0.0664062 0.417969 0.130859 0.107422 
0 0.176758 0.0605469 0.0800781 0.121094 
0 0.283203 0.307617 0.160156 0.0566406 
0 0.0688477 0.553223 0.0927734 0.0458984 
0 0.463867 0.223145 0.0449219 0.0615234 
0 0.656738 0.144043 0.0869141 0.0517578 
0 0.947266 0.116699 0.0898438 0.0712891 
0 0.662109 0.457031 0.0976562 0.0546875 
0 0.896973 0.170898 0.131836 0.0957031 
0 0.421875 0.160156 0.128906 0.0859375 
0 0.957031 0.628418 0.0625 0.0634766 
0 0.0395508 0.129395 0.0693359 0.106445 
0 0.137207 0.939453 0.0712891 0.078125 
0 0.0986328 0.176758 0.0605469 0.0976562 
