0 0.96875 0.268066 0.0625 0.0966797 
0 0.675781 0.781738 0.0703125 0.0869141 
0 0.793945 0.758789 0.111328 0.0683594 
0 0.523926 0.537109 0.131836 0.0742188 
0 0.895996 0.719727 0.129883 0.0605469 
0 0.0996094 0.268555 0.117188 0.0761719 
0 0.770508 0.277344 0.0761719 0.109375 
0 0.822266 0.857422 0.101562 0.117188 
0 0.816406 0.167969 0.0722656 0.138672 
0 0.680176 0.567383 0.125977 0.0683594 
0 0.0576172 0.0473633 0.0566406 0.0947266 
0 0.330078 0.0517578 0.0644531 0.103516 
0 0.29541 0.246094 0.118164 0.152344 
