0 0.960449 0.431152 0.0791016 0.0888672 
0 0.328613 0.455078 0.0576172 0.0761719 
0 0.916992 0.714844 0.107422 0.0625 
0 0.511719 0.563477 0.0625 0.0644531 
0 0.821289 0.214355 0.0683594 0.0927734 
0 0.55957 0.680176 0.0644531 0.0712891 
0 0.557129 0.619141 0.124023 0.0625 
0 0.0205078 0.314941 0.0410156 0.0537109 
0 0.450195 0.707031 0.0566406 0.0585938 
0 0.234863 0.125 0.0556641 0.0859375 
0 0.516602 0.872559 0.101562 0.0576172 
0 0.959473 0.0791016 0.0810547 0.121094 
0 0.688477 0.614258 0.0605469 0.0878906 
0 0.195801 0.311523 0.0673828 0.0683594 
0 0.350586 0.756348 0.0761719 0.0654297 
0 0.22168 0.666992 0.123047 0.0683594 
0 0.585938 0.117188 0.0625 0.0957031 
0 0.80127 0.065918 0.0517578 0.0869141 
0 0.945312 0.933105 0.0976562 0.0791016 
0 0.389648 0.290527 0.0566406 0.0908203 
0 0.174316 0.553223 0.0673828 0.112305 
0 0.489258 0.288574 0.0722656 0.0576172 
0 0.925293 0.632812 0.0771484 0.0625 
0 0.319824 0.342773 0.0673828 0.0761719 
