0 0.811523 0.561523 0.0800781 0.0683594 
0 0.191406 0.649414 0.09375 0.0761719 
0 0.0830078 0.978027 0.0996094 0.0439453 
0 0.895508 0.773438 0.134766 0.0410156 
0 0.881836 0.828125 0.0761719 0.046875 
0 0.208984 0.983398 0.132812 0.0332031 
0 0.570312 0.450684 0.0703125 0.0556641 
0 0.799805 0.473633 0.134766 0.0957031 
0 0.265625 0.162109 0.160156 0.0488281 
0 0.665039 0.914551 0.130859 0.0537109 
0 0.745605 0.406738 0.104492 0.0498047 
0 0.757812 0.755859 0.132812 0.0664062 
0 0.241211 0.750977 0.111328 0.0488281 
0 0.354004 0.219238 0.0810547 0.0458984 
0 0.349121 0.788086 0.114258 0.0722656 
0 0.410645 0.542969 0.100586 0.0429688 
0 0.129883 0.0439453 0.138672 0.0878906 
0 0.573242 0.361328 0.140625 0.046875 
0 0.965332 0.432617 0.0693359 0.117188 
0 0.575195 0.527832 0.111328 0.0478516 
0 0.046875 0.0541992 0.09375 0.0830078 
0 0.694336 0.276367 0.134766 0.0917969 
0 0.530273 0.764648 0.0683594 0.0605469 
0 0.665527 0.748535 0.0537109 0.0595703 
0 0.254883 0.541992 0.119141 0.0605469 
0 0.124512 0.0820312 0.0986328 0.0742188 
0 0.470215 0.316406 0.0576172 0.115234 
0 0.731445 0.346191 0.0996094 0.0869141 
0 0.954102 0.737793 0.0898438 0.0830078 
0 0.544922 0.680664 0.103516 0.0644531 
0 0.628906 0.478516 0.0683594 0.0898438 
0 0.454102 0.426758 0.103516 0.0644531 
0 0.265625 0.318848 0.0976562 0.0791016 
0 0.115723 0.399414 0.0888672 0.0761719 
