0 0.842773 0.503906 0.138672 0.0390625 
0 0.463867 0.98584 0.0878906 0.0283203 
0 0.827148 0.984863 0.123047 0.0302734 
0 0.963867 0.0180664 0.0644531 0.0361328 
0 0.427734 0.34082 0.0742188 0.0566406 
0 0.202148 0.233398 0.158203 0.0410156 
0 0.416504 0.841797 0.147461 0.0566406 
0 0.0629883 0.255371 0.124023 0.0498047 
0 0.601562 0.375977 0.103516 0.0449219 
0 0.508301 0.47998 0.176758 0.0458984 
0 0.050293 0.0229492 0.100586 0.0458984 
0 0.969727 0.480469 0.0605469 0.046875 
0 0.849121 0.931641 0.15332 0.0507812 
0 0.672852 0.505371 0.0957031 0.0439453 
0 0.428711 0.522461 0.111328 0.0410156 
0 0.774414 0.703125 0.121094 0.046875 
0 0.78418 0.019043 0.0566406 0.0380859 
0 0.0571289 0.746094 0.114258 0.046875 
0 0.445312 0.375488 0.107422 0.0439453 
0 0.668945 0.753906 0.0957031 0.0390625 
0 0.507812 0.431641 0.0625 0.0546875 
0 0.941406 0.551758 0.046875 0.0449219 
0 0.611328 0.448242 0.117188 0.0507812 
0 0.0727539 0.105469 0.143555 0.0722656 
0 0.237793 0.776367 0.0732422 0.0683594 
0 0.267578 0.486816 0.144531 0.0634766 
0 0.688477 0.205078 0.0625 0.0742188 
0 0.680664 0.649414 0.169922 0.0410156 
0 0.639648 0.686523 0.123047 0.0488281 
0 0.179199 0.120605 0.104492 0.0673828 
0 0.306152 0.37793 0.124023 0.0527344 
0 0.370117 0.713867 0.0957031 0.0644531 
0 0.683594 0.320312 0.125 0.0703125 
0 0.894531 0.097168 0.0390625 0.0615234 
0 0.111328 0.670898 0.0878906 0.0527344 
0 0.912109 0.597656 0.0976562 0.0703125 
0 0.22998 0.851562 0.118164 0.0722656 
0 0.255371 0.0732422 0.102539 0.09375 
0 0.868164 0.0322266 0.0957031 0.0644531 
0 0.464355 0.673828 0.0869141 0.0546875 
0 0.519043 0.29834 0.0888672 0.116211 
0 0.640625 0.34668 0.0742188 0.0839844 
0 0.530762 0.861816 0.12207 0.12793 
0 0.102051 0.551758 0.0966797 0.125 
0 0.540039 0.15918 0.103516 0.105469 
