0 0.155762 0.478027 0.0830078 0.112305 
0 0.419922 0.484375 0.0839844 0.0703125 
0 0.364258 0.47998 0.0664062 0.0908203 
0 0.529297 0.512695 0.0917969 0.0878906 
0 0.292969 0.463867 0.0566406 0.0683594 
0 0.416992 0.979492 0.0878906 0.0410156 
0 0.589355 0.546875 0.0712891 0.0878906 
0 0.480957 0.970703 0.0693359 0.0585938 
0 0.220215 0.541992 0.0673828 0.0585938 
0 0.662109 0.943848 0.0664062 0.0751953 
0 0.474609 0.426758 0.0703125 0.0800781 
0 0.271484 0.513672 0.0742188 0.078125 
0 0.274414 0.982422 0.0722656 0.0351562 
0 0.0419922 0.919434 0.0605469 0.0556641 
0 0.42334 0.567383 0.0791016 0.0683594 
0 0.0673828 0.479004 0.0761719 0.0810547 
0 0.701172 0.678711 0.0703125 0.0683594 
0 0.972656 0.823242 0.0546875 0.105469 
0 0.0541992 0.399414 0.0693359 0.0683594 
0 0.553711 0.343262 0.0742188 0.0673828 
0 0.497559 0.833496 0.0634766 0.0556641 
0 0.580078 0.825684 0.0859375 0.0986328 
0 0.332031 0.943359 0.0664062 0.0976562 
0 0.0556641 0.972168 0.0722656 0.0556641 
0 0.059082 0.846191 0.0712891 0.0615234 
0 0.838867 0.526367 0.0878906 0.0878906 
0 0.727539 0.952148 0.0917969 0.0957031 
0 0.681641 0.836914 0.0761719 0.0683594 
0 0.540039 0.60498 0.078125 0.102539 
