0 0.394531 0.613281 0.0664062 0.0644531 
0 0.328613 0.787109 0.0712891 0.0703125 
0 0.209473 0.65625 0.0751953 0.0820312 
0 0.52832 0.270996 0.0839844 0.0673828 
0 0.732422 0.0517578 0.0761719 0.0722656 
0 0.725586 0.805664 0.0839844 0.0605469 
0 0.695312 0.140137 0.117188 0.0634766 
0 0.611328 0.83252 0.0742188 0.0732422 
0 0.0244141 0.516113 0.0488281 0.0537109 
0 0.716797 0.634766 0.0859375 0.0976562 
0 0.131836 0.627441 0.0703125 0.0732422 
0 0.034668 0.382812 0.0654297 0.0820312 
0 0.522461 0.410156 0.0644531 0.0625 
0 0.624023 0.353516 0.0878906 0.0839844 
0 0.606445 0.974609 0.0800781 0.0507812 
0 0.969238 0.575195 0.0615234 0.0644531 
0 0.108398 0.51709 0.0722656 0.0654297 
0 0.94043 0.819824 0.117188 0.0712891 
0 0.930664 0.287109 0.119141 0.0820312 
0 0.0200195 0.0361328 0.0400391 0.0722656 
