0 0.380859 0.310059 0.0800781 0.0498047 
0 0.0761719 0.851562 0.0585938 0.0390625 
0 0.593262 0.265137 0.0498047 0.0341797 
0 0.704102 0.59668 0.0566406 0.0371094 
0 0.661133 0.609375 0.0800781 0.0429688 
0 0.951172 0.523438 0.046875 0.0351562 
0 0.837891 0.13916 0.0800781 0.0498047 
0 0.16748 0.406738 0.0908203 0.0439453 
0 0.0209961 0.785156 0.0419922 0.0625 
0 0.291992 0.786133 0.107422 0.0449219 
0 0.489258 0.619141 0.0761719 0.0429688 
0 0.0849609 0.537109 0.136719 0.0625 
0 0.226074 0.879395 0.0986328 0.0458984 
0 0.396973 0.790527 0.0771484 0.0380859 
0 0.412598 0.87207 0.0986328 0.0605469 
0 0.889648 0.861328 0.123047 0.0488281 
0 0.0961914 0.69043 0.0556641 0.0761719 
0 0.164062 0.294922 0.0800781 0.0566406 
0 0.947266 0.185059 0.0898438 0.0693359 
0 0.360352 0.074707 0.115234 0.0791016 
0 0.0771484 0.0961914 0.0996094 0.0595703 
0 0.695312 0.142578 0.0820312 0.0527344 
0 0.592773 0.977539 0.0957031 0.0449219 
0 0.145508 0.189941 0.0664062 0.0576172 
0 0.916992 0.610352 0.0488281 0.0332031 
0 0.26709 0.138184 0.124023 0.0615234 
0 0.696289 0.495117 0.0722656 0.0742188 
0 0.910156 0.10791 0.0703125 0.0615234 
0 0.293945 0.113281 0.103516 0.0820312 
0 0.192871 0.171875 0.0693359 0.0996094 
0 0.555664 0.162109 0.126953 0.0742188 
0 0.492188 0.485352 0.117188 0.0859375 
0 0.678711 0.0776367 0.078125 0.0712891 
0 0.532227 0.366211 0.078125 0.0976562 
