0 0.319336 0.059082 0.0820312 0.0693359 
0 0.575195 0.46875 0.134766 0.0527344 
0 0.677734 0.242676 0.105469 0.0615234 
0 0.381836 0.541016 0.0664062 0.0761719 
0 0.521484 0.21582 0.0664062 0.119141 
0 0.573242 0.770508 0.0761719 0.0820312 
0 0.716309 0.45166 0.0615234 0.0869141 
0 0.29541 0.501953 0.0986328 0.0703125 
0 0.169922 0.902344 0.0546875 0.0507812 
0 0.827148 0.692871 0.0839844 0.0537109 
0 0.882812 0.241211 0.125 0.0761719 
0 0.428223 0.277832 0.0771484 0.124023 
0 0.112793 0.074707 0.0771484 0.0927734 
0 0.770508 0.281738 0.0800781 0.129883 
0 0.290039 0.321289 0.0722656 0.119141 
0 0.109863 0.267578 0.104492 0.117188 
0 0.764648 0.583008 0.0839844 0.0722656 
0 0.930664 0.794922 0.09375 0.0976562 
