0 0.82666 0.0185547 0.110352 0.0371094 
0 0.919922 0.413574 0.0585938 0.0517578 
0 0.027832 0.569336 0.0556641 0.0839844 
0 0.430664 0.774414 0.0566406 0.0800781 
0 0.64209 0.379883 0.0849609 0.0683594 
0 0.950195 0.514648 0.0996094 0.0703125 
0 0.89502 0.516602 0.100586 0.0820312 
0 0.563477 0.262207 0.0566406 0.0927734 
0 0.132812 0.835938 0.0605469 0.0527344 
0 0.36377 0.182617 0.0654297 0.0996094 
0 0.0415039 0.654297 0.0830078 0.0644531 
0 0.799805 0.920898 0.134766 0.0605469 
0 0.368164 0.77832 0.0839844 0.0488281 
0 0.714355 0.792969 0.120117 0.0527344 
0 0.420898 0.32959 0.111328 0.0576172 
0 0.40918 0.882812 0.0957031 0.0898438 
0 0.956055 0.701172 0.0878906 0.0507812 
0 0.0683594 0.869629 0.0605469 0.0615234 
0 0.411133 0.407715 0.0644531 0.124023 
0 0.971191 0.949219 0.0556641 0.0625 
0 0.019043 0.958008 0.0380859 0.0839844 
0 0.910156 0.887695 0.0859375 0.0585938 
0 0.944336 0.180176 0.109375 0.0849609 
0 0.933594 0.633301 0.0898438 0.0732422 
0 0.327637 0.96875 0.108398 0.0625 
